0,1,2,3,4,5,6,7,8,9,10,11,12,13,14,15,16,17,18,19,20,21,22,23,24,25,26,27,28,29,30,31,32,33,34,35,36,37,38,39,40,41,42,43,44,45,46,47,48,49,50,51,52,53,54,55,56,57,58,59,60,61,62,63,64,65,66,67,68,69,70,71,72,73,74,75,76,77,78,79,80,81,82,83,84,85,86,87,88,89,90,91,92,93,94,95,96,97,98,99
0.0,172.53938228389882,148.8063306245594,161.44615063796516,176.01399090905085,154.36099004144455,140.51399664058414,160.04972556987104,169.35124824713864,137.35359108226368,152.90428351962302,173.9024825980758,171.6077085044582,162.50106114260524,144.35232858607446,141.8361734978093,178.6761670552819,147.3679530423628,172.45390280934404,121.81857417391858,149.8722009120267,157.92001824792573,141.75363462447876,165.9446819315288,135.07410804575983,172.7141627689584,151.02773122182865,153.25226207090077,146.24065582954566,162.34684805522474,140.66844990816298,142.04308870808686,124.9810086963401,166.8314069934343,156.92748583647773,147.797481286131,154.06420116644912,118.21270016993476,154.45153364394096,154.8151984780722,151.4256132675274,155.40709138242494,149.4907091195688,143.46137766550726,151.66603503998277,140.54157683840634,153.69876719216737,138.80944476671374,133.40359480916698,143.6653908297143,133.4304521536189,169.1846665699627,178.31226458338017,170.8232542108238,180.36707570709655,145.8841034808425,160.63873673382832,170.9005495559453,169.63904400212698,150.36892290449137,164.21614286870266,185.1463149644308,185.1605126433707,175.5251097858806,157.87252371783578,157.6459024775112,140.24520498797574,186.72563668504608,185.9043859021456,165.03902010027974,141.8657599304608,163.78916803395987,171.46074569275305,174.12617191772358,182.7233394235285,175.51134459107277,146.6628703060981,163.9181526309299,155.19692950422194,142.117490114348,171.69284891340567,151.7379530811327,153.15563227785248,166.95141563780035,151.77069678080386,153.25628758601658,141.5369270824322,157.94843259703362,128.43466625281584,160.35594162917428,161.39148653792998,158.57066356214028,189.7785393297802,160.7200333064232,168.96323643345545,148.45559667181232,140.10089525233946,138.5197875643733,129.18752563986186,139.27692048879732
172.53938228389882,0.0,93.79063475098576,92.5910930946151,79.98520841858738,108.37634016127194,125.5366704580469,84.20673401158973,92.86437939321276,142.63639239467102,154.8480502438187,144.40503490203747,148.6895003929377,130.75174978899915,131.2025897658348,118.27403057950022,141.70239469395204,116.52382084435052,143.71716783703175,144.829434804607,133.39374052790276,146.58161532228377,128.23979435257948,134.28502994011018,149.8561925219765,135.7070017566879,129.78610818289974,130.8669977727757,132.93188456832232,136.9425744940962,173.63347381829567,144.87797202833934,152.9027524232182,130.75094201686028,132.0307722228667,160.82743284436856,134.55872049184296,160.7895003955219,122.40854763435188,148.87361770395603,134.6003241838289,162.1752605053976,136.8997247265968,153.89802241283985,143.31327654794805,159.41422201437956,143.67312522637047,146.0756084742855,159.860227764216,147.39294475119283,157.0559667108082,79.86920190208565,103.64420900441309,96.29871528637958,105.80313053273608,97.07045092954208,82.68436940435616,83.00897625247087,133.42493539208604,168.8098889341287,158.6792132974346,140.86025108580117,121.59523412812077,143.25924132007628,131.20566443061466,131.4986341883557,136.94035073505594,136.04882490820506,121.13578153964718,124.00292240927308,125.90097222918509,133.8644969638932,126.67902483762232,136.16762976250396,145.24361103457323,134.64003097219785,138.49671292277517,126.33555163236592,176.60440404712108,148.1702586140711,131.5968439812073,139.13099761211237,154.39726580356793,131.8870785615076,135.51343108131186,134.09645324565565,135.58511178999223,126.6737005448066,143.8557523139326,133.30737361044044,148.73252172978653,145.9197833788815,121.6214857196506,145.61889662965032,126.06226525229206,158.16878023626208,154.70708509549615,142.1568617056027,157.6461971260313,144.8231691888243
148.8063306245594,93.79063475098576,0.0,130.97257110110155,104.71547263424702,65.77879215276394,121.179767790255,92.43811231625251,81.33788799117715,146.60860642343,142.65781325038805,134.16449760766497,133.7508700557821,124.25485700179976,122.05308703626012,125.4783449701439,156.22495387170986,108.24377750932854,127.37366677957482,123.81047389853902,121.23098443281802,140.5876980585625,130.37718765244807,134.2129085482809,158.18839506443786,125.52778492522869,121.4199260221464,123.5384736251721,111.88971187757328,119.98793469369464,167.09957239244335,152.95797356113854,167.8039040643314,127.70683901384427,122.3791567269698,129.93329408523462,123.98279598784676,162.81886580092998,126.03325506025556,139.63582617555238,150.96976408427105,160.1761554182943,166.6433229908818,153.6723885688809,163.85826128081754,145.56447214882598,144.08144194997138,136.45185702084382,125.48823505685829,141.90922159826712,152.3600801014996,80.40894712851309,122.14771303973356,124.60655779590698,77.22987682644583,66.45664218470127,86.89800068257597,87.23791679925851,146.87404429064196,150.9112952577413,147.65772882350933,141.1213182694361,118.71147748356384,136.87019043200195,126.68935252505244,119.80276945529488,134.84095459679975,135.33771412733876,128.11740652835462,115.96254545755087,114.90537935625233,153.41891585617498,120.12549764901672,148.02105271263983,144.46026536197255,143.84940151118815,113.62055150927829,123.221429209304,178.29980997310875,162.0162363506401,140.69174397729893,150.01535817307888,166.86160563116667,148.57304057803634,135.54118451130483,140.26697243986015,126.1795053959716,126.94402647583868,128.3372994751238,149.29243622798705,165.99301961780026,158.25087973920645,143.27445421840434,155.5618224068496,155.44366021841623,164.25169263459594,176.41907648311545,145.70377996038962,127.28843861043372,139.61253742649734
161.44615063796516,92.5910930946151,130.97257110110155,0.0,78.54757980626658,130.3128578113889,119.42133127303634,104.013443725996,115.430020869001,129.06489596730506,155.89387088016514,154.75562142986072,142.0809374841675,142.05959841259454,144.37855304921186,125.25243044764778,158.74584003065596,128.26887652270298,156.42623311063946,153.76519769965353,127.40767769228904,136.05209313907034,130.1355805746063,153.44411343553756,151.7511682913986,147.41192445816006,147.24402813340072,161.68935776210458,135.52952946863456,150.13213352266382,181.61709505366653,149.46302962576758,142.592413681314,135.36319994753404,142.18432669422592,169.0984895131507,150.19172823935588,151.90476526073132,156.98822635339695,176.33815369649068,121.43060250247544,141.04025695738284,126.2161901944296,154.62281759993624,135.10711519920017,155.47987151950844,128.65270519174845,136.35122810014013,151.79673669081592,137.07445289007447,179.10030996158466,119.33481334767112,122.21043841090705,84.46741858514531,127.92552751807256,132.43493203550094,113.3731410605058,115.06546338427268,157.09107146377625,163.88370411042166,148.37513846360383,147.64046571385285,122.10239671305058,154.71450561505213,142.08474554226382,136.14955447774483,150.6544693977999,150.01166858113538,146.2227850961366,142.43951724879884,143.29061981941123,148.17948768182117,150.7629058522626,162.39843649466522,152.7974063348861,137.3922634490247,157.1709389142422,138.4058147102992,182.63554948300663,166.93018480899886,152.3334467275438,133.73746414879952,151.39831293421062,144.35638099940013,153.58933526219107,139.46131005747026,142.29018406807242,143.184877325303,158.8398609233941,141.39181261698968,162.345433866118,166.3761109549103,141.48781440018962,143.42694065931283,129.83197457362297,163.46016816976308,147.19261330469288,157.91471233156545,154.9509307247177,137.84181663524416
176.01399090905085,79.98520841858738,104.71547263424702,78.54757980626658,0.0,113.8391814521822,121.1192238272112,80.84922134545081,93.78618702555232,151.1933418401016,159.42475766802687,155.9006681763346,152.52143259953556,137.73588390156857,136.20756454552645,135.63465787728435,154.83803971994368,118.33592701288396,145.0078202860297,142.92158352832303,127.15235676974926,143.29339824595195,140.16901783437982,143.96381364485163,164.45289219618456,141.37110644830778,137.4782582298005,130.49685651182642,126.5656293173526,134.981406699388,179.32069281299732,148.4422832774837,156.88116496768015,125.63286955249453,129.1869203884102,156.183499491423,137.43775839716636,168.47388417466783,145.9477859715155,163.3263609191687,133.9523951571962,158.717905225269,140.28895656766196,155.92371603361687,144.21545724582535,157.55493334820665,137.41799595021246,144.79914983847516,149.0237027653388,142.5392123238619,162.55258724236302,90.03842392369931,108.78879717436556,86.31254366800958,99.46486860848074,97.31362488856148,84.76551190954478,78.91845005143175,138.09997469810554,176.1406035517517,160.63356585470245,138.5183180576164,123.1369833167333,149.79409720929664,134.01806835520412,129.24624230761006,126.19928273130132,143.25448249786004,127.21970983735454,118.1617068593302,126.1006645120358,142.20597934323698,123.9059058356102,146.82745775920932,150.7582174535699,144.94037601831934,132.30117427112572,135.13902645615752,183.54074188223,155.08994499024965,137.80061249785177,133.32504596370228,156.044980139112,140.36017635837396,132.13684762604842,133.07167308643687,131.2136297810494,136.8307954158235,139.77652061631125,137.46322305924423,150.79196359003683,149.19491279267615,131.12025253785131,149.39220751374685,135.82714679178622,163.99422512046897,154.88514342126211,140.15626932192313,148.86023551608855,134.65745559102731
154.36099004144455,108.37634016127194,65.77879215276394,130.3128578113889,113.8391814521822,0.0,118.87130884781448,109.00912277128565,73.68898959091999,148.20436691592857,145.65434043464836,125.18503395188488,134.1225873314698,119.7754465400168,123.14562853396316,128.70345749372242,146.9752496987427,114.0337761705777,118.3743374217317,135.29235641846083,126.17385480689065,130.31717747471913,133.9585907032257,139.83125041905078,153.4916941697603,124.5615958630908,126.7673675995229,124.49388106651128,113.1550000356182,118.1509645878334,165.51957462927192,141.37104459128437,162.23147208603962,122.04977100590249,128.90791561962882,135.4995245038484,142.27263189677603,169.17424731023516,137.86443523301187,143.89991772468255,147.65037819429818,144.62017322803098,168.8126653004129,168.0241854319765,176.72667047240776,148.12500125465112,141.406088307776,137.86911593154753,119.80928640821298,144.14236494448448,149.0222821691027,91.08996346190378,121.72319384704292,123.06484568383794,66.42488459156736,71.52587756285817,102.36814221019888,99.25161042585636,137.406061648744,145.7278894582293,146.79711795450254,138.4796007770692,118.27531273463867,132.718830216956,128.41592142924003,118.33427994885768,136.25550913360902,135.6042680521208,134.05534833306135,112.919177165604,122.24950270542622,163.45244035994375,118.56147008596606,161.63524630372234,149.7141037069868,144.87087219330712,121.32767557990104,129.74493685963853,188.52216982036555,164.23190594917963,147.5770165083167,153.86863062939852,177.70686235446317,159.49396368382816,154.83068785000947,150.55485349149723,144.57691659658235,136.6527468571275,143.6714595738842,161.35406347423998,163.437732349759,160.3961421510001,146.4149948309099,160.0520033571274,158.2057979350331,176.62046478109875,185.19130965951285,162.9287954521062,127.87583062645692,155.0465338855243
140.51399664058414,125.5366704580469,121.179767790255,119.42133127303634,121.1192238272112,118.87130884781448,0.0,123.7627104950612,119.27965373059736,114.00391857484786,155.77198556465223,144.34551684772202,124.31709360036288,138.34560779555625,116.28767054827976,99.01763769785644,135.61795951044138,97.64009210599264,127.6507641905194,123.56561239321712,99.90285145824022,118.58749526573908,101.79404397997313,114.78621326256624,139.00214882978253,136.45705784182582,140.62141835120943,125.25329863010028,109.99933931404468,124.33797581592891,174.9353406428558,131.05143615850977,133.26842750108,118.74681523191629,139.23102243801148,156.87879202816475,150.50964136878588,138.57640294567526,134.92802149400163,128.9780755691787,143.96537688521585,176.63143088009593,162.23093076208616,154.0855151123023,170.1273144361157,145.74740476107556,146.23035921737747,134.36004419778675,149.84545727047268,154.52707932075126,162.67707625314074,133.9595561909227,144.8918333265623,136.60429602819892,123.1368131072548,124.70844427061712,130.29421104208402,123.17845902331165,155.27537307407556,141.63566914375946,116.9927656210626,139.57260826393937,129.64154058433834,157.89180717235658,135.6868394657228,120.1643150926891,115.91959787012772,122.46847980147186,134.57960221570823,113.6022614938618,105.40540781910651,151.71231508151982,124.18578209767249,132.62575300403236,125.70266347572294,123.73901117921667,106.36027641702304,101.91077068823448,181.75140784768436,163.57520684158675,132.90345784168375,164.40076637356935,181.00728094997467,159.8946499284045,149.22849664907633,162.82078137800755,148.96159095700503,144.22380474639317,136.02459573908152,150.7212956403447,174.06857912317443,171.60251951577573,144.15577198673708,150.19580805499612,150.0812260068711,179.72844047908643,171.90170560740052,168.22791220408803,150.5364145448282,156.93209515508866
160.04972556987104,84.20673401158973,92.43811231625251,104.013443725996,80.84922134545081,109.00912277128565,123.7627104950612,0.0,94.882438560013,140.1203907782495,156.9767376706091,161.36321962448693,144.06970147125645,151.2014686793554,134.4937422464131,125.33853703003145,170.24070014207445,98.9171196530197,149.2015284814212,137.72757756514943,130.8397308747028,141.95302660206033,118.28435868464024,141.92520737490918,151.64225690900696,143.727517622976,135.74561023032197,128.2506910823952,117.74445911255724,138.2697706452486,167.70384235636138,139.04770944095156,162.3260977829055,130.58660044332777,126.73565464153393,143.51215148247485,125.51506882910124,157.79420839670132,129.0261454860638,152.30674634136423,139.11131128748934,163.09997351231883,139.4476405510561,147.96350120448648,143.92329998325974,151.9097952119699,144.22432379425334,150.05699503948114,141.51509682615796,139.91451921015482,153.15453464741145,82.90246019797169,118.07495109968644,119.69397271874232,97.52577063036362,99.75779284823592,65.56249595793513,64.88519559867127,165.18209472592457,177.1201624177022,156.4764283795047,155.58181962439136,133.03863535965309,166.9016216199634,143.9946136757206,139.00581549721662,136.492617389506,155.6066131272271,143.28241333518116,117.50268421615756,123.69856472936884,149.50160209809718,129.13306440613965,151.7756567106671,154.4553697942669,142.81911278708424,132.38756674305944,131.25435991401037,173.66654218189285,151.98253673665528,131.89074446337085,150.6291291875803,151.93979091037485,157.5281479141796,125.30486794753614,141.9129190225645,126.97278039250644,134.60175436816684,130.02474094307985,142.3508944029869,166.13838442829356,158.0087233595316,146.75706512666142,150.00477301609905,132.88737484307495,158.80588020242698,158.60013394772588,152.34641688969668,140.6561722436923,139.94242301569466
169.35124824713864,92.86437939321276,81.33788799117715,115.430020869001,93.78618702555232,73.68898959091999,119.27965373059736,94.882438560013,0.0,150.91769221317048,155.6407336016211,126.71480603824672,136.51957945819308,120.80217584105456,122.2817205476868,134.02655582393172,144.17456451172026,109.61392197021128,128.37531106548528,131.8239531610882,115.08123467541174,132.4870082736405,130.78926658079894,127.41927813357242,151.36841228502405,124.76522362430714,124.83059949410594,127.02683564286136,102.99063697729426,119.75890570351554,179.81261688091698,151.40252802406675,152.11354944610991,110.4123257105027,120.60251155460408,124.04298246355629,123.19520660094248,171.75615578733212,129.16985286297472,144.44184602397095,135.25759064908607,151.93289484838473,156.87946412600343,155.52903394900443,163.8098742307775,157.39856200940432,132.83306947641,144.02295161559687,132.9242427895948,128.47166632617547,163.97541471512852,77.76705473116078,115.9307121058676,107.50777852400888,69.78768220220363,76.05271595688362,88.77562133831512,67.39884481426922,137.5205740505897,153.2941151005782,141.0681705390934,139.33850513779598,118.7728714880072,130.48579561937552,120.08173487392,117.81702579373857,132.9155707680327,127.60581598382508,118.52307127388208,107.6055510300736,113.86128295188982,145.37642500103664,122.97054140998304,145.56465269812355,139.17976537296823,132.9952883892366,120.68246008490236,129.6907339213405,188.35104840171385,166.6228153813002,125.65997712583274,137.2970617913312,167.16707098314396,139.4740289254459,134.34342136171148,140.61606373892155,122.61699417732238,128.12821220403274,128.70808510020436,138.82345707831115,156.43026034003304,151.37040027439673,140.57663410382008,157.74547001679,148.2940676957195,162.7385823573088,170.9713952858259,155.6728553877615,139.27910261769952,141.63855584688673
137.35359108226368,142.63639239467102,146.60860642343,129.06489596730506,151.1933418401016,148.20436691592857,114.00391857484786,140.1203907782495,150.91769221317048,0.0,153.69755036191236,150.80395529516178,128.24749121588752,150.6921656451599,136.86784521662014,101.44914476139849,141.72380111060323,135.71671496391525,149.61300516779045,140.32972736320082,125.2114510339556,124.2646893017421,108.93097454441676,119.5472278716405,106.26111388778908,143.4645858942202,158.2770810875265,152.54859655992226,140.43709189599664,149.24349380924247,149.9942445025619,131.40040723855304,103.6882730274479,135.48259840423998,148.45616401015138,165.7677350576339,154.35633306373592,97.89588471419644,145.39018535895207,151.4528615165299,154.53908212834975,175.85148725299587,156.11364722208492,136.9725389469628,157.02791883395992,155.8654161818609,163.2393886387698,144.62929806242744,164.54124547176377,162.4826127666388,168.6160430558338,157.8924053276262,171.90687347576372,158.07285240642625,148.5419519465622,150.16776784906082,159.73081390448746,140.12183812658907,161.23678334234808,129.02922923456754,98.34242107947036,154.36686315368456,155.81813789576788,166.52086312175905,147.49396673830154,144.17441669370123,161.76386137896608,144.47317467678738,163.19144915863683,151.75260447374984,145.30865557969588,159.03451682001165,165.82903914983737,148.12670553947663,125.99130459167608,110.06628218845384,139.1843516551196,120.5573892598472,163.5185483706016,173.1446404838995,142.68817265241546,172.2363588539493,163.42374232568628,162.74460755678103,159.54769694358748,170.68294894635096,155.80897090694805,147.39209701450423,157.3086396135707,152.58260756998496,180.38743748163157,183.33882021702908,154.38019427938605,149.5955928135427,149.85078696707183,163.9723118650549,166.18408350629124,172.03312513099678,160.4073898455864,161.303748967206
152.90428351962302,154.8480502438187,142.65781325038805,155.89387088016514,159.42475766802687,145.65434043464836,155.77198556465223,156.9767376706091,155.6407336016211,153.69755036191236,0.0,106.77805764903532,129.16739333758812,114.9271099598873,123.5194007961054,158.55162711347316,147.07864365968408,157.59573057429176,136.9886913564357,139.83644236563586,145.4952941971321,145.08156657415674,163.15160189389553,148.78596337349092,158.23779592596944,122.38375226451988,140.20911037014463,133.18909493824222,141.96046935241782,131.50954863722632,157.19334060291413,150.10679903240668,160.39315705906137,162.74808846703212,142.55160267378875,145.6943180953448,139.02091910527088,154.16103571831692,153.42838259254702,142.18571694727154,138.85830856129508,123.78326766240568,147.19940010382936,147.7029198895803,148.52522296418795,134.527915454133,138.11394625898706,143.08063203418732,137.8828887078621,131.49342246439073,142.8307787249297,154.41353508234724,143.0688733266826,153.97369900076944,150.96288824213678,150.65838346580023,153.10168989369896,154.4490281200375,138.1031995442043,104.92062256035076,144.38043870538644,141.4480730966808,143.6039508916129,121.67771927598088,135.56868824624908,123.78209156942256,147.33991675092057,153.51200478754924,164.07095764690314,151.58780582035973,145.56535052553954,172.58563472828894,146.94761240876926,159.23723468506512,152.21256903815112,158.7635073593862,146.2579152349706,132.55819143246214,160.24008360987855,155.09581063583954,167.26923340623455,153.7202896493585,148.25391242252527,171.61143900609633,163.53451747463458,151.90924978219007,150.022777169437,150.77349467139925,156.08123623798463,153.21647339549042,162.61959013464093,148.97487162628,169.734386866235,155.57125167225473,165.10194899414256,157.97169089649094,157.2011886412178,148.18366499355142,139.96403276954385,141.27056360527567
173.9024825980758,144.40503490203747,134.16449760766497,154.75562142986072,155.9006681763346,125.18503395188488,144.34551684772202,161.36321962448693,126.71480603824672,150.80395529516178,106.77805764903532,0.0,114.73195214531148,95.22804017966338,105.30395598370708,155.29888059903328,112.23944810383188,152.40415332600878,91.52095678182567,139.44478397124414,120.14320193444796,139.0657666834271,153.94108476757555,126.2036151851787,151.00099698960577,81.8356725909168,133.27000478289824,125.09967973974538,130.48064603843977,103.36696275979168,164.2140876917856,156.34017298994485,169.23714662856537,158.52475401717822,141.12735342668373,143.52577825928134,143.60790586241728,171.48513903121562,131.7539131569967,118.3335340232454,153.66713324390497,134.91412018939786,163.37487364544938,155.45449175242203,168.52713725722688,148.9915446967281,146.87683939899296,150.86295574760484,144.41454459491987,148.31845339177966,158.6441236906592,129.53434021164392,126.02071994609882,130.11902727748867,125.74241664520348,138.79041645334513,145.40436778504568,142.94604219127518,112.91957978832151,95.8707425117635,120.54834937901182,115.71965213431037,111.13782251675744,105.78256596540125,122.32068831254614,93.88519971259072,135.3471301606222,106.74000322182764,129.5995484656708,135.84226619738035,128.8735684954476,151.69368370331614,119.75960662773096,133.35508115273595,119.77298463514656,130.0065090510427,122.24604363966029,102.90062658818763,175.53788575558573,158.87471466067782,144.3527497723918,157.96008218100206,163.05047659392204,159.15523344379164,158.48729677179028,160.94810725376257,152.01056537323612,137.7720039599297,151.95558591127906,146.67306770104477,154.15494770390677,138.657351228037,140.83977011744653,163.1777546070012,160.39754957838767,169.58697135399404,178.3170558583962,160.1722876657319,150.02327836210057,151.62067264533567
171.6077085044582,148.6895003929377,133.7508700557821,142.0809374841675,152.52143259953556,134.1225873314698,124.31709360036288,144.06970147125645,136.51957945819308,128.24749121588752,129.16739333758812,114.73195214531148,0.0,135.13440103474036,119.08292466897814,139.534676595145,120.54612492645572,137.3836456570113,118.61257079229284,142.76284003525302,130.12398627160127,111.45126025117436,136.67237925191657,131.16704181151317,149.61590495330395,112.5160716025329,132.2759150948972,126.94577082919304,120.73447240566436,113.02373184982466,149.4141120603074,148.20327852953722,147.68609333695358,128.3715586092382,124.94590682651642,140.13187294509652,134.31539212744173,153.4359233988252,148.79227242612836,135.9177157618172,149.09991759801977,148.59311893799233,158.79405677081064,138.05893805354413,155.85216400788494,145.7978370364218,139.888910653892,135.90401416084893,149.04469612256412,148.1898602152417,172.1713022502023,146.94329256431433,150.82575544932337,154.85062110842807,128.0726420181514,150.40548530425997,158.75081488512416,137.25693965577267,150.22608162412675,116.75897927611484,96.34082443417198,81.80365839902049,92.12373697561074,139.78098483080268,141.4646636109282,113.47196382236704,150.70665787248828,109.80590788078382,144.48458838104824,132.6116753207069,134.88983405437995,147.17336439233657,139.73350279896144,144.54904554138972,119.23461319352468,119.71245604491182,125.20170503461677,107.86473789566264,158.60560090436866,169.236851131307,137.9283020923272,159.7220458165258,159.0534165614195,160.99253441017487,139.97852516580411,153.22421127550152,148.7970981615533,126.45767466732738,152.82434194314396,143.4839358090521,176.21070077792317,167.1264150872992,143.4356393217534,150.61963242555765,152.649334779637,154.200757718591,174.2747112746589,162.72086926550634,154.24517428754478,154.3970749804539
162.50106114260524,130.75174978899915,124.25485700179976,142.05959841259454,137.73588390156857,119.7754465400168,138.34560779555625,151.2014686793554,120.80217584105456,150.6921656451599,114.9271099598873,95.22804017966338,135.13440103474036,0.0,81.5847223850727,140.46387176084554,112.97868673584416,124.09915652617822,75.45858729215918,119.4433987038927,113.0349508721286,131.01292255754112,132.40697513731843,144.15935228852192,159.36767671366735,128.4787021589574,122.0858643450736,125.17400770263616,115.00538252785358,104.71419802044214,176.03414564909843,152.1378474374456,151.55384049195072,130.20414396139762,126.03721924116108,132.69928664405614,130.96807128713235,162.0683807822213,131.6342282720526,127.45008013961775,136.93572910984344,129.27172146046917,147.34066979557724,153.20188730454265,157.4258812768037,130.52620105981325,131.87407934490096,130.1194717396937,128.5869214214465,130.84843140472933,134.0033706767269,117.0472087686906,124.0801541620125,120.10533213190637,121.37161494604403,123.47737620356462,130.88897661282004,131.43116419690188,133.13706830362278,108.2198959969094,142.6375304114872,142.18136415405064,112.7034225348484,75.2692018038883,78.32678887728676,82.56797760322235,129.60868255386265,111.6998161964735,132.9931674500041,110.80108827892596,117.40833722964749,157.07650489685483,113.61608075145328,159.14959555305433,142.8078361062,148.00621802767932,121.04011041495605,108.62448979863672,175.29147932280483,159.83358889955895,153.79581002622922,135.06431365141748,158.06063111208104,151.292238862191,150.64569640771316,137.23877289501516,130.63255117827754,143.01795942842637,132.52748517797585,145.68987730198955,160.23768245409588,138.71978203164502,154.73022028730335,140.39054616638575,151.82400933658298,157.87240809234868,170.1643003519133,143.79349432511748,126.08717835089055,131.79910715095596
144.35232858607446,131.2025897658348,122.05308703626012,144.37855304921186,136.20756454552645,123.14562853396316,116.28767054827976,134.4937422464131,122.2817205476868,136.86784521662014,123.5194007961054,105.30395598370708,119.08292466897814,81.5847223850727,0.0,134.62973502955674,130.62195330454372,106.79377598961752,91.35614314636676,98.4034059683548,79.10022303529746,123.8515442143466,101.22126490168212,113.17302262709964,139.54006843199784,113.31315952384202,118.64725618129778,106.18744198745595,91.14456630832504,80.00243411040358,175.1439251673252,149.1051882396933,136.56708319808772,132.35175059162447,119.32396186969214,132.22163722497973,127.97516639817589,157.82169174803818,128.8027161887425,110.80565357100085,157.2135542003452,152.05510422376835,162.1888457583517,144.03772788061497,163.03547400906766,137.30942156213774,145.46470258688973,135.68722290069877,137.5896933377208,150.23648623412726,127.16094868690644,123.8043563004679,142.91361170941238,136.28450880512952,127.04104566262468,124.89491783915044,131.6204132931477,120.08550597340492,148.58326388533263,113.19239467064996,121.42245166676273,138.72113446536542,115.13089571176576,120.56837616079466,81.13444845035504,53.21864679651344,119.43870286457236,118.82411210718418,133.48452343905424,103.71447343078265,78.21467458602072,152.08731936136633,105.4144765818736,139.0197046232396,125.19430391532772,131.72012690845048,87.60686726269432,78.208307214464,177.81593889835435,161.6487046171602,134.68669592852055,149.9381355270447,160.22037936334456,157.18252409129792,123.59139732802112,138.95337779747706,131.32005511417083,122.48535746829032,107.33512004897356,132.76582462342654,168.13479052021256,149.79772621824307,160.0246528725532,155.32912348614764,154.6909111236326,152.70305662443425,166.9851009027003,138.1232695567637,125.68019935280384,140.61809501553512
141.8361734978093,118.27403057950022,125.4783449701439,125.25243044764778,135.63465787728435,128.70345749372242,99.01763769785644,125.33853703003145,134.02655582393172,101.44914476139849,158.55162711347316,155.29888059903328,139.534676595145,140.46387176084554,134.62973502955674,0.0,134.43314176589357,114.17819568239712,140.32957799847253,140.3576717748215,134.62500029885138,119.38068010556864,112.5270633383458,141.24448914067946,125.33519095856828,157.57688637088563,148.20365514706845,142.72153444322242,140.89418859989044,150.46372512925456,142.05197271473918,130.35867195521448,129.9404881318443,116.38480625747331,144.61770103821442,159.56377284865158,154.39187012054816,111.41193797143632,131.46996341235766,136.2172381815496,154.99501898679725,178.30821141487115,148.10811789854424,139.23379915320135,153.82920788850464,152.28884138746753,159.13045135998186,142.12274259250503,149.1431789974929,161.40317821818013,160.40801819176772,138.2493424481784,130.9269671018838,150.2165015646736,134.62016833558465,139.2971412025379,133.72129477969716,125.00230250610954,173.6587829756395,145.12857525684348,131.00641705066744,158.2122462021033,142.27815379907207,150.11195886377075,141.44291759056222,143.09070281854824,146.29262045279614,141.2738851919951,148.96988096050868,129.8385489541579,139.13234440259885,143.51667107545873,146.65072389195478,145.71772100705692,142.21832196804618,120.60510680121452,140.54532965602814,119.8496108842386,149.43632094624977,163.72967829846462,144.53439714029437,170.63875390967556,164.8213309288096,152.85107811253243,157.96366536959,165.7261868408232,156.58152255017998,146.46317902749587,143.932717306747,155.0829884453969,172.36168776967807,171.8267750835553,140.0108238483042,133.69183916922103,140.35071663246026,165.86546757835288,159.47999545218022,169.11748811305063,147.01668784279568,159.36704454741553
178.6761670552819,141.70239469395204,156.22495387170986,158.74584003065596,154.83803971994368,146.9752496987427,135.61795951044138,170.24070014207445,144.17456451172026,141.72380111060323,147.07864365968408,112.23944810383188,120.54612492645572,112.97868673584416,130.62195330454372,134.43314176589357,0.0,135.21442524471274,104.86692663177962,157.40627290777564,141.0518812936976,120.08154935930602,135.8168099590264,117.69149776159666,151.68146515989298,135.8429061038447,148.67492057735467,131.6508338382963,140.85981951786783,127.56020737031956,156.84534056440225,140.8855514262338,137.3609694877293,120.05645422934008,132.6031186153218,154.39985595936542,149.3494642833614,150.0708514496488,136.78560844934682,131.2707404824491,152.9369491119338,165.52472179680765,149.30556137463907,146.64463697621292,164.01419566674724,159.0413312775163,151.0187366560877,149.18482263493308,167.77379797263194,167.11097091669683,158.10294055637294,149.46240253136534,142.96092484127882,143.55879922581104,142.0977930798488,157.07694281670013,162.5548662572843,140.79802482467352,129.86272022176223,110.01686014337398,111.77769148197883,109.03601818361632,102.05413389035324,98.54859308210416,131.52366170157728,128.40315998332653,135.85069864005635,77.9607010476991,105.69117897556828,119.61007372009624,140.84655881572883,113.82443601018318,119.22503654042193,119.23237646576632,98.55289311350242,123.87310048867457,128.3237609109751,120.56007129752264,157.78370679591728,149.1947288855842,119.6013546777582,151.35173290497238,168.88125894581387,122.72153125184902,140.4557981192075,147.79353489542052,151.32502755266137,146.24381696279212,153.68972624448807,138.17960357120342,153.5391172517932,140.5104566420117,125.59737212138349,149.67568086184409,143.7372122469942,150.44943019214742,162.00639265124647,157.15404710979027,171.7606663086532,160.60953029910252
147.3679530423628,116.52382084435052,108.24377750932854,128.26887652270298,118.33592701288396,114.0337761705777,97.64009210599264,98.9171196530197,109.61392197021128,135.71671496391525,157.59573057429176,152.40415332600878,137.3836456570113,124.09915652617822,106.79377598961752,114.17819568239712,135.21442524471274,0.0,114.33791121527938,102.1509767950162,99.80695990520746,125.75347939549272,93.98348706118011,130.33883918669017,153.12526304602443,141.87613338592797,128.86664009410765,114.2403355538573,87.71374078703914,120.91919853936032,173.32888361304902,139.9430698151383,146.06367519936998,97.68215778482512,120.60531067789412,130.9502831287109,131.6789769591773,160.77620625475393,135.6447088421829,142.13529262952534,144.85179304124455,168.35407117018872,152.36779992620615,150.07570877794126,158.77460989083784,150.6636797473826,142.8997246576481,130.06030184775682,134.78534838232207,145.75297363729825,133.48158950789738,104.3525041881316,131.76730738084905,131.3295821437947,119.12042559386173,112.99920481294949,96.79659624226927,103.56453623307245,162.41834719710792,158.50655133435933,148.60239317571452,158.05958833297976,136.94349476653514,147.0343781575861,107.75774732291208,117.79670871873688,128.07801609277777,126.95480147776048,131.16823776285358,76.1376955085218,83.08974861484685,149.8044971563895,111.99916586223512,152.92528964161602,141.0175271707322,140.99668261970896,104.40842190806228,118.18521068006154,169.80628555026487,157.4989598375214,131.8583051796362,150.21634906615623,159.1294014035256,158.5047228898684,129.61668141614135,138.5088741228273,126.0185140505244,139.2189149679307,108.82736270620404,151.1180600265784,169.18278082494817,168.74893328132688,154.20430997511244,148.75870943324043,140.20625241455522,163.25838424017655,168.2746111967274,144.335351840559,120.23927199271635,136.1679146179907
172.45390280934404,143.71716783703175,127.37366677957482,156.42623311063946,145.0078202860297,118.3743374217317,127.6507641905194,149.2015284814212,128.37531106548528,149.61300516779045,136.9886913564357,91.52095678182567,118.61257079229284,75.45858729215918,91.35614314636676,140.32957799847253,104.86692663177962,114.33791121527938,0.0,129.33032813309367,101.27991515834005,118.73116647443469,126.3702239546483,131.77304965119603,162.00813089434314,108.23147003029038,137.55379742782353,112.05668722963333,109.76761376541796,92.13676131691008,168.44834066537385,157.32713152426123,156.25161590034395,109.43627872746607,130.50703705802874,129.08561791440013,142.4990750954916,172.43569817013434,129.40713092857874,119.26294190921806,151.888845022024,145.3088434213295,162.35039948850084,165.2402566017335,171.89046282290036,147.19312962344824,142.30779212275814,145.61741677092078,138.52642098588734,153.13210195310864,142.5603714513397,125.26497126485538,136.59241770017755,131.55302701543255,112.34869029376866,130.9710158693751,140.00275823264926,129.33226659182503,137.19080376347932,113.28141213493782,129.37896223392195,130.32698879361013,107.00807652938926,103.5250050858854,92.8646537095336,89.79888552426031,120.36126563708972,89.3938592412303,111.896785193193,81.83566719774457,110.41100409886016,147.11800799850008,98.99609701569676,137.58806523547864,121.79749091928396,140.34031594617983,105.9914218452808,100.43003006866334,172.72946823491324,167.99620530083166,137.77921425233194,146.80006361757086,166.9118503900905,153.78320802965507,149.88674512212896,149.22705481282276,137.61109494773916,136.77262498577466,136.58914896284142,152.78064812783612,157.38122877630866,150.07516654656277,146.32204343819296,157.46570530512858,150.90587259587755,172.29599425868736,181.7675690726046,154.89019209065168,134.03997787716304,151.32088105994427
121.81857417391858,144.829434804607,123.81047389853902,153.76519769965353,142.92158352832303,135.29235641846083,123.56561239321712,137.72757756514943,131.8239531610882,140.32972736320082,139.83644236563586,139.44478397124414,142.76284003525302,119.4433987038927,98.4034059683548,140.3576717748215,157.40627290777564,102.1509767950162,129.33032813309367,0.0,102.21060198321794,140.6589323782847,121.39557059693738,137.6767148323621,155.26415132297817,141.21452665450028,94.40680758844938,119.27939273211548,82.05269543379292,124.12305154280338,178.8386833352978,169.4225423253373,160.6042812759747,132.55817930193297,115.08598615519064,95.15923372047205,110.51283263083752,159.17883405806637,139.93643126825282,148.25260395818833,123.57377096701188,153.06046599792765,154.1160524422941,139.99926482348502,143.98971389759436,124.78482045294624,113.38240816628208,100.45113833067204,95.306742770024,107.77465131377834,138.95495237635174,133.63692337749671,143.94982046683515,141.823346723221,140.44377107470197,126.50752761466214,128.798481215759,138.57575452098575,160.72953128423364,150.7972757545169,159.15116510608468,165.52838826379335,152.10498031128972,140.091213235267,106.44495330434172,108.460075059327,115.0044051418504,154.2902902237097,163.90012625235852,122.23588273785,85.54587140006231,170.2599679779294,133.94968915956258,164.43363823378104,160.61095951904957,161.35321373746217,97.6713396763081,129.8056995803741,179.08739118003086,174.52610627361207,160.16259663777444,130.8101526266763,141.03269655058116,167.2204706163335,120.2640162825296,126.94409748956146,103.60171304578496,126.47479216499332,76.81163939926654,129.6372905900359,167.7637947698101,157.50512581288282,172.13808898634505,159.1550816945375,166.89061764696956,143.35501777679696,159.8162457829594,114.41378939289578,86.63160231960558,88.25039106631283
149.8722009120267,133.39374052790276,121.23098443281802,127.40767769228904,127.15235676974926,126.17385480689065,99.90285145824022,130.8397308747028,115.08123467541174,125.2114510339556,145.4952941971321,120.14320193444796,130.12398627160127,113.0349508721286,79.10022303529746,134.62500029885138,141.0518812936976,99.80695990520746,101.27991515834005,102.21060198321794,0.0,122.4230353028324,111.30345455185572,112.24499473470438,148.11192657575606,109.76010442329824,133.64494761639588,116.91318102229708,93.53697019398312,101.70341399110904,185.2131592290756,150.29431804979592,143.11265086521104,120.81708309077068,128.76409881753472,138.52487022188075,131.68914897381336,162.31010504520842,136.40123523396892,126.9611787737252,151.51402908426007,158.79978787663202,161.25215737441246,154.4474624200273,168.8808600866193,142.29628457088614,142.71329082096048,141.49083860691303,139.2496672924687,143.9183774952614,153.21924517712253,129.33028647213402,152.54497299648165,126.79715864330085,130.97075193323803,122.66098912032302,129.67338483246905,124.04863341705722,152.14383177383655,137.39572419191188,121.95876942462776,151.2468736153453,131.8148579545607,142.48722352057877,96.31643429122629,92.00348576923632,120.441383992769,117.58234270487122,130.14480118528877,106.17283370150292,77.24690955892366,159.74109580653175,116.47899421361583,138.98306395832574,121.02131947072256,131.94689244757728,93.681823986331,100.81412941913342,190.65687275153124,172.795371501648,135.823818770024,148.35143309836357,167.15127915267118,160.2218575239263,142.56708922153155,153.72628483101755,133.5209848358764,128.6318356443511,124.8268061352066,142.99671827813253,163.4142441737837,171.9581164493978,158.3613859222247,163.12480024327652,150.56046940620277,173.10645374136806,178.30471494473284,158.00740617460195,135.10703162291475,137.38669460860845
157.92001824792573,146.58161532228377,140.5876980585625,136.05209313907034,143.29339824595195,130.31717747471913,118.58749526573908,141.95302660206033,132.4870082736405,124.2646893017421,145.08156657415674,139.0657666834271,111.45126025117436,131.01292255754112,123.8515442143466,119.38068010556864,120.08154935930602,125.75347939549272,118.73116647443469,140.6589323782847,122.4230353028324,0.0,113.81263202179366,134.96529758101647,151.01107876101435,129.574272219148,138.98728931794778,115.41246423590611,116.9882192939148,120.32400009392668,159.01615553273535,134.82150922224824,134.0530393524767,106.07364221550549,98.6000603533277,143.8257771789737,147.170876016789,131.52557803860765,146.5916323644807,150.91114929636706,140.39664194425347,160.08102705800007,167.67072091411973,143.16362882147573,163.61429632227606,139.8285687898053,133.38970357890622,130.03153472912243,144.08923294040346,147.52873412966753,156.99677134639973,142.11338448475226,148.66633857574726,148.0880163709067,126.75918676125433,141.33477405958308,146.22813669842623,131.35437177824298,145.16704031731544,138.39177314074783,111.27355076166148,131.94194366693745,119.10880346021293,136.45325798733427,136.43955917594153,128.52429648077657,143.65332948460127,121.5879283345352,137.47440442956395,118.47302933477005,133.52175231556177,130.93225147487567,134.7471048482046,152.18815903995173,138.49418578434745,124.61606305659213,137.66833865716123,110.8731901294131,169.10211397273545,163.06754128020282,135.28123469586765,153.7250292355969,176.50506589440386,145.49781734163005,143.86777697175447,154.46932513647408,149.2166998142723,130.53915402016125,157.00156247325657,153.4880538768071,161.48401770091547,162.26704221199975,128.20309148242688,150.48245995822094,165.63384226128693,164.1522454641716,168.38263326153674,163.72831862831396,152.31673198192328,155.12192730275416
141.75363462447876,128.23979435257948,130.37718765244807,130.1355805746063,140.16901783437982,133.9585907032257,101.79404397997313,118.28435868464024,130.78926658079894,108.93097454441676,163.15160189389553,153.94108476757555,136.67237925191657,132.40697513731843,101.22126490168212,112.5270633383458,135.8168099590264,93.98348706118011,126.3702239546483,121.39557059693738,111.30345455185572,113.81263202179366,0.0,123.66213902264542,135.26533247114784,142.75113443819248,142.00268130173166,131.58447772024505,117.17770415595383,125.98002110248056,174.09819142720636,127.1936256257022,133.632224110793,112.06166628834076,122.92854757231082,149.3442034387007,145.97564087182843,134.21203467069813,144.73337378457478,143.33964678893085,160.69945421461725,173.604975884176,150.50278593237834,150.1204312626849,159.1934978886887,151.37044030474732,155.6281228097351,128.6531490391344,155.3965112769246,164.56516765151412,136.2264779569634,126.15545899927716,157.88025698860554,144.6073874782041,131.4370622407705,142.4969509109321,132.12120197223337,118.5827991867644,171.07150749578653,141.03922102768212,118.35326456895127,160.47120026158382,139.2672981495224,158.86208861148145,120.8250836519756,121.21796199374047,145.59417973782826,131.506530188809,132.03480507743734,117.15790631220774,113.61587383031508,148.71764809276465,120.30033411097814,149.0347862156966,125.39090588124284,129.56454232155878,121.42523906141938,101.14284662023763,171.50316984429247,163.70486403026837,126.1764104978891,168.3415377285749,164.57931509962253,150.99145462496347,135.2584370304322,152.62163819727868,147.98193576905044,127.1199132969722,124.46022393044429,151.00085625333725,181.9124750868105,174.52063067171883,152.0238944125137,156.09184421084768,144.6185717097913,167.92263582656878,162.14973363883922,150.35614371948617,146.37139521745584,159.9153198067013
165.9446819315288,134.28502994011018,134.2129085482809,153.44411343553756,143.96381364485163,139.83125041905078,114.78621326256624,141.92520737490918,127.41927813357242,119.5472278716405,148.78596337349092,126.2036151851787,131.16704181151317,144.15935228852192,113.17302262709964,141.24448914067946,117.69149776159666,130.33883918669017,131.77304965119603,137.6767148323621,112.24499473470438,134.96529758101647,123.66213902264542,0.0,129.9525774334347,113.37128778273402,151.752307007063,128.8075179855615,126.1306984969394,114.2382884687199,166.7576459500484,142.14187780493077,141.20341744999712,140.43581203110085,150.31354346621168,161.2297575209568,144.44488228731603,152.69187520967492,109.93298484714704,101.49475857966972,169.97812882153795,170.2175458377935,168.2382486796721,153.7157205969666,178.56454437662342,167.57020786217942,168.12022133054836,165.04844072032387,177.22672432773544,173.27661417107925,147.32312201920382,141.3875823945827,161.3959723057407,154.1158819714338,138.87037647529922,135.7122042458722,143.99113949964294,123.97307536136074,138.18483283100596,133.99646643416062,112.46520734973404,131.45572341297873,140.2580606082173,154.5972284865509,130.36177062837544,118.49220596449796,127.18054423261584,112.5309810735183,120.99061758446216,131.15149684178732,112.77394380255924,138.66530218326005,125.74727588195654,95.95095678019972,85.73075373574156,110.14775983494336,104.56377490205296,102.62525321925386,170.28293055978398,149.51059851273828,97.91225784677226,165.39638400690365,171.01029321680286,143.57643697784243,139.0327214163196,157.06896065959342,150.13802493962814,146.03256027418715,143.6375481322947,125.74721462653712,161.43493916225896,150.59787399079403,128.0995939796103,167.44973937304877,147.19661234212384,168.30485771083926,172.82900310828714,162.56141483800997,168.7037497123552,168.00434352351508
135.07410804575983,149.8561925219765,158.18839506443786,151.7511682913986,164.45289219618456,153.4916941697603,139.00214882978253,151.64225690900696,151.36841228502405,106.26111388778908,158.23779592596944,151.00099698960577,149.61590495330395,159.36767671366735,139.54006843199784,125.33519095856828,151.68146515989298,153.12526304602443,162.00813089434314,155.26415132297817,148.11192657575606,151.01107876101435,135.26533247114784,129.9525774334347,0.0,154.22516461777627,168.7395652036814,174.34586283801093,155.58531647795127,162.23554925038607,138.84740667766914,147.29733292173,119.99919362740114,158.13058446822066,163.3877355485562,171.0535323488853,173.26530021934076,126.0547723274141,161.64588952375732,142.6753003604473,178.87300132869603,165.74517848921357,159.05092127905016,135.6286588704631,155.99769911456005,170.84407150794283,186.01021351917743,175.59763706400935,167.0078318464125,175.36147935791524,156.70728932032245,169.65127684756396,170.18144566093633,169.54984687326726,161.72550315880886,158.85776267307884,167.73056352034865,155.8865546850119,164.604042035688,133.7167218119235,120.93763311820568,160.14592102536523,175.98631813679984,172.51909936863734,153.9872677940987,154.6507278547358,154.79515225186964,154.08747035923767,158.19044444224593,156.38633978326803,153.84041379150483,151.40497400210893,161.1895399189703,123.89714027921566,131.44504428253248,98.32818242756292,146.74364346125338,143.63689099015917,152.125168865612,162.84209584146527,149.20850902843586,175.42040075415852,157.63507094658732,149.86674069954938,149.62075980298502,166.10376314069512,171.21676736792648,150.7117251286638,156.97546205872578,153.0712647598021,163.96412070734056,160.21041007201563,153.76122069065474,148.2230906919421,149.02875284275598,148.62025429336663,150.06413088796853,170.28907156590657,162.95721322222613,168.79906165726442
172.7141627689584,135.7070017566879,125.52778492522869,147.41192445816006,141.37110644830778,124.5615958630908,136.45705784182582,143.727517622976,124.76522362430714,143.4645858942202,122.38375226451988,81.8356725909168,112.5160716025329,128.4787021589574,113.31315952384202,157.57688637088563,135.8429061038447,141.87613338592797,108.23147003029038,141.21452665450028,109.76010442329824,129.574272219148,142.75113443819248,113.37128778273402,154.22516461777627,0.0,135.88091228766422,114.53173868644596,122.42342632541455,104.41225478591473,179.62741987198072,168.0357361725275,168.41770374505705,142.06918249225046,116.64775577155508,143.1228479852201,135.88125103432827,180.4540595043387,130.8685272076081,119.80557305249582,171.59839440999087,140.31763422359916,170.55831495322127,152.74686113420898,170.50672423148177,170.77051247051344,155.3722808689526,159.74667890859038,151.70173709385062,163.58159510594896,158.18328136036337,131.83896840596734,138.57911792272097,137.44012868218712,122.54984616023016,130.14595274021963,139.0182337271434,135.6131775243189,127.31262420564777,130.95852036805113,119.9118004030357,128.7720672866116,120.87773558653684,140.85915202845158,141.66405450246197,102.72457223734752,140.9658852780753,114.76704212496492,125.92191049695067,131.0016654165247,124.25993353858814,156.77903818577525,127.42153607670836,137.78234258531984,122.70529480835783,112.78323224537422,116.15050630770492,98.08423525399876,183.34314385545963,174.33709698248657,129.78367146180966,170.23572815755668,168.18955749289574,160.14310997186604,152.5819943417047,169.27727547362937,153.7646457321916,116.071366927302,158.2898849192037,148.37875904698893,169.5802785744012,160.9854697072212,146.59417048830193,172.15290198194197,162.94400474777328,177.50494610828088,194.20024375797288,166.41877802984152,159.45570301301294,160.95092655862737
151.02773122182865,129.78610818289974,121.4199260221464,147.24402813340072,137.4782582298005,126.7673675995229,140.62141835120943,135.74561023032197,124.83059949410594,158.2770810875265,140.20911037014463,133.27000478289824,132.2759150948972,122.0858643450736,118.64725618129778,148.20365514706845,148.67492057735467,128.86664009410765,137.55379742782353,94.40680758844938,133.64494761639588,138.98728931794778,142.00268130173166,151.752307007063,168.7395652036814,135.88091228766422,0.0,117.72858944750271,110.8264973201298,126.22167070232824,174.96403423820814,162.764597685181,168.33828193212616,143.91709622923986,98.6377027701874,111.13002814562024,105.79503344380797,160.6007196876968,146.05120547581706,161.28375037599574,114.18354911805632,146.0843067405641,150.010071510736,129.3896278005275,141.96787304672995,105.7248880135162,91.74059838008615,76.12294380252678,96.91894108174652,109.82280715229328,156.69108656096165,113.632072622237,111.1884711977616,131.85986947776487,132.46943443017938,127.75876066481922,123.46420348270024,137.28276028152354,140.65321763007324,155.86128118892998,158.67300086507674,144.559864490217,129.9135063524397,128.26327627972273,128.93788304093542,112.247974292363,131.86250776899664,152.73849542397426,162.8805339163054,133.36015428434777,118.70952301854442,163.8055098932036,136.27231869879364,167.3223659236554,159.51965657904688,158.41802159305644,125.64586347232093,129.3561066718143,178.31929594565594,170.3228202134669,162.21631648206557,129.3136212658353,128.11238135758572,155.73022429997613,118.13911150809017,115.5104617192237,114.27817304973378,114.6501442661725,110.96821892727608,130.0935481946712,171.72714714419354,150.34595217260437,154.54738148174408,148.5867586175483,165.35773283043468,133.40161245514162,152.52722045675978,100.72985931445396,109.0481638287393,102.24232919409282
153.25226207090077,130.8669977727757,123.5384736251721,161.68935776210458,130.49685651182642,124.49388106651128,125.25329863010028,128.2506910823952,127.02683564286136,152.54859655992226,133.18909493824222,125.09967973974538,126.94577082919304,125.17400770263616,106.18744198745595,142.72153444322242,131.6508338382963,114.2403355538573,112.05668722963333,119.27939273211548,116.91318102229708,115.41246423590611,131.58447772024505,128.8075179855615,174.34586283801093,114.53173868644596,117.72858944750271,0.0,98.87227954376448,86.371031573356,169.57249226526977,145.70699690003818,165.94242938526185,126.42176991205406,102.14189357790808,123.52234522624204,113.94445134569747,163.06892354138296,129.18612310180737,137.18796136989153,153.3137691548375,159.41671931420382,170.16710792212984,150.5153922455383,166.53769345549853,139.6899471662563,139.60226966750378,134.74964560693076,127.15910346190256,143.4639049271181,145.53112571542593,115.38108893547567,124.61690739990094,145.58416167540594,125.05870532117676,119.77684460659336,119.37167833662504,117.190639303446,137.72985190400982,144.5705754154254,136.7379486076477,139.74796003822712,121.50408620917938,129.33585256574924,131.32979221515484,110.0148081360845,125.91119415392,130.1771606390033,124.77296441775772,103.09197577093236,96.8373440160211,142.16291320194773,100.71010677235752,149.98043975236502,143.36286881675824,144.53895108427167,96.53975110195552,96.04446687310842,181.348054922531,154.6737248198541,125.2886313863669,156.29203653769125,162.56079525755558,159.32280001427483,122.02491946377458,146.040172980171,119.22609203447084,104.47786815980535,133.72647350518787,150.13497718498382,173.92780678554772,148.75250180835434,139.0502471429869,158.85459312515394,166.8624293315596,168.3882618879843,186.26047920315224,134.2493132030517,132.3874114138732,143.62419381123087
146.24065582954566,132.93188456832232,111.88971187757328,135.52952946863456,126.5656293173526,113.1550000356182,109.99933931404468,117.74445911255724,102.99063697729426,140.43709189599664,141.96046935241782,130.48064603843977,120.73447240566436,115.00538252785358,91.14456630832504,140.89418859989044,140.85981951786783,87.71374078703914,109.76761376541796,82.05269543379292,93.53697019398312,116.9882192939148,117.17770415595383,126.1306984969394,155.58531647795127,122.42342632541455,110.8264973201298,98.87227954376448,0.0,107.99123254927872,173.77386609938634,149.22849387016424,151.46707500912473,114.09024021838812,108.5508328236754,98.86944173348324,100.5989373378695,173.08287659985638,140.48828053797527,148.1035585360632,137.90069335234483,156.17059887649265,157.84455700225692,145.90974149199857,147.4438444144139,137.24160008049122,130.5187846943007,125.30284520614424,113.24311670021471,124.63050241085956,140.09183629673527,116.40161522711152,138.76171830360235,136.425800803336,114.43785440096252,109.88083910529951,114.58071398647728,106.75442379992464,151.47011875785358,145.7166720956438,131.24006190497195,144.07451438626578,119.22451843404656,137.30039655280888,108.52009044992306,96.62273246142276,115.70304348083717,132.9340234032521,144.0164554960545,97.34764033645212,78.29022935738595,160.3632335849505,113.37305361723882,157.60737825094327,140.4607825609978,141.56480131876577,81.03734390399885,111.44937509133212,179.61705488159353,164.17390145636244,130.15705710477184,145.89198464532092,149.12480852101442,166.42555702733603,112.5414897995813,137.40928353672842,97.22849417391188,121.62467481414735,92.19203737255236,134.15861159657982,168.39369550750368,156.15495517530053,151.56409445006878,157.42658961516673,153.0348450285905,156.955115944211,172.5261060167727,142.0826962785684,107.96573600306314,113.19019229329254
162.34684805522474,136.9425744940962,119.98793469369464,150.13213352266382,134.981406699388,118.1509645878334,124.33797581592891,138.2697706452486,119.75890570351554,149.24349380924247,131.50954863722632,103.36696275979168,113.02373184982466,104.71419802044214,80.00243411040358,150.46372512925456,127.56020737031956,120.91919853936032,92.13676131691008,124.12305154280338,101.70341399110904,120.32400009392668,125.98002110248056,114.2382884687199,162.23554925038607,104.41225478591473,126.22167070232824,86.371031573356,107.99123254927872,0.0,185.8441736271165,151.94873530562654,155.11152148793354,136.51404885723522,116.47747408859296,136.94922001350037,130.37533943964655,168.6966673441437,132.90188513895907,119.54843304933922,156.8138917839438,145.46845797581594,172.49574185635157,156.63780390778618,176.0856277766859,131.32650700026764,140.05399472813883,139.05663212947195,138.61409063238486,146.88936482827785,136.17344663841584,116.33386485675643,132.7091496232053,130.6663205100169,117.81990497275294,123.7662371350284,126.1320595986284,122.80832390738712,125.1070622728356,130.29321163562756,123.44691685737584,131.97981627813965,107.80031905776468,123.74902750933114,107.9365618377332,75.25122919287679,118.8750506116343,118.98029925230225,122.32098908350652,104.08383051044628,95.04200275377288,146.36627862589248,91.54452576394787,136.61091260759838,125.02316409758949,139.7615108478784,107.2950908597507,86.76324438886115,193.86019231845663,154.75465692087624,130.80599669497073,155.29520114102112,175.36321330501414,166.47401320393766,140.78652522588345,146.19622083147596,135.85346392281673,132.3221042897753,141.67212545586796,143.86199476778074,166.96339627580363,144.57020219654424,150.805167747378,170.21556899248074,165.7069074753991,169.0212051881437,183.2012860442744,146.94128929052772,141.72908262901905,151.15277121831957
140.66844990816298,173.63347381829567,167.09957239244335,181.61709505366653,179.32069281299732,165.51957462927192,174.9353406428558,167.70384235636138,179.81261688091698,149.9942445025619,157.19334060291413,164.2140876917856,149.4141120603074,176.03414564909843,175.1439251673252,142.05197271473918,156.84534056440225,173.32888361304902,168.44834066537385,178.8386833352978,185.2131592290756,159.01615553273535,174.09819142720636,166.7576459500484,138.84740667766914,179.62741987198072,174.96403423820814,169.57249226526977,173.77386609938634,185.8441736271165,0.0,126.34489093037136,143.73872057289609,165.59544992206358,171.4657082462792,162.84946506307682,172.32813499430182,120.03729229173967,157.30005039918214,152.04684248338864,178.54030659013944,169.00438584573945,154.59526633868566,130.21733050693342,143.08501629051634,160.59913318762608,187.3630120175812,175.21116072103183,170.1485053462962,181.84274619078892,144.631555130697,169.69424196512807,167.28786788777725,193.74896626935384,163.0903585972734,176.00723789274096,173.09169641692682,168.70214281499665,165.05310662654966,155.96626257950896,161.00075190653632,155.24188833383545,171.41251422231403,173.90399599340736,184.3963942491285,181.00889707585293,168.15603215492223,171.9235389243389,170.41346746550272,168.24015433445538,182.67532807678583,147.6233884199865,174.92794978780532,153.32278532643343,162.61175181914416,152.26991402625177,169.3033151969328,169.42385611342888,75.25149527931617,123.860503549749,164.3312006385053,178.00226407612203,144.00306803177165,159.2914962853162,160.5094857465553,166.0301017321052,167.0235013304426,160.35551290053922,160.11760853106296,169.49509206602224,151.37690283284553,144.40265271245522,153.521563121442,130.4672950823114,146.9577545892734,134.51882994477873,137.04253852367202,158.4951511019869,163.85547221127513,170.19495069049412
142.04308870808686,144.87797202833934,152.95797356113854,149.46302962576758,148.4422832774837,141.37104459128437,131.05143615850977,139.04770944095156,151.40252802406675,131.40040723855304,150.10679903240668,156.34017298994485,148.20327852953722,152.1378474374456,149.1051882396933,130.35867195521448,140.8855514262338,139.9430698151383,157.32713152426123,169.4225423253373,150.29431804979592,134.82150922224824,127.1936256257022,142.14187780493077,147.29733292173,168.0357361725275,162.764597685181,145.70699690003818,149.22849387016424,151.94873530562654,126.34489093037136,0.0,134.88310628636242,150.85050299460698,170.5691507214562,180.5946922856184,173.49039453067775,132.22071163215895,151.50469853114743,150.19261743437335,166.34705284734292,158.91658517550542,149.86352909773632,166.04075758970146,166.32383140359406,136.97379876578185,166.7174950250333,152.2009963121857,168.06536575141484,171.36546532071634,140.50216057847206,146.45264666933173,157.61538023765235,154.86502709573972,150.6170843585521,152.66249908040066,149.24345303594436,146.34699189966562,143.6087527831696,150.5297184174512,136.08196631779632,153.93371781430278,149.9733091351363,156.9492760534825,168.69306987534569,153.02304611382348,158.6570991685696,152.200909368923,149.28521901185218,144.8220666806147,150.94797361495353,159.0242900332095,135.530193796349,157.2552236357783,143.4949260650081,148.32852132287957,150.3081154933558,135.9245631579357,154.49589121941577,104.9213019168293,151.31466974020057,174.29509241049237,182.67950617339136,166.05779087228376,166.2702081671152,168.0112465022057,169.7056000593821,157.81544952731207,169.90175700656312,173.94026240612646,166.54729527840755,153.2501113464541,148.98778891494072,148.2553608528038,135.83145732621074,172.22369799376855,148.24932308435675,172.59833688129203,171.77747855762567,179.69641759282956
124.9810086963401,152.9027524232182,167.8039040643314,142.592413681314,156.88116496768015,162.23147208603962,133.26842750108,162.3260977829055,152.11354944610991,103.6882730274479,160.39315705906137,169.23714662856537,147.68609333695358,151.55384049195072,136.56708319808772,129.9404881318443,137.3609694877293,146.06367519936998,156.25161590034395,160.6042812759747,143.11265086521104,134.0530393524767,133.632224110793,141.20341744999712,119.99919362740114,168.41770374505705,168.33828193212616,165.94242938526185,151.46707500912473,155.11152148793354,143.73872057289609,134.88310628636242,0.0,139.98813861855484,160.5550260427121,171.24897684899537,162.954371295883,102.44632509854772,165.05391011390537,155.09599138189373,146.72324796983258,166.40811217454458,147.8446625497324,130.6739375463993,159.06220871140152,149.48931897185292,157.93891394148753,152.61328666276185,177.45543289144223,164.9158685593506,157.69232848278642,169.7477224283769,180.67251035115456,160.42519744986637,168.0238274182425,167.1312001597468,175.3965373638418,152.1815721735033,169.30826438359446,128.5918435970758,125.51148738217474,157.7124430216731,154.61679241006516,155.62964838463793,151.7393114079315,148.11689194784046,155.7672363643332,147.69055021113817,166.2582049367531,152.84309131633296,154.08112960250378,132.786406955863,166.6757880304378,147.74951824180846,133.9571559312158,124.97631515136446,148.20551235008205,146.09716107865472,146.926833854129,159.94445164304406,145.81372494715885,155.85516847479954,158.94976156675278,143.45871721072805,162.99271018932782,151.53167748771477,155.74473494782305,152.08829053416082,158.74346798462443,139.8048076957103,169.5878588681781,173.72595270085395,168.08350862768464,126.98025783844908,140.6811554399515,137.70726355021367,137.418469594067,171.51618172403772,167.71715839697512,164.27264875615344
166.8314069934343,130.75094201686028,127.70683901384427,135.36319994753404,125.63286955249453,122.04977100590249,118.74681523191629,130.58660044332777,110.4123257105027,135.48259840423998,162.74808846703212,158.52475401717822,128.3715586092382,130.20414396139762,132.35175059162447,116.38480625747331,120.05645422934008,97.68215778482512,109.43627872746607,132.55817930193297,120.81708309077068,106.07364221550549,112.06166628834076,140.43581203110085,158.13058446822066,142.06918249225046,143.91709622923986,126.42176991205406,114.09024021838812,136.51404885723522,165.59544992206358,150.85050299460698,139.98813861855484,0.0,109.79748398092124,125.97928904328629,130.64713068278135,154.46591636146485,137.8150731115254,152.31107368023885,138.79366092654266,166.46632786728412,155.61288236996566,153.6752068493068,156.36009537136977,160.61585303765946,142.19559964790363,140.10797010912466,143.69584854776406,145.5254858493263,165.48694778930118,128.32892645685894,139.15224997865715,142.23752128152665,111.88386678900832,130.3404948542543,130.07102287851438,115.88134587202497,166.60774186492546,156.18958623746008,133.56147720619995,153.56026415917285,130.28557550187196,134.85805302775924,120.3529881411389,137.7426973980659,136.3744468298629,118.9168278349052,109.41296734736449,88.15971587043299,128.5535068597789,132.02764732812386,133.06478097352698,147.1440951073821,135.09727746492467,130.76123752911326,122.3052459937797,134.56213570156098,160.23090938870857,181.37458808868544,128.49090841390446,137.23831912634972,162.4073496940301,122.25059022000228,142.93503568378247,139.4958630224707,124.20977959991488,127.65553654829408,130.5919525419207,145.49040202774484,170.08353263147552,175.1485017001777,145.90880030453974,132.83697749490796,144.0857352925124,164.57537366202746,170.8885999143282,158.70376713629958,142.40602418001035,142.74511185635018
156.92748583647773,132.0307722228667,122.3791567269698,142.18432669422592,129.1869203884102,128.90791561962882,139.23102243801148,126.73565464153393,120.60251155460408,148.45616401015138,142.55160267378875,141.12735342668373,124.94590682651642,126.03721924116108,119.32396186969214,144.61770103821442,132.6031186153218,120.60531067789412,130.50703705802874,115.08598615519064,128.76409881753472,98.6000603533277,122.92854757231082,150.31354346621168,163.3877355485562,116.64775577155508,98.6377027701874,102.14189357790808,108.5508328236754,116.47747408859296,171.4657082462792,170.5691507214562,160.5550260427121,109.79748398092124,0.0,111.71922802749776,117.11007455979652,156.80609073125964,147.4907082735249,156.4848555976697,139.07322567706936,154.96145295723252,159.01630036935148,123.67421369003505,145.30502858213436,149.16846346021765,113.42408153479856,113.64390149147494,120.90228088152163,138.92526213724287,152.71214940078244,123.09371271577832,135.40709621556687,145.1497248859598,119.33292822433876,127.561917041876,126.76769128375598,119.9626205074498,146.46474740641236,149.0959079795722,139.71423101279697,140.04090515571963,127.0346704933114,133.8058401279113,124.16443969229152,119.98828028000425,140.3549006272612,137.81489609305305,142.04851431154887,123.12780617817413,120.6251469232873,140.80346625538374,136.65087173651102,164.42774661770642,151.38686565159242,137.21360877756723,122.0481809808675,116.01654594492294,174.21919936760958,176.87952442147463,131.6056252405129,137.85097175376836,140.35328134226978,134.25735056376462,118.0277703015031,131.2620509447229,122.95611524438112,100.53441824516702,123.9252942544199,137.48119693673368,172.2278850904234,156.53934244441996,144.40221559295475,161.29666122645602,180.0657989538706,146.28101576182917,171.58920425054274,126.71178773799387,130.59484353036137,125.96861850026514
147.797481286131,160.82743284436856,129.93329408523462,169.0984895131507,156.183499491423,135.4995245038484,156.87879202816475,143.51215148247485,124.04298246355629,165.7677350576339,145.6943180953448,143.52577825928134,140.13187294509652,132.69928664405614,132.22163722497973,159.56377284865158,154.39985595936542,130.9502831287109,129.08561791440013,95.15923372047205,138.52487022188075,143.8257771789737,149.3442034387007,161.2297575209568,171.0535323488853,143.1228479852201,111.13002814562024,123.52234522624204,98.86944173348324,136.94922001350037,162.84946506307682,180.5946922856184,171.24897684899537,125.97928904328629,111.71922802749776,0.0,85.19020630374185,165.9760843879188,140.47220119672895,164.35171121910207,122.33881231043983,154.3016872262715,142.50100295430457,138.24596120903556,132.78405758903335,144.093063221234,118.11031328227432,118.6656289234069,83.72423887652465,103.92117991553998,147.9874192502167,146.15086268349955,140.4047217607707,165.98887762587802,139.59459537657645,137.1296015243003,140.9820346589512,138.88715604403768,165.82127383469145,152.12362619583,150.62963393511507,163.64862151216744,144.24125008361983,137.9586779459459,136.5667700176639,136.08834213975712,145.53592444232748,156.27275135395848,161.50827146647927,127.7952700025178,129.33993227944885,165.15852539259967,157.82558082401755,175.83309557779583,170.13789139757634,159.23732752540053,119.47387323003326,152.34974397985405,159.4644587163045,185.3477285427008,151.323948483277,126.4341956559985,128.8933925335519,147.8065531092868,123.86303774570136,123.08263752604113,85.64329043994124,120.40786264760892,81.47010405625315,127.79706058485964,171.42833225017654,162.2358877851741,155.76601653037332,137.38256560672784,158.53979978217808,138.9727177194038,166.32963978890675,121.83915423358282,87.63160144975606,93.51745273735304
154.06420116644912,134.55872049184296,123.98279598784676,150.19172823935588,137.43775839716636,142.27263189677603,150.50964136878588,125.51506882910124,123.19520660094248,154.35633306373592,139.02091910527088,143.60790586241728,134.31539212744173,130.96807128713235,127.97516639817589,154.39187012054816,149.3494642833614,131.6789769591773,142.4990750954916,110.51283263083752,131.68914897381336,147.170876016789,145.97564087182843,144.44488228731603,173.26530021934076,135.88125103432827,105.79503344380797,113.94445134569747,100.5989373378695,130.37533943964655,172.32813499430182,173.49039453067775,162.954371295883,130.64713068278135,117.11007455979652,85.19020630374185,0.0,158.97094711847498,131.72081095600583,155.4982964830973,121.83585573701414,160.7262516276574,142.02160886012075,131.53621593006153,136.87514699164427,133.7468677698284,119.84768140741696,118.56320697452902,119.19325421676623,104.16828720139318,154.56964304953308,126.99017314486404,127.00917613079388,146.84921158999492,135.619465755256,136.5975098904173,122.66233395728132,118.68455097620873,154.7136626481629,152.9778194383975,145.77012247039272,154.7484828597593,135.96399383270264,140.90319178422192,130.22545971477965,125.96863850708186,140.77860482655316,154.40104914482754,155.71145881257718,131.52406835270125,119.14218468349335,163.31814492955647,151.8686683714697,166.1541358758629,155.82281591408469,153.39435389893765,111.10199766671133,140.16800226343352,166.86223927870452,174.64793899341367,136.707970020466,134.07892469504307,125.35467243212318,148.45387688308904,110.51783156486424,121.5832105362936,60.02633081192015,114.26457302800128,100.81825508889408,112.84177172912322,170.74899640411502,157.05898815644082,158.74606739323946,144.77846381179222,157.4674434162227,136.35977020694477,151.43865576048512,119.05170681753182,116.72007049728946,96.707292305971
118.21270016993476,160.7895003955219,162.81886580092998,151.90476526073132,168.47388417466783,169.17424731023516,138.57640294567526,157.79420839670132,171.75615578733212,97.89588471419644,154.16103571831692,171.48513903121562,153.4359233988252,162.0683807822213,157.82169174803818,111.41193797143632,150.0708514496488,160.77620625475393,172.43569817013434,159.17883405806637,162.31010504520842,131.52557803860765,134.21203467069813,152.69187520967492,126.0547723274141,180.4540595043387,160.6007196876968,163.06892354138296,173.08287659985638,168.6966673441437,120.03729229173967,132.22071163215895,102.44632509854772,154.46591636146485,156.80609073125964,165.9760843879188,158.97094711847498,0.0,147.4850535352369,150.7123179039195,156.05436188687656,184.5787097461821,150.1037968221358,127.50912616791148,153.35916974994828,144.76741473930227,163.8709522304188,148.95234022584077,169.53495782896124,164.71376028014046,165.03777334563233,179.66600064717167,175.65604938722083,184.261460497174,168.43909536360127,172.29791901914265,174.87563730054518,161.93543699962424,171.7473635017418,138.37340120410994,132.21163318677208,165.9125854048001,167.03427011855052,160.5933809616766,168.87310603251225,168.68360520241424,169.4835131960876,161.88826740502708,182.15967319674712,169.40100103724723,170.75835042347845,147.60641880250628,177.8698122009695,156.04099554126697,155.7124909443009,135.05374458486756,166.33416415887422,145.04689596963863,129.7296141866155,150.06654829322324,159.3217558413681,173.94539426603598,157.69463813428445,156.7193105849944,169.8839886273425,169.1326589806672,162.07466895115982,155.73459997500242,164.2626445741771,152.97130286598656,167.45147941865764,168.18328949659224,150.75027171591404,127.63984708688795,154.62385736849615,146.91954306564546,137.54654493638964,169.4769986783124,169.45873181646107,166.13853169635837
154.45153364394096,122.40854763435188,126.03325506025556,156.98822635339695,145.9477859715155,137.86443523301187,134.92802149400163,129.0261454860638,129.16985286297472,145.39018535895207,153.42838259254702,131.7539131569967,148.79227242612836,131.6342282720526,128.8027161887425,131.46996341235766,136.78560844934682,135.6447088421829,129.40713092857874,139.93643126825282,136.40123523396892,146.5916323644807,144.73337378457478,109.93298484714704,161.64588952375732,130.8685272076081,146.05120547581706,129.18612310180737,140.48828053797527,132.90188513895907,157.30005039918214,151.50469853114743,165.05391011390537,137.8150731115254,147.4907082735249,140.47220119672895,131.72081095600583,147.4850535352369,0.0,113.10623568089838,152.75472605614107,158.40603740687737,152.92527534206562,161.3179497760917,162.94906991973667,162.59613748796687,153.49050984712375,155.3318864452096,158.86456148163592,150.15097591253624,149.3823713538199,124.04398385234826,119.91186540317057,146.0117932231836,132.39486145930957,129.59559947795634,123.04796193504215,121.49320572905464,137.45783073927998,153.22592521510387,154.98360858437678,152.47227879809452,138.25176907498562,139.11168781839066,135.01459010940312,133.27472064887547,125.92239761690143,134.06185133896304,130.73642391072963,120.20882432533674,124.54570485543866,149.46825511438402,126.67145485194447,136.57149889797327,148.77471452041567,148.79756542767387,126.73978403671173,121.4214705060825,158.7086298974417,137.0899535465637,120.37772303802802,142.91022956891285,163.46453080269129,147.97413350169995,147.8298975744761,148.78812666300513,135.5577229319482,149.2115532744967,136.25991172598813,137.08079874181556,142.89137697413264,131.68405865015302,126.18364458292923,158.5665719574232,147.15236050082655,164.45388514933148,164.30345164523345,142.65718766368067,152.9984293203782,148.93746895713122
154.8151984780722,148.87361770395603,139.63582617555238,176.33815369649068,163.3263609191687,143.89991772468255,128.9780755691787,152.30674634136423,144.44184602397095,151.4528615165299,142.18571694727154,118.3335340232454,135.9177157618172,127.45008013961775,110.80565357100085,136.2172381815496,131.2707404824491,142.13529262952534,119.26294190921806,148.25260395818833,126.9611787737252,150.91114929636706,143.33964678893085,101.49475857966972,142.6753003604473,119.80557305249582,161.28375037599574,137.18796136989153,148.1035585360632,119.54843304933922,152.04684248338864,150.19261743437335,155.09599138189373,152.31107368023885,156.4848555976697,164.35171121910207,155.4982964830973,150.7123179039195,113.10623568089838,0.0,181.15161931741483,152.47599942014864,168.21510503794445,168.1184553532539,179.06006059418266,161.05899056997055,177.0863021320501,174.4054034120748,174.9587517036871,179.5053618277955,137.65121695207793,145.70456359519468,152.4753955377965,166.33135038729682,136.60003013407342,144.79272011044046,148.54267767731005,139.47489905917723,145.3243954181741,124.96678872373116,133.45319571124355,138.39279728089517,147.67054369711863,153.73620141369625,127.34382908110948,123.3405886238044,130.80593865095523,124.9788870017556,129.25055774938417,126.9193680233589,126.2403793519172,155.27312202742078,125.65842066396591,102.14540172440044,108.1098124742802,135.7110737772359,123.73305826075467,107.99105666865825,163.75541449112458,144.96205378107987,130.4970634853697,180.8777946903361,174.59474370569643,168.297221175549,157.37245406620127,174.43953241964456,163.82954992499458,156.82387149391587,148.47056911375267,153.55170518578393,160.84282947142736,149.91530254959244,148.83593748300007,166.81556675661062,149.26746149471992,175.91011470639586,182.40849779266716,174.85568940103238,164.04133893566683,180.5304469975141
151.4256132675274,134.6003241838289,150.96976408427105,121.43060250247544,133.9523951571962,147.65037819429818,143.96537688521585,139.11131128748934,135.25759064908607,154.53908212834975,138.85830856129508,153.66713324390497,149.09991759801977,136.93572910984344,157.2135542003452,154.99501898679725,152.9369491119338,144.85179304124455,151.888845022024,123.57377096701188,151.51402908426007,140.39664194425347,160.69945421461725,169.97812882153795,178.87300132869603,171.59839440999087,114.18354911805632,153.3137691548375,137.90069335234483,156.8138917839438,178.54030659013944,166.34705284734292,146.72324796983258,138.79366092654266,139.07322567706936,122.33881231043983,121.83585573701414,156.05436188687656,152.75472605614107,181.15161931741483,0.0,121.68004076200714,119.23053996307628,136.75920626503358,134.79572559510495,114.50205482158192,54.22706044850524,88.90355077102755,111.83252677570027,60.8862259408487,166.62361247152,142.3678881231263,124.73010917609136,123.72432512683542,152.2874923935861,147.27940548435873,135.47917539812704,142.06962298411418,152.11062617240918,154.98060946885644,170.25376098654186,160.03596564249096,142.0994271735069,133.33455089560718,139.60872104785244,146.50666236110257,144.59288378201933,169.56872269630284,181.751852424755,150.1478000751762,155.67899748038838,163.37002580416703,169.72065231746905,183.22412092251804,182.78810328415813,176.3495644263429,166.59296937855368,174.83469907261224,170.38004005890818,175.73697142579095,177.6219822939429,85.47242532543581,135.37648200559744,143.40048317066595,151.5029021551997,100.69057117874172,113.51574026002145,156.7422953507654,137.05248338606333,119.99705606198631,151.5159014391824,152.81853115774263,161.1793357168907,131.21683917450576,146.84500854476784,128.58044054331896,126.9591052372458,127.79478035023683,120.21158001423262,86.16879048706906
155.40709138242494,162.1752605053976,160.1761554182943,141.04025695738284,158.717905225269,144.62017322803098,176.63143088009593,163.09997351231883,151.93289484838473,175.85148725299587,123.78326766240568,134.91412018939786,148.59311893799233,129.27172146046917,152.05510422376835,178.30821141487115,165.52472179680765,168.35407117018872,145.3088434213295,153.06046599792765,158.79978787663202,160.08102705800007,173.604975884176,170.2175458377935,165.74517848921357,140.31763422359916,146.0843067405641,159.41671931420382,156.17059887649265,145.46845797581594,169.00438584573945,158.91658517550542,166.40811217454458,166.46632786728412,154.96145295723252,154.3016872262715,160.7262516276574,184.5787097461821,158.40603740687737,152.47599942014864,121.68004076200714,0.0,139.77701582660663,151.00857370051796,146.67629848643162,124.42459284333154,114.47421813180878,139.0318748980859,138.69457543443696,114.19237337441984,144.49096169019492,144.99553596248782,145.78458839076188,129.76790112590066,149.71529062296128,156.15403149686244,152.7656270256944,165.49636635110107,144.0781072079248,141.0425855502137,170.25469088784376,155.2058583379207,149.61049145301598,140.08536662962953,152.43662547983493,137.45744980680556,155.0640910172727,167.53141389217615,160.85111738926844,156.08505504021775,158.06516271176264,166.15767638729125,152.8823471815814,176.53517731468474,168.5898544434113,167.09709478937447,161.20559601518835,161.10848441809588,170.11372511654156,154.74697510574975,171.01478061747127,129.11248734902003,152.55193346250906,161.96681167490658,167.3636435755282,136.60994158823004,158.08722985195448,150.11988615644484,161.38808818460876,158.3743979334156,152.00677098005576,144.48002786800794,180.69704854639164,151.39458775771217,153.38317931297303,135.19568151322335,148.5770058696317,156.9313095594339,144.52931390717447,136.42929660124392
149.4907091195688,136.8997247265968,166.6433229908818,126.2161901944296,140.28895656766196,168.8126653004129,162.23093076208616,139.4476405510561,156.87946412600343,156.11364722208492,147.19940010382936,163.37487364544938,158.79405677081064,147.34066979557724,162.1888457583517,148.10811789854424,149.30556137463907,152.36779992620615,162.35039948850084,154.1160524422941,161.25215737441246,167.67072091411973,150.50278593237834,168.2382486796721,159.05092127905016,170.55831495322127,150.010071510736,170.16710792212984,157.84455700225692,172.49574185635157,154.59526633868566,149.86352909773632,147.8446625497324,155.61288236996566,159.01630036935148,142.50100295430457,142.02160886012075,150.1037968221358,152.92527534206562,168.21510503794445,119.23053996307628,139.77701582660663,0.0,139.63333185857687,97.3475533302994,148.16724338526365,134.21500349058218,138.9090059798675,150.27217317055232,131.3800219127268,143.8637881743603,146.0388459037533,138.00942653467803,139.10103081785542,170.0342679870555,165.6689252433245,141.36685809347497,149.4183584513732,162.2918886959289,150.37126741616223,163.8154080503165,171.5572887837784,154.31628750991445,150.519897086042,162.86721472644638,161.35351297492628,161.7058272795705,167.25408788517814,164.89218065921722,166.56914187987664,166.4678650383345,153.60673878213004,172.81814211320528,171.72624791589286,164.11764353552198,165.34572479124708,170.2953510844159,167.50792197453436,146.40975776433277,151.22192240297423,159.7518982204479,123.04363414093925,104.19656307806773,134.36236203533605,152.7136512764334,124.80505060176534,133.86533612658326,158.56235638952896,141.4541831449232,140.6279421595363,146.49583961597318,152.11661190517506,154.62481289177543,119.38300548800896,82.69947608213258,130.47803830918113,117.51857764968192,139.31822643792336,145.5692722230001,129.04779361772358
143.46137766550726,153.89802241283985,153.6723885688809,154.62281759993624,155.92371603361687,168.0241854319765,154.0855151123023,147.96350120448648,155.52903394900443,136.9725389469628,147.7029198895803,155.45449175242203,138.05893805354413,153.20188730454265,144.03772788061497,139.23379915320135,146.64463697621292,150.07570877794126,165.2402566017335,139.99926482348502,154.4474624200273,143.16362882147573,150.1204312626849,153.7157205969666,135.6286588704631,152.74686113420898,129.3896278005275,150.5153922455383,145.90974149199857,156.63780390778618,130.21733050693342,166.04075758970146,130.6739375463993,153.6752068493068,123.67421369003505,138.24596120903556,131.53621593006153,127.50912616791148,161.3179497760917,168.1184553532539,136.75920626503358,151.00857370051796,139.63333185857687,0.0,118.67996974820416,134.0252356899023,137.75452930140233,138.01330660210533,138.74903615557616,138.41493797461274,151.29075517759264,155.96213878716603,150.30426731110478,168.03960669736313,170.47524847976132,166.23378111172772,159.3610042379586,150.35696343667308,169.11769023616847,154.39885154549967,143.8061114219768,161.90771825535535,150.83559080558973,157.96418703612036,148.84850340066995,150.45739681796726,157.1286799994145,162.64877828423064,175.28329831467784,157.17496404350055,150.13482643153952,143.9953608647461,174.4873859482713,167.24726536940608,158.75617542111738,130.65127302523837,145.9698719587421,153.4288160546662,116.86022584504484,170.5876619272707,152.51750626664062,141.18568336018444,120.41546431059342,152.9893125911007,132.55418494625792,142.12935725158508,134.4218350862854,118.7116359725247,128.00810206807705,130.7719145527883,170.6260525158899,153.62355927484504,158.00568046101404,116.28767001603312,154.07251509855593,76.34887200948707,121.00317101202418,142.44968819887538,141.0737589774856,121.10310853917784
151.66603503998277,143.31327654794805,163.85826128081754,135.10711519920017,144.21545724582535,176.72667047240776,170.1273144361157,143.92329998325974,163.8098742307775,157.02791883395992,148.52522296418795,168.52713725722688,155.85216400788494,157.4258812768037,163.03547400906766,153.82920788850464,164.01419566674724,158.77460989083784,171.89046282290036,143.98971389759436,168.8808600866193,163.61429632227606,159.1934978886887,178.56454437662342,155.99769911456005,170.50672423148177,141.96787304672995,166.53769345549853,147.4438444144139,176.0856277766859,143.08501629051634,166.32383140359406,159.06220871140152,156.36009537136977,145.30502858213436,132.78405758903335,136.87514699164427,153.35916974994828,162.94906991973667,179.06006059418266,134.79572559510495,146.67629848643162,97.3475533302994,118.67996974820416,0.0,142.25585637562088,134.1652530960186,137.79701595211486,141.01759088672708,135.49071361492832,154.86741554027816,162.5663104744578,144.5824110745756,150.8651325865464,175.28602825244974,170.35065005134146,155.64140907373513,153.77106764151287,170.2801838679835,163.68403640454943,161.91936801517753,170.70896732983874,153.8866422120916,157.36684887484716,161.13159286842625,162.2505700940924,167.69166131308134,176.28851359541068,168.19899885664282,167.9890094869436,164.75076641842185,158.47961182412388,176.1508324807212,181.70915024830637,169.93404778034153,163.8273364092219,163.26196393412167,169.8828210465694,124.5052218834557,165.50583627343457,161.9222956954528,125.95484986936276,79.38458953668257,145.83532264495486,133.74376164507072,123.66112603030602,123.74490369903862,133.27052524674662,126.89131773249186,134.75341796515434,158.66637322749162,163.4284149027853,161.90900276502157,128.5657046399926,124.31727761289422,108.77039419060002,118.39804221912492,125.22575428023016,135.053136923025,117.62391410509392
140.54157683840634,159.41422201437956,145.56447214882598,155.47987151950844,157.55493334820665,148.12500125465112,145.74740476107556,151.9097952119699,157.39856200940432,155.8654161818609,134.527915454133,148.9915446967281,145.7978370364218,130.52620105981325,137.30942156213774,152.28884138746753,159.0413312775163,150.6636797473826,147.19312962344824,124.78482045294624,142.29628457088614,139.8285687898053,151.37044030474732,167.57020786217942,170.84407150794283,170.77051247051344,105.7248880135162,139.6899471662563,137.24160008049122,131.32650700026764,160.59913318762608,136.97379876578185,149.48931897185292,160.61585303765946,149.16846346021765,144.093063221234,133.7468677698284,144.76741473930227,162.59613748796687,161.05899056997055,114.50205482158192,124.42459284333154,148.16724338526365,134.0252356899023,142.25585637562088,0.0,102.36710961727118,98.6587805478836,125.52347118798804,105.10719071487875,144.18151121173776,145.1552672730259,144.6124568200926,142.78062782001433,154.8493619549919,157.111138387022,146.30161637844097,163.1903527095272,160.00978596130744,150.03966947718598,159.09629026828702,157.52300821413417,144.33520232709964,134.67784602388727,139.50435543265533,131.83221980854273,137.7239374044423,162.0244180568452,174.00863569325838,146.49180599926632,142.50564292934172,164.73025070392686,148.25875250269115,181.3195170967864,170.7086256942341,176.95086981628418,149.30325014260615,150.73296565391664,157.1640369696753,146.51834036684073,180.728656317138,130.8172176232951,149.09077902869896,168.25853914198865,147.93352859872448,127.83364848327318,133.37849969874208,147.23095017431314,141.09463715807402,150.19680900611974,165.34211876103006,143.38006415706934,180.7860984616389,143.08546036107987,160.42058303181716,126.40894595566948,122.21807077808552,141.79625694572127,133.5878822760977,119.87672862754076
153.69876719216737,143.67312522637047,144.08144194997138,128.65270519174845,137.41799595021246,141.406088307776,146.23035921737747,144.22432379425334,132.83306947641,163.2393886387698,138.11394625898706,146.87683939899296,139.888910653892,131.87407934490096,145.46470258688973,159.13045135998186,151.0187366560877,142.8997246576481,142.30779212275814,113.38240816628208,142.71329082096048,133.38970357890622,155.6281228097351,168.12022133054836,186.01021351917743,155.3722808689526,91.74059838008615,139.60226966750378,130.5187846943007,140.05399472813883,187.3630120175812,166.7174950250333,157.93891394148753,142.19559964790363,113.42408153479856,118.11031328227432,119.84768140741696,163.8709522304188,153.49050984712375,177.0863021320501,54.22706044850524,114.47421813180878,134.21500349058218,137.75452930140233,134.1652530960186,102.36710961727118,0.0,73.64079638457841,107.25509002709931,65.69035166656718,160.6352680022079,134.60616986075394,124.26740065312408,120.803010557963,146.9147498463478,143.0289904482417,132.6930260492495,146.34224696601507,148.9903560856952,157.74599824924803,165.52364930617165,155.6623557320433,137.34506488036658,125.8418613248872,135.80343499680936,134.5207173681001,139.47691743308985,161.08991255679996,175.17042655836502,145.6889003987746,144.38651120849084,164.77643265711208,157.12027415309672,186.5383118184045,177.2912218596215,173.29439313947148,154.99150863184155,161.13235789406173,176.02902713405285,173.4954133436101,176.00977225329086,96.13812335016551,137.0457561581594,147.98635775029777,146.00555780740495,104.28980276895535,116.65951927862082,139.49871806898528,133.82808172574886,129.25530270941556,158.696181698882,149.76704979388165,165.2764332752392,150.02877575662927,168.89820202817072,129.52882204229408,131.77986242979614,123.8566330371922,117.63273525279904,88.37110321492005
138.80944476671374,146.0756084742855,136.45185702084382,136.35122810014013,144.79914983847516,137.86911593154753,134.36004419778675,150.05699503948114,144.02295161559687,144.62929806242744,143.08063203418732,150.86295574760484,135.90401416084893,130.1194717396937,135.68722290069877,142.12274259250503,149.18482263493308,130.06030184775682,145.61741677092078,100.45113833067204,141.49083860691303,130.03153472912243,128.6531490391344,165.04844072032387,175.59763706400935,159.74667890859038,76.12294380252678,134.74964560693076,125.30284520614424,139.05663212947195,175.21116072103183,152.2009963121857,152.61328666276185,140.10797010912466,113.64390149147494,118.6656289234069,118.56320697452902,148.95234022584077,155.3318864452096,174.4054034120748,88.90355077102755,139.0318748980859,138.9090059798675,138.01330660210533,137.79701595211486,98.6587805478836,73.64079638457841,0.0,96.5042942342448,96.7736823437697,157.24241267092904,130.71825359687818,131.9349415449609,136.46189576560224,148.49639955445952,145.27868468370082,137.8432943586678,153.15385668614266,156.22433768607317,149.156930197639,157.76608077322112,158.02814255017836,143.39925078609724,133.09207558925524,135.50498346514905,127.4748720417528,143.4895193125774,161.44424800655338,175.59093610422337,145.56641565629295,140.39637973006893,167.6650097032631,154.07367458960005,184.0313755303501,172.28235228721803,174.09372647580523,145.890365775163,146.65785906271876,174.17979060546986,172.8714794952651,177.6777502855054,119.5282764177869,139.4973731102796,152.02806301432858,139.2512888989661,104.1619412049561,119.08837083580497,132.57359138597397,123.66929934412572,138.64354546610224,176.8756001722652,162.4072512910832,169.88667637514015,144.21041203019865,166.8426850599868,138.39827311616517,142.853510205935,106.75383697084592,108.24645755034352,104.78107025234294
133.40359480916698,159.860227764216,125.48823505685829,151.79673669081592,149.0237027653388,119.80928640821298,149.84545727047268,141.51509682615796,132.9242427895948,164.54124547176377,137.8828887078621,144.41454459491987,149.04469612256412,128.5869214214465,137.5896933377208,149.1431789974929,167.77379797263194,134.78534838232207,138.52642098588734,95.306742770024,139.2496672924687,144.08923294040346,155.3965112769246,177.22672432773544,167.0078318464125,151.70173709385062,96.91894108174652,127.15910346190256,113.24311670021471,138.61409063238486,170.1485053462962,168.06536575141484,177.45543289144223,143.69584854776406,120.90228088152163,83.72423887652465,119.19325421676623,169.53495782896124,158.86456148163592,174.9587517036871,111.83252677570027,138.69457543443696,150.27217317055232,138.74903615557616,141.01759088672708,125.52347118798804,107.25509002709931,96.5042942342448,0.0,90.1808929376689,141.40359451302362,136.31319054713643,128.77181160302808,150.3559674036857,134.1217320016559,127.63452249701253,131.51745563353353,148.6204021389157,154.0467268420035,157.11133249752658,169.6708983343433,167.58718065170024,153.0191978345602,141.1243857632716,143.3989647250715,135.62086079757518,141.7766498834438,171.91196810845963,175.78836052715582,137.26969502754253,134.95026941561673,179.50708527835792,147.28460490981254,190.48083656401008,185.11932593111817,178.20217229075712,135.7624697823032,159.30480761466214,171.67286079033994,175.35154751263286,180.6009271908215,129.61942761294222,141.6248287418867,169.72018914555332,146.57238179376515,129.1190789767143,116.53360633545712,139.0540373397896,105.27062614179896,157.05936192086517,169.63947520126777,153.26297289286364,165.2013274925892,144.04972546522455,168.25259725253346,141.10233272164712,163.12488413177138,121.13402683177496,49.9445568926808,92.49301600245724
143.6653908297143,147.39294475119283,141.90922159826712,137.07445289007447,142.5392123238619,144.14236494448448,154.52707932075126,139.91451921015482,128.47166632617547,162.4826127666388,131.49342246439073,148.31845339177966,148.1898602152417,130.84843140472933,150.23648623412726,161.40317821818013,167.11097091669683,145.75297363729825,153.13210195310864,107.77465131377834,143.9183774952614,147.52873412966753,164.56516765151412,173.27661417107925,175.36147935791524,163.58159510594896,109.82280715229328,143.4639049271181,124.63050241085956,146.88936482827785,181.84274619078892,171.36546532071634,164.9158685593506,145.5254858493263,138.92526213724287,103.92117991553998,104.16828720139318,164.71376028014046,150.15097591253624,179.5053618277955,60.8862259408487,114.19237337441984,131.3800219127268,138.41493797461274,135.49071361492832,105.10719071487875,65.69035166656718,96.7736823437697,90.1808929376689,0.0,161.18944821078057,135.72794375620336,126.10301467824252,129.74076297257903,147.95162756256326,136.99919910726618,128.7603803947875,146.80457961835623,154.38822028802576,160.35063055873883,174.35580718907727,164.39358875993514,150.62631931214824,136.6646711029477,140.39601690985012,145.15511892142192,140.32523327200326,173.6001330071357,177.90335879612297,144.91387285805746,147.1518931450337,175.85261666485627,163.0729742657595,189.47599962703617,187.43445961856256,178.26067653189355,154.944793813162,172.934135129396,172.75449025382244,172.0740468903889,184.03572410243737,102.80822849096047,136.72763756014018,160.6904398335264,149.9166140377369,117.99007131639377,104.15233394528636,152.30494683994002,122.52492854681508,139.72077260449248,153.20479918650966,147.89476286448223,165.71194583463696,141.7518978614898,158.93229078395194,125.4855436200695,140.20863331213727,137.75658694671577,105.9518113774892,71.39777391907533
133.4304521536189,157.0559667108082,152.3600801014996,179.10030996158466,162.55258724236302,149.0222821691027,162.67707625314074,153.15453464741145,163.97541471512852,168.6160430558338,142.8307787249297,158.6441236906592,172.1713022502023,134.0033706767269,127.16094868690644,160.40801819176772,158.10294055637294,133.48158950789738,142.5603714513397,138.95495237635174,153.21924517712253,156.99677134639973,136.2264779569634,147.32312201920382,156.70728932032245,158.18328136036337,156.69108656096165,145.53112571542593,140.09183629673527,136.17344663841584,144.631555130697,140.50216057847206,157.69232848278642,165.48694778930118,152.71214940078244,147.9874192502167,154.56964304953308,165.03777334563233,149.3823713538199,137.65121695207793,166.62361247152,144.49096169019492,143.8637881743603,151.29075517759264,154.86741554027816,144.18151121173776,160.6352680022079,157.24241267092904,141.40359451302362,161.18944821078057,0.0,143.1313964641603,151.37699591255097,153.52471978453457,160.96347525020383,145.32806385722026,140.11686637385478,153.83607393055755,141.1335624478937,159.75831566232455,171.01367456808907,169.04312703599848,170.27122496258497,159.07466830146498,144.1172291350593,138.99146993408968,137.4302267490697,166.00746133507542,149.0879940959319,132.47898773211438,133.48528375031665,156.26487899753454,125.76982758830054,148.02952395958863,157.195621283222,158.83843571187407,139.00945621279214,144.59113818145147,140.8360758199399,108.5884403973284,146.35663201981643,142.13020813698006,150.26760521101005,148.50168313388806,137.93808979561595,138.0541624453546,139.88865291244062,156.03548159122624,128.84330513051572,160.96005168499585,145.0186091139054,118.07950956986495,151.57263940892366,146.984482108116,141.12250104561446,139.17270743065143,133.9954987837832,123.55656938175696,124.80263318180796,146.4534413302202
169.1846665699627,79.86920190208565,80.40894712851309,119.33481334767112,90.03842392369931,91.08996346190378,133.9595561909227,82.90246019797169,77.76705473116078,157.8924053276262,154.41353508234724,129.53434021164392,146.94329256431433,117.0472087686906,123.8043563004679,138.2493424481784,149.46240253136534,104.3525041881316,125.26497126485538,133.63692337749671,129.33028647213402,142.11338448475226,126.15545899927716,141.3875823945827,169.65127684756396,131.83896840596734,113.632072622237,115.38108893547567,116.40161522711152,116.33386485675643,169.69424196512807,146.45264666933173,169.7477224283769,128.32892645685894,123.09371271577832,146.15086268349955,126.99017314486404,179.66600064717167,124.04398385234826,145.70456359519468,142.3678881231263,144.99553596248782,146.0388459037533,155.96213878716603,162.5663104744578,145.1552672730259,134.60616986075394,130.71825359687818,136.31319054713643,135.72794375620336,143.1313964641603,0.0,81.96814753667117,91.6853096686167,72.72946033086734,83.20710193663666,49.78934430133246,73.12041689313912,118.796972640921,165.0372678583836,162.37613849998093,140.91886428663548,122.6064261773757,129.39225920567196,127.42862651485945,108.86144267510484,120.61751435629058,139.76829215248551,114.66320009847624,103.0650146179,113.2098173043308,151.15519030177472,102.53193715853688,149.10980472515962,150.65344314213377,148.05976690557367,122.67324751118156,123.98230479968493,183.62975653349469,147.93237999281098,135.36747624000816,144.53531569607645,158.80413444060838,151.64493108463068,124.93975271455122,133.2360555009916,129.74974134531217,134.14714942082134,133.28089254653855,143.5898741038692,152.5468953947922,131.10393954072606,136.2909862698542,157.1765563139537,143.42813065377675,161.70747525210027,165.78810633919431,133.42910150802834,136.04459860120355,140.27695274330094
178.31226458338017,103.64420900441309,122.14771303973356,122.21043841090705,108.78879717436556,121.72319384704292,144.8918333265623,118.07495109968644,115.9307121058676,171.90687347576372,143.0688733266826,126.02071994609882,150.82575544932337,124.0801541620125,142.91361170941238,130.9269671018838,142.96092484127882,131.76730738084905,136.59241770017755,143.94982046683515,152.54497299648165,148.66633857574726,157.88025698860554,161.3959723057407,170.18144566093633,138.57911792272097,111.1884711977616,124.61690739990094,138.76171830360235,132.7091496232053,167.28786788777725,157.61538023765235,180.67251035115456,139.15224997865715,135.40709621556687,140.4047217607707,127.00917613079388,175.65604938722083,119.91186540317057,152.4753955377965,124.73010917609136,145.78458839076188,138.00942653467803,150.30426731110478,144.5824110745756,144.6124568200926,124.26740065312408,131.9349415449609,128.77181160302808,126.10301467824252,151.37699591255097,81.96814753667117,0.0,90.5964052659883,111.7630217949647,126.87001806568718,84.06021738978589,116.6484860062579,110.81727654379112,170.01545064004944,172.76494984620672,144.31817505856833,122.01492431766238,123.51260480217552,142.10237017703355,123.57429375063684,130.83083017826397,152.2920097975354,130.2055646583216,115.71916729308816,137.65315577764636,152.2977899012585,118.3376650990074,156.2281480129238,168.5059120462388,155.72765850336816,143.05224784935172,134.25837160592462,166.2706722754976,150.79689180146818,150.16606963084848,126.7507868564625,146.27778770656727,152.0560961370349,142.409829272369,134.88207271540284,131.82602524442933,147.04900445450434,144.6438802190631,139.49930777817502,144.61311471879324,116.1312757252532,116.85689192000268,141.22387776330788,147.79097422034363,151.2066226250612,152.69550588520607,126.82602350319968,135.11667241348033,131.42338158154217
170.8232542108238,96.29871528637958,124.60655779590698,84.46741858514531,86.31254366800958,123.06484568383794,136.60429602819892,119.69397271874232,107.50777852400888,158.07285240642625,153.97369900076944,130.11902727748867,154.85062110842807,120.10533213190637,136.28450880512952,150.2165015646736,143.55879922581104,131.3295821437947,131.55302701543255,141.823346723221,126.79715864330085,148.0880163709067,144.6073874782041,154.1158819714338,169.54984687326726,137.44012868218712,131.85986947776487,145.58416167540594,136.425800803336,130.6663205100169,193.74896626935384,154.86502709573972,160.42519744986637,142.23752128152665,145.1497248859598,165.98887762587802,146.84921158999492,184.261460497174,146.0117932231836,166.33135038729682,123.72432512683542,129.76790112590066,139.10103081785542,168.03960669736313,150.8651325865464,142.78062782001433,120.803010557963,136.46189576560224,150.3559674036857,129.74076297257903,153.52471978453457,91.6853096686167,90.5964052659883,0.0,120.37822208817596,119.5021451276772,99.3152854002793,116.93948690304452,111.56193072909346,164.23732932619438,172.80720244448128,138.10384320203218,112.56883998840408,124.7200480695286,132.1536344111824,114.89157936231008,124.32615656100012,137.76382050059465,125.90809924367512,121.97365838565364,126.904413156306,146.20047950197747,114.4636920536458,153.81053990633194,158.87523792859844,157.72919372268257,146.60036131744909,140.40763053810008,193.81923417826903,144.5195141322916,151.2590525313948,118.33917048904402,161.0319639564663,146.1747200446293,154.5944438295908,134.17978424944562,141.0928538016666,150.63434719876938,154.4464762290044,141.33225964249883,135.1487577163549,125.75316663475392,142.29261138241986,165.8485391332842,143.39874010263577,158.7997835421181,151.291812603884,140.0678378716146,150.84791950109536,136.41303482852945
180.36707570709655,105.80313053273608,77.22987682644583,127.92552751807256,99.46486860848074,66.42488459156736,123.1368131072548,97.52577063036362,69.78768220220363,148.5419519465622,150.96288824213678,125.74241664520348,128.0726420181514,121.37161494604403,127.04104566262468,134.62016833558465,142.0977930798488,119.12042559386173,112.34869029376866,140.44377107470197,130.97075193323803,126.75918676125433,131.4370622407705,138.87037647529922,161.72550315880886,122.54984616023016,132.46943443017938,125.05870532117676,114.43785440096252,117.81990497275294,163.0903585972734,150.6170843585521,168.0238274182425,111.88386678900832,119.33292822433876,139.59459537657645,135.619465755256,168.43909536360127,132.39486145930957,136.60003013407342,152.2874923935861,149.71529062296128,170.0342679870555,170.47524847976132,175.28602825244974,154.8493619549919,146.9147498463478,148.49639955445952,134.1217320016559,147.95162756256326,160.96347525020383,72.72946033086734,111.7630217949647,120.37822208817596,0.0,84.96654461584131,87.45604943340996,75.10141264950357,133.29397687595838,146.21785693244908,141.60472278560934,122.67861609086388,112.61563636981056,128.5606150393437,128.54336318424117,116.33249752093953,133.43533296793552,122.37409117630712,121.36386207149503,108.22202104215768,124.76387885548564,156.26537250843717,110.69973060203952,146.16482298030886,142.6082023657689,140.436297840194,120.82264489517,119.10399420412162,182.57105464650724,167.2340510028021,135.38361255942385,160.16322506885246,175.33453005603536,156.40618899947873,143.62075718599158,151.18921023207923,141.87488680541438,135.38372783216337,145.1209977769318,157.9593171269688,158.3926097624908,151.2026269977564,133.19729851750176,161.68325083307005,159.48736186933672,175.07193952139824,180.7084694791408,165.34807910560457,139.4782400127196,156.21854467535383
145.8841034808425,97.07045092954208,66.45664218470127,132.43493203550094,97.31362488856148,71.52587756285817,124.70844427061712,99.75779284823592,76.05271595688362,150.16776784906082,150.65838346580023,138.79041645334513,150.40548530425997,123.47737620356462,124.89491783915044,139.2971412025379,157.07694281670013,112.99920481294949,130.9710158693751,126.50752761466214,122.66098912032302,141.33477405958308,142.4969509109321,135.7122042458722,158.85776267307884,130.14595274021963,127.75876066481922,119.77684460659336,109.88083910529951,123.7662371350284,176.00723789274096,152.66249908040066,167.1312001597468,130.3404948542543,127.561917041876,137.1296015243003,136.5975098904173,172.29791901914265,129.59559947795634,144.79272011044046,147.27940548435873,156.15403149686244,165.6689252433245,166.23378111172772,170.35065005134146,157.111138387022,143.0289904482417,145.27868468370082,127.63452249701253,136.99919910726618,145.32806385722026,83.20710193663666,126.87001806568718,119.5021451276772,84.96654461584131,0.0,86.20311259210214,83.59256964167537,129.11329694785303,153.48573680542006,157.59678849593894,142.4760740406903,138.69665047501758,142.8528452805835,125.94390438911222,125.05495985300476,120.9393653318257,145.5029126380613,134.0845830907225,119.03898931463551,116.97956119529285,150.3186984888441,126.08927040293392,153.90606355376715,155.03032476975804,151.99535856055527,118.10806201818166,131.95910400981268,190.9307550587567,149.5712617480217,142.89428828218058,144.382133389793,175.6784195403742,154.21177934345187,136.28969019739398,145.37234464865813,133.37445122091398,142.36919647452584,129.6757974182148,149.00074450268352,152.00352465690236,147.44034671134173,135.7427784054135,171.28979613870956,157.9665512479889,173.40234801344087,179.72495987869695,148.30707146999845,127.12472653646688,138.43629813830128
160.63873673382832,82.68436940435616,86.89800068257597,113.3731410605058,84.76551190954478,102.36814221019888,130.29421104208402,65.56249595793513,88.77562133831512,159.73081390448746,153.10168989369896,145.40436778504568,158.75081488512416,130.88897661282004,131.6204132931477,133.72129477969716,162.5548662572843,96.79659624226927,140.00275823264926,128.798481215759,129.67338483246905,146.22813669842623,132.12120197223337,143.99113949964294,167.73056352034865,139.0182337271434,123.46420348270024,119.37167833662504,114.58071398647728,126.1320595986284,173.09169641692682,149.24345303594436,175.3965373638418,130.07102287851438,126.76769128375598,140.9820346589512,122.66233395728132,174.87563730054518,123.04796193504215,148.54267767731005,135.47917539812704,152.7656270256944,141.36685809347497,159.3610042379586,155.64140907373513,146.30161637844097,132.6930260492495,137.8432943586678,131.51745563353353,128.7603803947875,140.11686637385478,49.78934430133246,84.06021738978589,99.3152854002793,87.45604943340996,86.20311259210214,0.0,75.76709918472629,132.743752584027,176.18754090300206,170.73725030046097,153.73278460434727,139.0329935251684,147.49663917450954,137.89460004193538,122.64856655762524,119.40673704726166,149.64478515939848,127.37534730212435,104.5708605905871,111.44670294260904,152.69690592295427,114.00792878190956,150.6142364601318,162.78883978938865,155.9605500987318,131.21030768202763,133.27374378588388,182.90678832605624,145.9449949440164,138.52382417991788,144.2219198651885,155.96807114922896,152.8997587770531,129.6141985279121,133.3109436732257,119.10478761183556,143.52116568209112,128.19751265709033,146.09324809658287,147.92148873497746,128.53025098022175,137.59036910045972,158.8264610318945,144.76457076458087,164.99364496910394,159.57393226169444,135.76060199747826,128.0151986990409,128.62698048040406
170.9005495559453,83.00897625247087,87.23791679925851,115.06546338427268,78.91845005143175,99.25161042585636,123.17845902331165,64.88519559867127,67.39884481426922,140.12183812658907,154.4490281200375,142.94604219127518,137.25693965577267,131.43116419690188,120.08550597340492,125.00230250610954,140.79802482467352,103.56453623307245,129.33226659182503,138.57575452098575,124.04863341705722,131.35437177824298,118.5827991867644,123.97307536136074,155.8865546850119,135.6131775243189,137.28276028152354,117.190639303446,106.75442379992464,122.80832390738712,168.70214281499665,146.34699189966562,152.1815721735033,115.88134587202497,119.9626205074498,138.88715604403768,118.68455097620873,161.93543699962424,121.49320572905464,139.47489905917723,142.06962298411418,165.49636635110107,149.4183584513732,150.35696343667308,153.77106764151287,163.1903527095272,146.34224696601507,153.15385668614266,148.6204021389157,146.80457961835623,153.83607393055755,73.12041689313912,116.6484860062579,116.93948690304452,75.10141264950357,83.59256964167537,75.76709918472629,0.0,141.27408777128167,157.38505099196544,141.65804331398368,134.98536154744906,113.41685044558592,138.50824131193292,125.5688993538664,121.90158721261083,128.93693064279745,129.5129870788581,119.82848884900856,104.77184808417532,116.06428371030884,138.22092379661044,117.45026169060743,138.27470252148424,139.879469204831,132.85617953411895,114.68877006289516,118.23937212655524,177.00270392442633,154.41186759564218,111.70801083151264,148.40826186266764,160.2224925498058,144.15775506041854,124.1594086332079,140.21581428060628,123.58107031732172,130.92380586591224,127.41953322684827,133.84933330400173,155.18213272209354,144.34302992804896,130.40062077403203,154.13628448389184,138.6503229117057,159.57489767394537,159.32232223370596,150.95817476425458,143.15792537573122,146.7784236317194
169.63904400212698,133.42493539208604,146.87404429064196,157.09107146377625,138.09997469810554,137.406061648744,155.27537307407556,165.18209472592457,137.5205740505897,161.23678334234808,138.1031995442043,112.91957978832151,150.22608162412675,133.13706830362278,148.58326388533263,173.6587829756395,129.86272022176223,162.41834719710792,137.19080376347932,160.72953128423364,152.14383177383655,145.16704031731544,171.07150749578653,138.18483283100596,164.604042035688,127.31262420564777,140.65321763007324,137.72985190400982,151.47011875785358,125.1070622728356,165.05310662654966,143.6087527831696,169.30826438359446,166.60774186492546,146.46474740641236,165.82127383469145,154.7136626481629,171.7473635017418,137.45783073927998,145.3243954181741,152.11062617240918,144.0781072079248,162.2918886959289,169.11769023616847,170.2801838679835,160.00978596130744,148.9903560856952,156.22433768607317,154.0467268420035,154.38822028802576,141.1335624478937,118.796972640921,110.81727654379112,111.56193072909346,133.29397687595838,129.11329694785303,132.743752584027,141.27408777128167,0.0,151.3591784147765,157.79162086470052,123.92645310187208,132.63755450564622,116.39523535413475,151.32653979121676,123.42443520017184,119.99141382243812,135.2683899658985,114.88115590701634,139.2160310385257,143.34391803559876,155.11024506934103,119.96279303324732,132.20199263201027,141.36745958760372,150.44799849748424,150.87123669974886,137.76124623972655,176.9147041361876,123.51814079346654,144.11279706598032,144.20147962168394,164.74095903153437,157.39611813935852,155.00664074459223,158.48122845648248,155.97832524240326,168.63779569303284,170.8160188873075,156.45543547223605,112.35324446007236,89.80085766493058,106.52750085802616,169.2018907294817,156.3436695824629,171.06323775899625,166.00649596641068,134.8622088937925,160.49634930379722,159.33133875718931
150.36892290449137,168.8098889341287,150.9112952577413,163.88370411042166,176.1406035517517,145.7278894582293,141.63566914375946,177.1201624177022,153.2941151005782,129.02922923456754,104.92062256035076,95.8707425117635,116.75897927611484,108.2198959969094,113.19239467064996,145.12857525684348,110.01686014337398,158.50655133435933,113.28141213493782,150.7972757545169,137.39572419191188,138.39177314074783,141.03922102768212,133.99646643416062,133.7167218119235,130.95852036805113,155.86128118892998,144.5705754154254,145.7166720956438,130.29321163562756,155.96626257950896,150.5297184174512,128.5918435970758,156.18958623746008,149.0959079795722,152.12362619583,152.9778194383975,138.37340120410994,153.22592521510387,124.96678872373116,154.98060946885644,141.0425855502137,150.37126741616223,154.39885154549967,163.68403640454943,150.03966947718598,157.74599824924803,149.156930197639,157.11133249752658,160.35063055873883,159.75831566232455,165.0372678583836,170.01545064004944,164.23732932619438,146.21785693244908,153.48573680542006,176.18754090300206,157.38505099196544,151.3591784147765,0.0,93.20010062328224,123.18193967880602,127.2554523449064,114.07703598322638,133.7156239596767,118.841220346512,156.81235020400663,117.2381000711198,149.22265088661408,151.75012855205392,148.4573929519519,157.72022508120637,143.2487102612884,144.3776268145965,116.95985048968032,127.68401116633709,129.7250786937206,113.59630051744278,164.10381040836037,163.06416428431282,146.58273071240484,162.03229214342772,163.7023129630222,152.13466772624184,156.60994508220614,157.2450374272335,163.74449780270055,149.03123220987106,151.36449671441196,145.12723187110248,170.07293398052218,161.34435628964866,162.60327037936412,155.08620452847202,156.65756962389588,164.8759375274098,156.75401773844456,165.09075154422794,157.65071803091482,168.35941709615958
164.21614286870266,158.6792132974346,147.65772882350933,148.37513846360383,160.63356585470245,146.79711795450254,116.9927656210626,156.4764283795047,141.0681705390934,98.34242107947036,144.38043870538644,120.54834937901182,96.34082443417198,142.6375304114872,121.42245166676273,131.00641705066744,111.77769148197883,148.60239317571452,129.37896223392195,159.15116510608468,121.95876942462776,111.27355076166148,118.35326456895127,112.46520734973404,120.93763311820568,119.9118004030357,158.67300086507674,136.7379486076477,131.24006190497195,123.44691685737584,161.00075190653632,136.08196631779632,125.51148738217474,133.56147720619995,139.71423101279697,150.62963393511507,145.77012247039272,132.21163318677208,154.98360858437678,133.45319571124355,170.25376098654186,170.25469088784376,163.8154080503165,143.8061114219768,161.91936801517753,159.09629026828702,165.52364930617165,157.76608077322112,169.6708983343433,174.35580718907727,171.01367456808907,162.37613849998093,172.76494984620672,172.80720244448128,141.60472278560934,157.59678849593894,170.73725030046097,141.65804331398368,157.79162086470052,93.20010062328224,0.0,116.30584588191216,113.91844630001292,145.33839714610912,151.5977140120326,123.69516057779028,160.8425588746718,107.78528763676454,145.17960646036215,147.8150274355052,145.34960597881525,147.31876505905225,144.04174743593205,132.78696067748166,89.02815708411586,85.88605597925863,121.85706063909622,95.66008779810196,165.09874824195757,172.2369848425828,120.6765458722188,179.96503419306725,165.62953788380634,151.7193919666338,145.54039868837089,164.46278426439582,156.70778135411052,132.5835806011394,153.20951995095308,138.83236667437512,178.86629558237402,176.4857854779997,140.77746557650434,148.20897730720606,144.65589506185597,166.64681794398348,170.75482747655053,176.8137601897687,167.95430884602337,170.3229923554064
185.1463149644308,140.86025108580117,141.1213182694361,147.64046571385285,138.5183180576164,138.4796007770692,139.57260826393937,155.58181962439136,139.33850513779598,154.36686315368456,141.4480730966808,115.71965213431037,81.80365839902049,142.18136415405064,138.72113446536542,158.2122462021033,109.03601818361632,158.05958833297976,130.32698879361013,165.52838826379335,151.2468736153453,131.94194366693745,160.47120026158382,131.45572341297873,160.14592102536523,128.7720672866116,144.559864490217,139.74796003822712,144.07451438626578,131.97981627813965,155.24188833383545,153.93371781430278,157.7124430216731,153.56026415917285,140.04090515571963,163.64862151216744,154.7484828597593,165.9125854048001,152.47227879809452,138.39279728089517,160.03596564249096,155.2058583379207,171.5572887837784,161.90771825535535,170.70896732983874,157.52300821413417,155.6623557320433,158.02814255017836,167.58718065170024,164.39358875993514,169.04312703599848,140.91886428663548,144.31817505856833,138.10384320203218,122.67861609086388,142.4760740406903,153.73278460434727,134.98536154744906,123.92645310187208,123.18193967880602,116.30584588191216,0.0,95.88499222022338,129.61513560572394,156.0722103362608,125.9328970724512,140.24986329588296,106.22499975132531,125.59526183897285,146.58080299751174,145.7238759404005,132.84185857282068,121.1635044058439,126.64873480821132,112.52483201580444,129.70330739799175,132.29565938211604,127.323520916802,168.87119946713517,151.6326259542292,129.8943530330546,161.04833506020378,170.2010262041623,149.4195242615418,134.69717426573482,153.36112938556488,164.0427744675926,145.23903672614512,165.4604597740274,140.62222917705884,148.79857329070896,135.06403566251424,119.484232152067,167.77613368486556,158.467583707642,161.60525302980997,173.6017430693152,161.0104749222362,169.5840332708456,165.49191252301375
185.1605126433707,121.59523412812077,118.71147748356384,122.10239671305058,123.1369833167333,118.27531273463867,129.64154058433834,133.03863535965309,118.7728714880072,155.81813789576788,143.6039508916129,111.13782251675744,92.12373697561074,112.7034225348484,115.13089571176576,142.27815379907207,102.05413389035324,136.94349476653514,107.00807652938926,152.10498031128972,131.8148579545607,119.10880346021293,139.2672981495224,140.2580606082173,175.98631813679984,120.87773558653684,129.9135063524397,121.50408620917938,119.22451843404656,107.80031905776468,171.41251422231403,149.9733091351363,154.61679241006516,130.28557550187196,127.0346704933114,144.24125008361983,135.96399383270264,167.03427011855052,138.25176907498562,147.67054369711863,142.0994271735069,149.61049145301598,154.31628750991445,150.83559080558973,153.8866422120916,144.33520232709964,137.34506488036658,143.39925078609724,153.0191978345602,150.62631931214824,170.27122496258497,122.6064261773757,122.01492431766238,112.56883998840408,112.61563636981056,138.69665047501758,139.0329935251684,113.41685044558592,132.63755450564622,127.2554523449064,113.91844630001292,95.88499222022338,0.0,96.490114476668,130.53487115396572,99.79112580718812,143.00209573890186,93.53489405333156,123.0858092578396,121.90978522444556,133.88934967968422,132.7286514507606,114.28125389801396,149.11191116712706,124.61366136198885,129.39725283093034,117.33598583092468,110.20287450020156,178.64432270957312,162.47653302883052,128.55526785270436,142.05180390892747,162.0526487153178,147.01672793045094,138.4344393881904,140.24818694397405,143.02634490297584,127.4744799187157,149.53576365411263,133.01794530027365,166.12615200429258,156.6380103903378,132.66608354995947,146.67940689103335,142.06911516929202,157.6707740656387,170.84135328557855,156.6693519925221,155.73734821663209,154.7274955388554
175.5251097858806,143.25924132007628,136.87019043200195,154.71450561505213,149.79409720929664,132.718830216956,157.89180717235658,166.9016216199634,130.48579561937552,166.52086312175905,121.67771927598088,105.78256596540125,139.78098483080268,75.2692018038883,120.56837616079466,150.11195886377075,98.54859308210416,147.0343781575861,103.5250050858854,140.091213235267,142.48722352057877,136.45325798733427,158.86208861148145,154.5972284865509,172.51909936863734,140.85915202845158,128.26327627972273,129.33585256574924,137.30039655280888,123.74902750933114,173.90399599340736,156.9492760534825,155.62964838463793,134.85805302775924,133.8058401279113,137.9586779459459,140.90319178422192,160.5933809616766,139.11168781839066,153.73620141369625,133.33455089560718,140.08536662962953,150.519897086042,157.96418703612036,157.36684887484716,134.67784602388727,125.8418613248872,133.09207558925524,141.1243857632716,136.6646711029477,159.07466830146498,129.39225920567196,123.51260480217552,124.7200480695286,128.5606150393437,142.8528452805835,147.49663917450954,138.50824131193292,116.39523535413475,114.07703598322638,145.33839714610912,129.61513560572394,96.490114476668,0.0,115.66579448548453,106.58133268341282,135.0465294482438,107.986941695138,126.03569933440455,125.07841165463012,143.01945868580646,145.74553639479393,122.80832309845415,156.2016776095047,145.4112811278281,155.7405665133767,132.25722865717916,131.95369538511795,173.36560778834746,157.84000321718432,152.79048452102643,127.51605797433577,156.93640613429835,145.04025674110136,151.9763383177006,137.61705060335387,142.53484619182,151.3132790576912,148.51234676575496,141.3563187912871,149.06098542351216,134.97347838370436,145.70482754862348,148.49089353152797,156.6923468332277,150.20457185210122,165.35892564870062,146.45566720730818,149.55609548451753,139.80179495688438
157.87252371783578,131.20566443061466,126.68935252505244,142.08474554226382,134.01806835520412,128.41592142924003,135.6868394657228,143.9946136757206,120.08173487392,147.49396673830154,135.56868824624908,122.32068831254614,141.4646636109282,78.32678887728676,81.13444845035504,141.44291759056222,131.52366170157728,107.75774732291208,92.8646537095336,106.44495330434172,96.31643429122629,136.43955917594153,120.8250836519756,130.36177062837544,153.9872677940987,141.66405450246197,128.93788304093542,131.32979221515484,108.52009044992306,107.9365618377332,184.3963942491285,168.69306987534569,151.7393114079315,120.3529881411389,124.16443969229152,136.5667700176639,130.22545971477965,168.87310603251225,135.01459010940312,127.34382908110948,139.60872104785244,152.43662547983493,162.86721472644638,148.84850340066995,161.13159286842625,139.50435543265533,135.80343499680936,135.50498346514905,143.3989647250715,140.39601690985012,144.1172291350593,127.42862651485945,142.10237017703355,132.1536344111824,128.54336318424117,125.94390438911222,137.89460004193538,125.5688993538664,151.32653979121676,133.7156239596767,151.5977140120326,156.0722103362608,130.53487115396572,115.66579448548453,0.0,92.78261549836589,123.45539758204724,115.09796157333162,138.4745200261645,101.0289484682595,98.325943998909,153.05006279061362,124.4015628863237,149.03579524851185,139.80195503423568,150.7000000778143,110.87739564410774,114.7695354963386,182.512493828338,172.8542184935721,144.10908788356647,128.4308069926824,160.65271005559285,158.6257397274514,139.3167162761822,138.0417685984466,130.43654983819044,144.00432183854645,119.29996958226867,130.79412349557185,161.55429318736248,160.14728323649877,160.13746895974458,157.715362511132,155.53875273090944,159.3160008790275,164.6341319429377,140.4682683207518,132.87587853192352,134.1392876643083
157.6459024775112,131.4986341883557,119.80276945529488,136.14955447774483,129.24624230761006,118.33427994885768,120.1643150926891,139.00581549721662,117.81702579373857,144.17441669370123,123.78209156942256,93.88519971259072,113.47196382236704,82.56797760322235,53.21864679651344,143.09070281854824,128.40315998332653,117.79670871873688,89.79888552426031,108.460075059327,92.00348576923632,128.52429648077657,121.21796199374047,118.49220596449796,154.6507278547358,102.72457223734752,112.247974292363,110.0148081360845,96.62273246142276,75.25122919287679,181.00889707585293,153.02304611382348,148.11689194784046,137.7426973980659,119.98828028000425,136.08834213975712,125.96863850708186,168.68360520241424,133.27472064887547,123.3405886238044,146.50666236110257,137.45744980680556,161.35351297492628,150.45739681796726,162.2505700940924,131.83221980854273,134.5207173681001,127.4748720417528,135.62086079757518,145.15511892142192,138.99146993408968,108.86144267510484,123.57429375063684,114.89157936231008,116.33249752093953,125.05495985300476,122.64856655762524,121.90158721261083,123.42443520017184,118.841220346512,123.69516057779028,125.9328970724512,99.79112580718812,106.58133268341282,92.78261549836589,0.0,117.28326450718478,110.6388349813638,123.4888079647658,104.03583596142634,93.71740600789954,153.3615611180213,92.96531959401626,139.865112468145,126.20476569449345,131.19660571706532,98.4159448491956,79.61205831412838,186.1683352537385,165.10654327378222,135.7677072642754,141.50107368199167,156.14991011635246,156.38489255724133,128.57496228903324,130.43800567423008,130.64239065628246,127.9522339887428,123.11172768713452,134.80172121526738,160.37178274488545,137.38734910297728,153.41575701030416,154.0426989430972,151.39237549872618,159.52804122674615,174.15047655763638,133.10318068215292,128.80136129335403,139.10290802051833
140.24520498797574,136.94035073505594,134.84095459679975,150.6544693977999,126.19928273130132,136.25550913360902,115.91959787012772,136.492617389506,132.9155707680327,161.76386137896608,147.33991675092057,135.3471301606222,150.70665787248828,129.60868255386265,119.43870286457236,146.29262045279614,135.85069864005635,128.07801609277777,120.36126563708972,115.0044051418504,120.441383992769,143.65332948460127,145.59417973782826,127.18054423261584,154.79515225186964,140.9658852780753,131.86250776899664,125.91119415392,115.70304348083717,118.8750506116343,168.15603215492223,158.6570991685696,155.7672363643332,136.3744468298629,140.3549006272612,145.53592444232748,140.77860482655316,169.4835131960876,125.92239761690143,130.80593865095523,144.59288378201933,155.0640910172727,161.7058272795705,157.1286799994145,167.69166131308134,137.7239374044423,139.47691743308985,143.4895193125774,141.7766498834438,140.32523327200326,137.4302267490697,120.61751435629058,130.83083017826397,124.32615656100012,133.43533296793552,120.9393653318257,119.40673704726166,128.93693064279745,119.99141382243812,156.81235020400663,160.8425588746718,140.24986329588296,143.00209573890186,135.0465294482438,123.45539758204724,117.28326450718478,0.0,120.07112292777792,120.19353326371126,103.23703286264046,95.97154081060056,127.56206926505644,109.9427551214024,120.71914991934956,141.3913450086432,152.9977812622277,104.50332073417906,133.84819398599575,176.72618562222397,138.75457908785577,126.19747682772976,124.24300041596103,161.58768860265772,146.82898739965125,121.61823900005623,132.15518706965017,123.44894632365428,153.56368728332112,115.87065130605647,118.22430618103482,126.0187976580732,118.5598236781614,141.15894651892813,167.3118947062253,163.22369716020222,157.8500500175112,150.06854122339666,121.70400148769896,137.64849535316134,119.57997288183194
186.72563668504608,136.04882490820506,135.33771412733876,150.01166858113538,143.25448249786004,135.6042680521208,122.46847980147186,155.6066131272271,127.60581598382508,144.47317467678738,153.51200478754924,106.74000322182764,109.80590788078382,111.6998161964735,118.82411210718418,141.2738851919951,77.9607010476991,126.95480147776048,89.3938592412303,154.2902902237097,117.58234270487122,121.5879283345352,131.506530188809,112.5309810735183,154.08747035923767,114.76704212496492,152.73849542397426,130.1771606390033,132.9340234032521,118.98029925230225,171.9235389243389,152.200909368923,147.69055021113817,118.9168278349052,137.81489609305305,156.27275135395848,154.40104914482754,161.88826740502708,134.06185133896304,124.9788870017556,169.56872269630284,167.53141389217615,167.25408788517814,162.64877828423064,176.28851359541068,162.0244180568452,161.08991255679996,161.44424800655338,171.91196810845963,173.6001330071357,166.00746133507542,139.76829215248551,152.2920097975354,137.76382050059465,122.37409117630712,145.5029126380613,149.64478515939848,129.5129870788581,135.2683899658985,117.2381000711198,107.78528763676454,106.22499975132531,93.53489405333156,107.986941695138,115.09796157333162,110.6388349813638,120.07112292777792,0.0,90.20938521825803,106.34923847605413,123.68998627387742,121.77337018916484,106.78763833437104,112.10145237245725,87.47216299518743,113.63630894890504,111.59635332113234,108.80086932049662,175.7334746218217,157.83232376645515,106.52024203676754,154.33824268859962,178.01816291695542,135.85150354918574,140.78255103180558,156.54774479025457,151.73499606013692,140.48194949131863,150.30649345669372,140.70382789791984,149.5092884162118,152.39338253889167,129.65979559551263,166.07816560001862,145.2417902130082,172.1559296983201,175.06299751814245,159.70976196506763,170.5517934339212,166.0534904864789
185.9043859021456,121.13578153964718,128.11740652835462,146.2227850961366,127.21970983735454,134.05534833306135,134.57960221570823,143.28241333518116,118.52307127388208,163.19144915863683,164.07095764690314,129.5995484656708,144.48458838104824,132.9931674500041,133.48452343905424,148.96988096050868,105.69117897556828,131.16823776285358,111.896785193193,163.90012625235852,130.14480118528877,137.47440442956395,132.03480507743734,120.99061758446216,158.19044444224593,125.92191049695067,162.8805339163054,124.77296441775772,144.0164554960545,122.32098908350652,170.41346746550272,149.28521901185218,166.2582049367531,109.41296734736449,142.04851431154887,161.50827146647927,155.71145881257718,182.15967319674712,130.73642391072963,129.25055774938417,181.751852424755,160.85111738926844,164.89218065921722,175.28329831467784,168.19899885664282,174.00863569325838,175.17042655836502,175.59093610422337,175.78836052715582,177.90335879612297,149.0879940959319,114.66320009847624,130.2055646583216,125.90809924367512,121.36386207149503,134.0845830907225,127.37534730212435,119.82848884900856,114.88115590701634,149.22265088661408,145.17960646036215,125.59526183897285,123.0858092578396,126.03569933440455,138.4745200261645,123.4888079647658,120.19353326371126,90.20938521825803,0.0,99.52726316542248,122.68894094991602,113.37194259534331,85.28414760988346,104.1087963854009,109.0446482710953,126.80028117968286,115.95233685138192,119.1650099086427,174.55176268736767,141.8910080317297,91.47967598518449,144.81198746094725,172.4762652165646,116.93269076723594,129.2551794783393,146.9722329945752,152.9790167372255,135.54350382401145,150.39762846790936,146.1898233518081,139.20953008307205,125.55771657222624,118.47719343139786,161.0025427164737,141.8282056997441,171.29514921869264,170.8018473306795,146.24082356518983,175.82463090422948,171.66244057399044
165.03902010027974,124.00292240927308,115.96254545755087,142.43951724879884,118.1617068593302,112.919177165604,113.6022614938618,117.50268421615756,107.6055510300736,151.75260447374984,151.58780582035973,135.84226619738035,132.6116753207069,110.80108827892596,103.71447343078265,129.8385489541579,119.61007372009624,76.1376955085218,81.83566719774457,122.23588273785,106.17283370150292,118.47302933477005,117.15790631220774,131.15149684178732,156.38633978326803,131.0016654165247,133.36015428434777,103.09197577093236,97.34764033645212,104.08383051044628,168.24015433445538,144.8220666806147,152.84309131633296,88.15971587043299,123.12780617817413,127.7952700025178,131.52406835270125,169.40100103724723,120.20882432533674,126.9193680233589,150.1478000751762,156.08505504021775,166.56914187987664,157.17496404350055,167.9890094869436,146.49180599926632,145.6889003987746,145.56641565629295,137.26969502754253,144.91387285805746,132.47898773211438,103.0650146179,115.71916729308816,121.97365838565364,108.22202104215768,119.03898931463551,104.5708605905871,104.77184808417532,139.2160310385257,151.75012855205392,147.8150274355052,146.58080299751174,121.90978522444556,125.07841165463012,101.0289484682595,104.03583596142634,103.23703286264046,106.34923847605413,99.52726316542248,0.0,89.0228435374312,147.45751398603656,84.68969264635811,134.78544248760838,137.72348122995277,141.18943742011504,95.06333756715992,112.49758942940512,169.59237483037214,153.6236342035375,126.81899489985572,137.9559503892243,168.52835520458706,150.16003001529543,130.6638242576174,135.5129549558046,121.07565737109984,135.8453820814466,119.791547421656,148.36566431617683,163.1339484649759,143.231363296758,143.1308934790929,151.20557580543567,151.1592431657262,164.03783511981197,177.5037261692545,143.87898666796627,128.11096629901556,144.12660168772385
141.8657599304608,125.90097222918509,114.90537935625233,143.29061981941123,126.1006645120358,122.24950270542622,105.40540781910651,123.69856472936884,113.86128295188982,145.30865557969588,145.56535052553954,128.8735684954476,134.88983405437995,117.40833722964749,78.21467458602072,139.13234440259885,140.84655881572883,83.08974861484685,110.41100409886016,85.54587140006231,77.24690955892366,133.52175231556177,113.61587383031508,112.77394380255924,153.84041379150483,124.25993353858814,118.70952301854442,96.8373440160211,78.29022935738595,95.04200275377288,182.67532807678583,150.94797361495353,154.08112960250378,128.5535068597789,120.6251469232873,129.33993227944885,119.14218468349335,170.75835042347845,124.54570485543866,126.2403793519172,155.67899748038838,158.06516271176264,166.4678650383345,150.13482643153952,164.75076641842185,142.50564292934172,144.38651120849084,140.39637973006893,134.95026941561673,147.1518931450337,133.48528375031665,113.2098173043308,137.65315577764636,126.904413156306,124.76387885548564,116.97956119529285,111.44670294260904,116.06428371030884,143.34391803559876,148.4573929519519,145.34960597881525,145.7238759404005,133.88934967968422,143.01945868580646,98.325943998909,93.71740600789954,95.97154081060056,123.68998627387742,122.68894094991602,89.0228435374312,0.0,154.49178411036448,93.60860483890022,137.45937153369056,132.38600078378238,147.2780005960514,77.97528436879165,102.33382781379322,184.8581323655135,152.48343304151757,121.49146789941818,144.17030056254956,160.3802715474394,164.76577657297554,114.5305507554376,146.62741583005757,116.96441995283011,123.7137377986241,106.1180813513349,132.52243649300067,153.6846511091381,144.4911388648755,153.23905687912168,173.5335512356758,165.15193020058445,161.43538679654898,169.36743917493413,131.31859356655477,123.90464466246056,133.38525432858552
163.78916803395987,133.8644969638932,153.41891585617498,148.17948768182117,142.20597934323698,163.45244035994375,151.71231508151982,149.50160209809718,145.37642500103664,159.03451682001165,172.58563472828894,151.69368370331614,147.17336439233657,157.07650489685483,152.08731936136633,143.51667107545873,113.82443601018318,149.8044971563895,147.11800799850008,170.2599679779294,159.74109580653175,130.93225147487567,148.71764809276465,138.66530218326005,151.40497400210893,156.77903818577525,163.8055098932036,142.16291320194773,160.3632335849505,146.36627862589248,147.6233884199865,159.0242900332095,132.786406955863,132.02764732812386,140.80346625538374,165.15852539259967,163.31814492955647,147.60641880250628,149.46825511438402,155.27312202742078,163.37002580416703,166.15767638729125,153.60673878213004,143.9953608647461,158.47961182412388,164.73025070392686,164.77643265711208,167.6650097032631,179.50708527835792,175.85261666485627,156.26487899753454,151.15519030177472,152.2977899012585,146.20047950197747,156.26537250843717,150.3186984888441,152.69690592295427,138.22092379661044,155.11024506934103,157.72022508120637,147.31876505905225,132.84185857282068,132.7286514507606,145.74553639479393,153.05006279061362,153.3615611180213,127.56206926505644,121.77337018916484,113.37194259534331,147.45751398603656,154.49178411036448,0.0,133.93916003254083,125.09880755257537,131.6668897555299,122.56768017989694,143.54856503069774,145.37222253765137,153.73398062076222,141.23520016595182,105.83673187493272,132.22195204854123,159.36291083660086,97.78968039949352,126.0605269122547,130.1820381632968,154.07623767489554,135.6201047193741,151.0770890893939,121.15100549959249,137.95478389891724,135.2819008941928,131.57586734239257,136.99578513388616,140.77786677099394,139.3552746253363,136.56562140273326,143.00112255314366,177.65782774019698,163.90536670706194
171.46074569275305,126.67902483762232,120.12549764901672,150.7629058522626,123.9059058356102,118.56147008596606,124.18578209767249,129.13306440613965,122.97054140998304,165.82903914983737,146.94761240876926,119.75960662773096,139.73350279896144,113.61608075145328,105.4144765818736,146.65072389195478,119.22503654042193,111.99916586223512,98.99609701569676,133.94968915956258,116.47899421361583,134.7471048482046,120.30033411097814,125.74727588195654,161.1895399189703,127.42153607670836,136.27231869879364,100.71010677235752,113.37305361723882,91.54452576394787,174.92794978780532,135.530193796349,166.6757880304378,133.06478097352698,136.65087173651102,157.82558082401755,151.8686683714697,177.8698122009695,126.67145485194447,125.65842066396591,169.72065231746905,152.8823471815814,172.81814211320528,174.4873859482713,176.1508324807212,148.25875250269115,157.12027415309672,154.07367458960005,147.28460490981254,163.0729742657595,125.76982758830054,102.53193715853688,118.3376650990074,114.4636920536458,110.69973060203952,126.08927040293392,114.00792878190956,117.45026169060743,119.96279303324732,143.2487102612884,144.04174743593205,121.1635044058439,114.28125389801396,122.80832309845415,124.4015628863237,92.96531959401626,109.9427551214024,106.78763833437104,85.28414760988346,84.68969264635811,93.60860483890022,133.93916003254083,0.0,125.34163919204748,123.56917362118006,146.38537916056993,104.26081622874624,98.8064073860669,181.95248585745588,128.54189628715878,119.83690828553412,151.66357479785367,174.5548037099201,152.33132497737694,122.71977801623888,142.72115510089438,148.4982981044997,133.1665082238753,140.17702403774845,149.4691286427518,146.55948869174,118.46787798914448,133.90675499401672,170.65615629389967,157.63703940552836,168.9400261175583,170.92810181297415,137.5870698115719,149.2219568775381,159.63381769938897
174.12617191772358,136.16762976250396,148.02105271263983,162.39843649466522,146.82745775920932,161.63524630372234,132.62575300403236,151.7756567106671,145.56465269812355,148.12670553947663,159.23723468506512,133.35508115273595,144.54904554138972,159.14959555305433,139.0197046232396,145.71772100705692,119.23237646576632,152.92528964161602,137.58806523547864,164.43363823378104,138.98306395832574,152.18815903995173,149.0347862156966,95.95095678019972,123.89714027921566,137.78234258531984,167.3223659236554,149.98043975236502,157.60737825094327,136.61091260759838,153.32278532643343,157.2552236357783,147.74951824180846,147.1440951073821,164.42774661770642,175.83309557779583,166.1541358758629,156.04099554126697,136.57149889797327,102.14540172440044,183.22412092251804,176.53517731468474,171.72624791589286,167.24726536940608,181.70915024830637,181.3195170967864,186.5383118184045,184.0313755303501,190.48083656401008,189.47599962703617,148.02952395958863,149.10980472515962,156.2281480129238,153.81053990633194,146.16482298030886,153.90606355376715,150.6142364601318,138.27470252148424,132.20199263201027,144.3776268145965,132.78696067748166,126.64873480821132,149.11191116712706,156.2016776095047,149.03579524851185,139.865112468145,120.71914991934956,112.10145237245725,104.1087963854009,134.78544248760838,137.45937153369056,125.09880755257537,125.34163919204748,0.0,78.2525882454261,106.5891511289525,129.90694635606167,124.05763449546218,164.32450619261914,138.2629246793983,105.53085490834748,166.3559563878949,171.8673589611177,129.96311998336597,136.64192018872853,160.68744539748033,163.96430925030938,163.34665815388792,156.0839845856156,135.56546844113066,134.94114911715192,131.7436260535386,114.67886581931349,160.2343589666793,141.84529250628623,166.129190023979,164.89998115351628,159.74353898682244,188.40115399862765,179.7503380278046
182.7233394235285,145.24361103457323,144.46026536197255,152.7974063348861,150.7582174535699,149.7141037069868,125.70266347572294,154.4553697942669,139.17976537296823,125.99130459167608,152.21256903815112,119.77298463514656,119.23461319352468,142.8078361062,125.19430391532772,142.21832196804618,98.55289311350242,141.0175271707322,121.79749091928396,160.61095951904957,121.02131947072256,138.49418578434745,125.39090588124284,85.73075373574156,131.44504428253248,122.70529480835783,159.51965657904688,143.36286881675824,140.4607825609978,125.02316409758949,162.61175181914416,143.4949260650081,133.9571559312158,135.09727746492467,151.38686565159242,170.13789139757634,155.82281591408469,155.7124909443009,148.77471452041567,108.1098124742802,182.78810328415813,168.5898544434113,164.11764353552198,158.75617542111738,169.93404778034153,170.7086256942341,177.2912218596215,172.28235228721803,185.11932593111817,187.43445961856256,157.195621283222,150.65344314213377,168.5059120462388,158.87523792859844,142.6082023657689,155.03032476975804,162.78883978938865,139.879469204831,141.36745958760372,116.95985048968032,89.02815708411586,112.52483201580444,124.61366136198885,145.4112811278281,139.80195503423568,126.20476569449345,141.3913450086432,87.47216299518743,109.0446482710953,137.72348122995277,132.38600078378238,131.6668897555299,123.56917362118006,78.2525882454261,0.0,89.99204506337946,116.14902037242229,105.30532220247328,168.55371248260002,157.45495578012407,99.32400257386456,177.2709818300681,174.11657794420444,137.1925845016591,141.61299218886455,167.60879845170157,166.24117945631997,146.69346752120833,155.50560099476672,129.8021305665877,153.94372248335253,160.40937562601368,125.85990970849514,160.5656229957469,131.72253809960722,165.7937219356744,171.2308041263574,175.69587387585815,183.85510111825408,178.30537938608063
175.51134459107277,134.64003097219785,143.84940151118815,137.3922634490247,144.94037601831934,144.87087219330712,123.73901117921667,142.81911278708424,132.9952883892366,110.06628218845384,158.7635073593862,130.0065090510427,119.71245604491182,148.00621802767932,131.72012690845048,120.60510680121452,123.87310048867457,140.99668261970896,140.34031594617983,161.35321373746217,131.94689244757728,124.61606305659213,129.56454232155878,110.14775983494336,98.32818242756292,112.78323224537422,158.41802159305644,144.53895108427167,141.56480131876577,139.7615108478784,152.26991402625177,148.32852132287957,124.97631515136446,130.76123752911326,137.21360877756723,159.23732752540053,153.39435389893765,135.05374458486756,148.79756542767387,135.7110737772359,176.3495644263429,167.09709478937447,165.34572479124708,130.65127302523837,163.8273364092219,176.95086981628418,173.29439313947148,174.09372647580523,178.20217229075712,178.26067653189355,158.83843571187407,148.05976690557367,155.72765850336816,157.72919372268257,140.436297840194,151.99535856055527,155.9605500987318,132.85617953411895,150.44799849748424,127.68401116633709,85.88605597925863,129.70330739799175,129.39725283093034,155.7405665133767,150.7000000778143,131.19660571706532,152.9977812622277,113.63630894890504,126.80028117968286,141.18943742011504,147.2780005960514,122.56768017989694,146.38537916056993,106.5891511289525,89.99204506337946,0.0,126.39445046980724,104.95718681947,157.10222372179948,170.92930208438798,102.82263678642964,172.60067196182726,159.49217209440383,135.26895385949982,133.50703872982837,165.36351077347445,159.78722948465372,129.97561926560945,149.12246677133425,127.61676037867484,171.8762789266753,164.49378561849375,120.01298557085718,135.54352254378472,140.6328824277541,152.66932710742572,162.41882899310605,176.4536986817827,173.80549578358222,171.4843023835162
146.6628703060981,138.49671292277517,113.62055150927829,157.1709389142422,132.30117427112572,121.32767557990104,106.36027641702304,132.38756674305944,120.68246008490236,139.1843516551196,146.2579152349706,122.24604363966029,125.20170503461677,121.04011041495605,87.60686726269432,140.54532965602814,128.3237609109751,104.40842190806228,105.9914218452808,97.6713396763081,93.681823986331,137.66833865716123,121.42523906141938,104.56377490205296,146.74364346125338,116.15050630770492,125.64586347232093,96.53975110195552,81.03734390399885,107.2950908597507,169.3033151969328,150.3081154933558,148.20551235008205,122.3052459937797,122.0481809808675,119.47387323003326,111.10199766671133,166.33416415887422,126.73978403671173,123.73305826075467,166.59296937855368,161.20559601518835,170.2953510844159,145.9698719587421,163.26196393412167,149.30325014260615,154.99150863184155,145.890365775163,135.7624697823032,154.944793813162,139.00945621279214,122.67324751118156,143.05224784935172,146.60036131744909,120.82264489517,118.10806201818166,131.21030768202763,114.68877006289516,150.87123669974886,129.7250786937206,121.85706063909622,132.29565938211604,117.33598583092468,132.25722865717916,110.87739564410774,98.4159448491956,104.50332073417906,111.59635332113234,115.95233685138192,95.06333756715992,77.97528436879165,143.54856503069774,104.26081622874624,129.90694635606167,116.14902037242229,126.39445046980724,0.0,98.54335078874315,176.052676700785,165.49228711062233,113.04295141101386,149.6616595373156,154.5998859315717,151.6933620398413,106.63412264135064,140.19096794040354,110.05349086987891,112.67759362926724,95.3985769979136,127.4899370061867,168.96715581413417,154.0860614513305,143.1054634534999,155.84193700101855,156.99848529241174,155.26598221753645,178.54150754102108,134.19824646974018,129.6486811196002,136.35845058810844
163.9181526309299,126.33555163236592,123.221429209304,138.4058147102992,135.13902645615752,129.74493685963853,101.91077068823448,131.25435991401037,129.6907339213405,120.5573892598472,132.55819143246214,102.90062658818763,107.86473789566264,108.62448979863672,78.208307214464,119.8496108842386,120.56007129752264,118.18521068006154,100.43003006866334,129.8056995803741,100.81412941913342,110.8731901294131,101.14284662023763,102.62525321925386,143.63689099015917,98.08423525399876,129.3561066718143,96.04446687310842,111.44937509133212,86.76324438886115,169.42385611342888,135.9245631579357,146.09716107865472,134.56213570156098,116.01654594492294,152.34974397985405,140.16800226343352,145.04689596963863,121.4214705060825,107.99105666865825,174.83469907261224,161.10848441809588,167.50792197453436,153.4288160546662,169.8828210465694,150.73296565391664,161.13235789406173,146.65785906271876,159.30480761466214,172.934135129396,144.59113818145147,123.98230479968493,134.25837160592462,140.40763053810008,119.10399420412162,131.95910400981268,133.27374378588388,118.23937212655524,137.76124623972655,113.59630051744278,95.66008779810196,127.323520916802,110.20287450020156,131.95369538511795,114.7695354963386,79.61205831412838,133.84819398599575,108.80086932049662,119.1650099086427,112.49758942940512,102.33382781379322,145.37222253765137,98.8064073860669,124.05763449546218,105.30532220247328,104.95718681947,98.54335078874315,0.0,180.35521500438523,153.80663397984824,116.2157230601592,171.06209054760345,170.49070341211774,160.8539528417017,132.42280820870275,161.12854439398566,150.8830977228891,118.88482584280769,136.48840808583623,143.82287960979477,177.62854614695834,154.33327926628732,135.89285025244072,157.59347220244754,152.89428083988082,172.28490845398187,177.42051547765865,156.93454747519507,156.4938864472682,162.46938456625494
155.19692950422194,176.60440404712108,178.29980997310875,182.63554948300663,183.54074188223,188.52216982036555,181.75140784768436,173.66654218189285,188.35104840171385,163.5185483706016,160.24008360987855,175.53788575558573,158.60560090436866,175.29147932280483,177.81593889835435,149.43632094624977,157.78370679591728,169.80628555026487,172.72946823491324,179.08739118003086,190.65687275153124,169.10211397273545,171.50316984429247,170.28293055978398,152.125168865612,183.34314385545963,178.31929594565594,181.348054922531,179.61705488159353,193.86019231845663,75.25149527931617,154.49589121941577,146.926833854129,160.23090938870857,174.21919936760958,159.4644587163045,166.86223927870452,129.7296141866155,158.7086298974417,163.75541449112458,170.38004005890818,170.11372511654156,146.40975776433277,116.86022584504484,124.5052218834557,157.1640369696753,176.02902713405285,174.17979060546986,171.67286079033994,172.75449025382244,140.8360758199399,183.62975653349469,166.2706722754976,193.81923417826903,182.57105464650724,190.9307550587567,182.90678832605624,177.00270392442633,176.9147041361876,164.10381040836037,165.09874824195757,168.87119946713517,178.64432270957312,173.36560778834746,182.512493828338,186.1683352537385,176.72618562222397,175.7334746218217,174.55176268736767,169.59237483037214,184.8581323655135,153.73398062076222,181.95248585745588,164.32450619261914,168.55371248260002,157.10222372179948,176.052676700785,180.35521500438523,0.0,135.86990145915246,167.72488668582258,168.48052534294496,125.33673566413177,150.2750929096109,161.83362111613806,163.30217232539434,159.41753181349597,162.48997760435884,154.8698190164634,166.69074492038078,147.37273974518178,144.0696497915048,150.07981715725816,123.693899175452,140.55066809358266,112.86644226021124,122.8404281989011,153.4838543686264,162.0377999386526,158.61968939247282
142.117490114348,148.1702586140711,162.0162363506401,166.93018480899886,155.08994499024965,164.23190594917963,163.57520684158675,151.98253673665528,166.6228153813002,173.1446404838995,155.09581063583954,158.87471466067782,169.236851131307,159.83358889955895,161.6487046171602,163.72967829846462,149.1947288855842,157.4989598375214,167.99620530083166,174.52610627361207,172.795371501648,163.06754128020282,163.70486403026837,149.51059851273828,162.84209584146527,174.33709698248657,170.3228202134669,154.6737248198541,164.17390145636244,154.75465692087624,123.860503549749,104.9213019168293,159.94445164304406,181.37458808868544,176.87952442147463,185.3477285427008,174.64793899341367,150.06654829322324,137.0899535465637,144.96205378107987,175.73697142579095,154.74697510574975,151.22192240297423,170.5876619272707,165.50583627343457,146.51834036684073,173.4954133436101,172.8714794952651,175.35154751263286,172.0740468903889,108.5884403973284,147.93237999281098,150.79689180146818,144.5195141322916,167.2340510028021,149.5712617480217,145.9449949440164,154.41186759564218,123.51814079346654,163.06416428431282,172.2369848425828,151.6326259542292,162.47653302883052,157.84000321718432,172.8542184935721,165.10654327378222,138.75457908785577,157.83232376645515,141.8910080317297,153.6236342035375,152.48343304151757,141.23520016595182,128.54189628715878,138.2629246793983,157.45495578012407,170.92930208438798,165.49228711062233,153.80663397984824,135.86990145915246,0.0,152.3631461421116,160.07219554046765,165.4385922643935,151.36308957755315,153.93184745916577,158.0257989605484,162.60183632760544,175.6235127770212,166.7118041141112,164.93197909437035,114.2148104927891,93.76865066761437,140.585900875927,166.1320399249331,145.9054347221761,157.02945910593576,126.20038302822908,146.91167333399017,171.20962002550442,169.8609795446394
171.69284891340567,131.5968439812073,140.69174397729893,152.3334467275438,137.80061249785177,147.5770165083167,132.90345784168375,131.89074446337085,125.65997712583274,142.68817265241546,167.26923340623455,144.3527497723918,137.9283020923272,153.79581002622922,134.68669592852055,144.53439714029437,119.6013546777582,131.8583051796362,137.77921425233194,160.16259663777444,135.823818770024,135.28123469586765,126.1764104978891,97.91225784677226,149.20850902843586,129.78367146180966,162.21631648206557,125.2886313863669,130.15705710477184,130.80599669497073,164.3312006385053,151.31466974020057,145.81372494715885,128.49090841390446,131.6056252405129,151.323948483277,136.707970020466,159.3217558413681,120.37772303802802,130.4970634853697,177.6219822939429,171.01478061747127,159.7518982204479,152.51750626664062,161.9222956954528,180.728656317138,176.00977225329086,177.6777502855054,180.6009271908215,184.03572410243737,146.35663201981643,135.36747624000816,150.16606963084848,151.2590525313948,135.38361255942385,142.89428828218058,138.52382417991788,111.70801083151264,144.11279706598032,146.58273071240484,120.6765458722188,129.8943530330546,128.55526785270436,152.79048452102643,144.10908788356647,135.7677072642754,126.19747682772976,106.52024203676754,91.47967598518449,126.81899489985572,121.49146789941818,105.83673187493272,119.83690828553412,105.53085490834748,99.32400257386456,102.82263678642964,113.04295141101386,116.2157230601592,167.72488668582258,152.3631461421116,0.0,148.90100209993645,165.7235630818582,125.99890606830245,109.58456917760154,151.1318259056111,142.23199964681598,126.22167156887048,139.32997261589452,112.6367820646392,155.32669044858,149.87021736495785,114.21232988722949,158.14294824033504,138.7831217735455,158.73215161973562,158.22590944735964,153.46793523743844,177.933733229215,170.33279394446745
151.7379530811327,139.13099761211237,150.01535817307888,133.73746414879952,133.32504596370228,153.86863062939852,164.40076637356935,150.6291291875803,137.2970617913312,172.2363588539493,153.7202896493585,157.96008218100206,159.7220458165258,135.06431365141748,149.9381355270447,170.63875390967556,151.35173290497238,150.21634906615623,146.80006361757086,130.8101526266763,148.35143309836357,153.7250292355969,168.3415377285749,165.39638400690365,175.42040075415852,170.23572815755668,129.3136212658353,156.29203653769125,145.89198464532092,155.29520114102112,178.00226407612203,174.29509241049237,155.85516847479954,137.23831912634972,137.85097175376836,126.4341956559985,134.07892469504307,173.94539426603598,142.91022956891285,180.8777946903361,85.47242532543581,129.11248734902003,123.04363414093925,141.18568336018444,125.95484986936276,130.8172176232951,96.13812335016551,119.5282764177869,129.61942761294222,102.80822849096047,142.13020813698006,144.53531569607645,126.7507868564625,118.33917048904402,160.16322506885246,144.382133389793,144.2219198651885,148.40826186266764,144.20147962168394,162.03229214342772,179.96503419306725,161.04833506020378,142.05180390892747,127.51605797433577,128.4308069926824,141.50107368199167,124.24300041596103,154.33824268859962,144.81198746094725,137.9559503892243,144.17030056254956,132.22195204854123,151.66357479785367,166.3559563878949,177.2709818300681,172.60067196182726,149.6616595373156,171.06209054760345,168.48052534294496,160.07219554046765,148.90100209993645,0.0,123.17166948134282,112.23373254814234,126.27532563039898,73.93741263566339,103.8122337294052,142.52777901388745,118.73225454532276,108.13457101119468,137.21793929815578,134.27180211411127,156.20019570464996,135.96126027479903,145.9529139827542,118.85968036253745,120.9731361999044,99.82611302633084,126.63411060255054,91.5980561214786
153.15563227785248,154.39726580356793,166.86160563116667,151.39831293421062,156.044980139112,177.70686235446317,181.00728094997467,151.93979091037485,167.16707098314396,163.42374232568628,148.25391242252527,163.05047659392204,159.0534165614195,158.06063111208104,160.22037936334456,164.8213309288096,168.88125894581387,159.1294014035256,166.9118503900905,141.03269655058116,167.15127915267118,176.50506589440386,164.57931509962253,171.01029321680286,157.63507094658732,168.18955749289574,128.11238135758572,162.56079525755558,149.12480852101442,175.36321330501414,144.00306803177165,182.67950617339136,158.94976156675278,162.4073496940301,140.35328134226978,128.8933925335519,125.35467243212318,157.69463813428445,163.46453080269129,174.59474370569643,135.37648200559744,152.55193346250906,104.19656307806773,120.41546431059342,79.38458953668257,149.09077902869896,137.0457561581594,139.4973731102796,141.6248287418867,136.72763756014018,150.26760521101005,158.80413444060838,146.27778770656727,161.0319639564663,175.33453005603536,175.6784195403742,155.96807114922896,160.2224925498058,164.74095903153437,163.7023129630222,165.62953788380634,170.2010262041623,162.0526487153178,156.93640613429835,160.65271005559285,156.14991011635246,161.58768860265772,178.01816291695542,172.4762652165646,168.52835520458706,160.3802715474394,159.36291083660086,174.5548037099201,171.8673589611177,174.11657794420444,159.49217209440383,154.5998859315717,170.49070341211774,125.33673566413177,165.4385922643935,165.7235630818582,123.17166948134282,0.0,132.8882124168127,127.77130033637616,115.7328826395109,115.35840506399312,137.7689499747206,120.21370954417807,134.9869485572949,153.37137104027008,147.80474414267258,166.68195647400674,126.37758545125018,133.1198372851028,116.62985120355307,126.43615864013806,107.02023939654644,127.10701782449712,114.02236692263186
166.95141563780035,131.8870785615076,148.57304057803634,144.35638099940013,140.36017635837396,159.49396368382816,159.8946499284045,157.5281479141796,139.4740289254459,162.74460755678103,171.61143900609633,159.15523344379164,160.99253441017487,151.292238862191,157.18252409129792,152.85107811253243,122.72153125184902,158.5047228898684,153.78320802965507,167.2204706163335,160.2218575239263,145.49781734163005,150.99145462496347,143.57643697784243,149.86674069954938,160.14310997186604,155.73022429997613,159.32280001427483,166.42555702733603,166.47401320393766,159.2914962853162,166.05779087228376,143.45871721072805,122.25059022000228,134.25735056376462,147.8065531092868,148.45387688308904,156.7193105849944,147.97413350169995,168.297221175549,143.40048317066595,161.96681167490658,134.36236203533605,152.9893125911007,145.83532264495486,168.25853914198865,147.98635775029777,152.02806301432858,169.72018914555332,160.6904398335264,148.50168313388806,151.64493108463068,152.0560961370349,146.1747200446293,156.40618899947873,154.21177934345187,152.8997587770531,144.15775506041854,157.39611813935852,152.13466772624184,151.7193919666338,149.4195242615418,147.01672793045094,145.04025674110136,158.6257397274514,156.38489255724133,146.82898739965125,135.85150354918574,116.93269076723594,150.16003001529543,164.76577657297554,97.78968039949352,152.33132497737694,129.96311998336597,137.1925845016591,135.26895385949982,151.6933620398413,160.8539528417017,150.2750929096109,151.36308957755315,125.99890606830245,112.23373254814234,132.8882124168127,0.0,128.43811327275773,105.64096936960128,135.32750200468573,133.00900663435175,141.63640277186755,122.08513019189613,142.12804528766188,135.221457575981,130.6486883936325,123.0620856712192,131.6801967725471,142.20495037155297,134.73782799732646,122.31955273372016,169.51163540462295,149.51590808835903
151.77069678080386,135.51343108131186,135.54118451130483,153.58933526219107,132.13684762604842,154.83068785000947,149.22849664907633,125.30486794753614,134.34342136171148,159.54769694358748,163.53451747463458,158.48729677179028,139.97852516580411,150.64569640771316,123.59139732802112,157.96366536959,140.4557981192075,129.61668141614135,149.88674512212896,120.2640162825296,142.56708922153155,143.86777697175447,135.2584370304322,139.0327214163196,149.62075980298502,152.5819943417047,118.13911150809017,122.02491946377458,112.5414897995813,140.78652522588345,160.5094857465553,166.2702081671152,162.99271018932782,142.93503568378247,118.0277703015031,123.86303774570136,110.51783156486424,169.8839886273425,147.8298975744761,157.37245406620127,151.5029021551997,167.3636435755282,152.7136512764334,132.55418494625792,133.74376164507072,147.93352859872448,146.00555780740495,139.2512888989661,146.57238179376515,149.9166140377369,137.93808979561595,124.93975271455122,142.409829272369,154.5944438295908,143.62075718599158,136.28969019739398,129.6141985279121,124.1594086332079,155.00664074459223,156.60994508220614,145.54039868837089,134.69717426573482,138.4344393881904,151.9763383177006,139.3167162761822,128.57496228903324,121.61823900005623,140.78255103180558,129.2551794783393,130.6638242576174,114.5305507554376,126.0605269122547,122.71977801623888,136.64192018872853,141.61299218886455,133.50703872982837,106.63412264135064,132.42280820870275,161.83362111613806,153.93184745916577,109.58456917760154,126.27532563039898,127.77130033637616,128.43811327275773,0.0,101.63379819107732,109.4333169663548,109.576329221976,93.60084620571644,96.25029759148612,156.1194132707787,137.2625921043718,137.7541792798147,146.61178790437438,151.04707521796453,123.43391593470967,141.69158144497922,95.6269814199046,137.74389451105725,116.69604178250304
153.25628758601658,134.09645324565565,140.26697243986015,139.46131005747026,133.07167308643687,150.55485349149723,162.82078137800755,141.9129190225645,140.61606373892155,170.68294894635096,151.90924978219007,160.94810725376257,153.22421127550152,137.23877289501516,138.95337779747706,165.7261868408232,147.79353489542052,138.5088741228273,149.22705481282276,126.94409748956146,153.72628483101755,154.46932513647408,152.62163819727868,157.06896065959342,166.10376314069512,169.27727547362937,115.5104617192237,146.040172980171,137.40928353672842,146.19622083147596,166.0301017321052,168.0112465022057,151.53167748771477,139.4958630224707,131.2620509447229,123.08263752604113,121.5832105362936,169.1326589806672,148.78812666300513,174.43953241964456,100.69057117874172,136.60994158823004,124.80505060176534,142.12935725158508,123.66112603030602,127.83364848327318,104.28980276895535,104.1619412049561,129.1190789767143,117.99007131639377,138.0541624453546,133.2360555009916,134.88207271540284,134.17978424944562,151.18921023207923,145.37234464865813,133.3109436732257,140.21581428060628,158.48122845648248,157.2450374272335,164.46278426439582,153.36112938556488,140.24818694397405,137.61705060335387,138.0417685984466,130.43800567423008,132.15518706965017,156.54774479025457,146.9722329945752,135.5129549558046,146.62741583005757,130.1820381632968,142.72115510089438,160.68744539748033,167.60879845170157,165.36351077347445,140.19096794040354,161.12854439398566,163.30217232539434,158.0257989605484,151.1318259056111,73.93741263566339,115.7328826395109,105.64096936960128,101.63379819107732,0.0,105.1771274638266,125.87341526882936,111.09060529826792,99.4155368889972,159.39304162996487,133.57691605717454,160.41936650587087,130.36682845870735,141.52285948980432,112.97183690593089,121.37422950500236,85.292862648451,124.64445577148992,96.60368769146108
141.5369270824322,135.58511178999223,126.1795053959716,142.29018406807242,131.2136297810494,144.57691659658235,148.96159095700503,126.97278039250644,122.61699417732238,155.80897090694805,150.022777169437,152.01056537323612,148.7970981615533,130.63255117827754,131.32005511417083,156.58152255017998,151.32502755266137,126.0185140505244,137.61109494773916,103.60171304578496,133.5209848358764,149.2166998142723,147.98193576905044,150.13802493962814,171.21676736792648,153.7646457321916,114.27817304973378,119.22609203447084,97.22849417391188,135.85346392281673,167.0235013304426,169.7056000593821,155.74473494782305,124.20977959991488,122.95611524438112,85.64329043994124,60.02633081192015,162.07466895115982,135.5577229319482,163.82954992499458,113.51574026002145,158.08722985195448,133.86533612658326,134.4218350862854,123.74490369903862,133.37849969874208,116.65951927862082,119.08837083580497,116.53360633545712,104.15233394528636,139.88865291244062,129.74974134531217,131.82602524442933,141.0928538016666,141.87488680541438,133.37445122091398,119.10478761183556,123.58107031732172,155.97832524240326,163.74449780270055,156.70778135411052,164.0427744675926,143.02634490297584,142.53484619182,130.43654983819044,130.64239065628246,123.44894632365428,151.73499606013692,152.9790167372255,121.07565737109984,116.96441995283011,154.07623767489554,148.4982981044997,163.96430925030938,166.24117945631997,159.78722948465372,110.05349086987891,150.8830977228891,159.41753181349597,162.60183632760544,142.23199964681598,103.8122337294052,115.35840506399312,135.32750200468573,109.4333169663548,105.1771274638266,0.0,115.17711056366387,79.40163572455985,117.40723977718812,153.77848329794804,147.68759466961762,154.52716143626316,140.1835664871963,154.08562499212644,127.55916144476176,142.47467931753198,104.36180490681348,106.8305765935074,76.68662563745993
157.94843259703362,126.6737005448066,126.94402647583868,143.184877325303,136.8307954158235,136.6527468571275,144.22380474639317,134.60175436816684,128.12821220403274,147.39209701450423,150.77349467139925,137.7720039599297,126.45767466732738,143.01795942842637,122.48535746829032,146.46317902749587,146.24381696279212,139.2189149679307,136.77262498577466,126.47479216499332,128.6318356443511,130.53915402016125,127.1199132969722,146.03256027418715,150.7117251286638,116.071366927302,114.6501442661725,104.47786815980535,121.62467481414735,132.3221042897753,160.35551290053922,157.81544952731207,152.08829053416082,127.65553654829408,100.53441824516702,120.40786264760892,114.26457302800128,155.73459997500242,149.2115532744967,156.82387149391587,156.7422953507654,150.11988615644484,158.56235638952896,118.7116359725247,133.27052524674662,147.23095017431314,139.49871806898528,132.57359138597397,139.0540373397896,152.30494683994002,156.03548159122624,134.14714942082134,147.04900445450434,150.63434719876938,135.38372783216337,142.36919647452584,143.52116568209112,130.92380586591224,168.63779569303284,149.03123220987106,132.5835806011394,145.23903672614512,127.4744799187157,151.3132790576912,144.00432183854645,127.9522339887428,153.56368728332112,140.48194949131863,135.54350382401145,135.8453820814466,123.7137377986241,135.6201047193741,133.1665082238753,163.34665815388792,146.69346752120833,129.97561926560945,112.67759362926724,118.88482584280769,162.48997760435884,175.6235127770212,126.22167156887048,142.52777901388745,137.7689499747206,133.00900663435175,109.576329221976,125.87341526882936,115.17711056366387,0.0,120.68603082133257,130.1392496560602,182.286400980221,167.33953068401956,156.89802150190428,145.622824123194,158.00012105901624,128.97167284882767,160.14683563051858,124.55663526710156,144.7057260386491,131.8969534759259
128.43466625281584,143.8557523139326,128.3372994751238,158.8398609233941,139.77652061631125,143.6714595738842,136.02459573908152,130.02474094307985,128.70808510020436,157.3086396135707,156.08123623798463,151.95558591127906,152.82434194314396,132.52748517797585,107.33512004897356,143.932717306747,153.68972624448807,108.82736270620404,136.58914896284142,76.81163939926654,124.8268061352066,157.00156247325657,124.46022393044429,143.6375481322947,156.97546205872578,158.2898849192037,110.96821892727608,133.72647350518787,92.19203737255236,141.67212545586796,160.11760853106296,169.90175700656312,158.74346798462443,130.5919525419207,123.9252942544199,81.47010405625315,100.81825508889408,164.2626445741771,136.25991172598813,148.47056911375267,137.05248338606333,161.38808818460876,141.4541831449232,128.00810206807705,126.89131773249186,141.09463715807402,133.82808172574886,123.66929934412572,105.27062614179896,122.52492854681508,128.84330513051572,133.28089254653855,144.6438802190631,154.4464762290044,145.1209977769318,129.6757974182148,128.19751265709033,127.41953322684827,170.8160188873075,151.36449671441196,153.20951995095308,165.4604597740274,149.53576365411263,148.51234676575496,119.29996958226867,123.11172768713452,115.87065130605647,150.30649345669372,150.39762846790936,119.791547421656,106.1180813513349,151.0770890893939,140.17702403774845,156.0839845856156,155.50560099476672,149.12246677133425,95.3985769979136,136.48840808583623,154.8698190164634,166.7118041141112,139.32997261589452,118.73225454532276,120.21370954417807,141.63640277186755,93.60084620571644,111.09060529826792,79.40163572455985,120.68603082133257,0.0,115.81099218303574,160.96016061329283,153.20036484539415,161.26008176465578,138.56213855617216,147.01449686268234,122.66274765673737,146.01998256692647,102.18428922322704,88.87814919326254,82.70352213786217
160.35594162917428,133.30737361044044,149.29243622798705,141.39181261698968,137.46322305924423,161.35406347423998,150.7212956403447,142.3508944029869,138.82345707831115,152.58260756998496,153.21647339549042,146.67306770104477,143.4839358090521,145.68987730198955,132.76582462342654,155.0829884453969,138.17960357120342,151.1180600265784,152.78064812783612,129.6372905900359,142.99671827813253,153.4880538768071,151.00085625333725,125.74721462653712,153.0712647598021,148.37875904698893,130.0935481946712,150.13497718498382,134.15861159657982,143.86199476778074,169.49509206602224,173.94026240612646,139.8048076957103,145.49040202774484,137.48119693673368,127.79706058485964,112.84177172912322,152.97130286598656,137.08079874181556,153.55170518578393,119.99705606198631,158.3743979334156,140.6279421595363,130.7719145527883,134.75341796515434,150.19680900611974,129.25530270941556,138.64354546610224,157.05936192086517,139.72077260449248,160.96005168499585,143.5898741038692,139.49930777817502,141.33225964249883,157.9593171269688,149.00074450268352,146.09324809658287,133.84933330400173,156.45543547223605,145.12723187110248,138.83236667437512,140.62222917705884,133.01794530027365,141.3563187912871,130.79412349557185,134.80172121526738,118.22430618103482,140.70382789791984,146.1898233518081,148.36566431617683,132.52243649300067,121.15100549959249,149.4691286427518,135.56546844113066,129.8021305665877,127.61676037867484,127.4899370061867,143.82287960979477,166.69074492038078,164.93197909437035,112.6367820646392,108.13457101119468,134.9869485572949,122.08513019189613,96.25029759148612,99.4155368889972,117.40723977718812,130.1392496560602,115.81099218303574,0.0,154.0367100370042,149.5164708815065,137.5005471335041,135.0083790199201,137.89698937132243,118.65136960967584,127.28100743259132,120.45906539083066,155.1453039125413,119.7522398464188
161.39148653792998,148.73252172978653,165.99301961780026,162.345433866118,150.79196359003683,163.437732349759,174.06857912317443,166.13838442829356,156.43026034003304,180.38743748163157,162.61959013464093,154.15494770390677,176.21070077792317,160.23768245409588,168.13479052021256,172.36168776967807,153.5391172517932,169.18278082494817,157.38122877630866,167.7637947698101,163.4142441737837,161.48401770091547,181.9124750868105,161.43493916225896,163.96412070734056,169.5802785744012,171.72714714419354,173.92780678554772,168.39369550750368,166.96339627580363,151.37690283284553,166.54729527840755,169.5878588681781,170.08353263147552,172.2278850904234,171.42833225017654,170.74899640411502,167.45147941865764,142.89137697413264,160.84282947142736,151.5159014391824,152.00677098005576,146.49583961597318,170.6260525158899,158.66637322749162,165.34211876103006,158.696181698882,176.8756001722652,169.63947520126777,153.20479918650966,145.0186091139054,152.5468953947922,144.61311471879324,135.1487577163549,158.3926097624908,152.00352465690236,147.92148873497746,155.18213272209354,112.35324446007236,170.07293398052218,178.86629558237402,148.79857329070896,166.12615200429258,149.06098542351216,161.55429318736248,160.37178274488545,126.0187976580732,149.5092884162118,139.20953008307205,163.1339484649759,153.6846511091381,137.95478389891724,146.55948869174,134.94114911715192,153.94372248335253,171.8762789266753,168.96715581413417,177.62854614695834,147.37273974518178,114.2148104927891,155.32669044858,137.21793929815578,153.37137104027008,142.12804528766188,156.1194132707787,159.39304162996487,153.77848329794804,182.286400980221,160.96016061329283,154.0367100370042,0.0,89.52038126471169,123.87273775700024,167.96459689345488,154.64071016704975,151.31837753349942,135.64770165725565,142.49146201022478,171.06975201618764,149.2397762737184
158.57066356214028,145.9197833788815,158.25087973920645,166.3761109549103,149.19491279267615,160.3961421510001,171.60251951577573,158.0087233595316,151.37040027439673,183.33882021702908,148.97487162628,138.657351228037,167.1264150872992,138.71978203164502,149.79772621824307,171.8267750835553,140.5104566420117,168.74893328132688,150.07516654656277,157.50512581288282,171.9581164493978,162.26704221199975,174.52063067171883,150.59787399079403,160.21041007201563,160.9854697072212,150.34595217260437,148.75250180835434,156.15495517530053,144.57020219654424,144.40265271245522,153.2501113464541,173.72595270085395,175.1485017001777,156.53934244441996,162.2358877851741,157.05898815644082,168.18328949659224,131.68405865015302,149.91530254959244,152.81853115774263,144.48002786800794,152.11661190517506,153.62355927484504,163.4284149027853,143.38006415706934,149.76704979388165,162.4072512910832,153.26297289286364,147.89476286448223,118.07950956986495,131.10393954072606,116.1312757252532,125.75316663475392,151.2026269977564,147.44034671134173,128.53025098022175,144.34302992804896,89.80085766493058,161.34435628964866,176.4857854779997,135.06403566251424,156.6380103903378,134.97347838370436,160.14728323649877,137.38734910297728,118.5598236781614,152.39338253889167,125.55771657222624,143.231363296758,144.4911388648755,135.2819008941928,118.46787798914448,131.7436260535386,160.40937562601368,164.49378561849375,154.0860614513305,154.33327926628732,144.0696497915048,93.76865066761437,149.87021736495785,134.27180211411127,147.80474414267258,135.221457575981,137.2625921043718,133.57691605717454,147.68759466961762,167.33953068401956,153.20036484539415,149.5164708815065,89.52038126471169,0.0,112.59127352265074,163.14036437878394,155.78756336264058,143.29767423628317,127.5419392346347,121.4226820939303,153.50320150437017,145.9593569772046
189.7785393297802,121.6214857196506,143.27445421840434,141.48781440018962,131.12025253785131,146.4149948309099,144.15577198673708,146.75706512666142,140.57663410382008,154.38019427938605,169.734386866235,140.83977011744653,143.4356393217534,154.73022028730335,160.0246528725532,140.0108238483042,125.59737212138349,154.20430997511244,146.32204343819296,172.13808898634505,158.3613859222247,128.20309148242688,152.0238944125137,128.0995939796103,153.76122069065474,146.59417048830193,154.54738148174408,139.0502471429869,151.56409445006878,150.805167747378,153.521563121442,148.98778891494072,168.08350862768464,145.90880030453974,144.40221559295475,155.76601653037332,158.74606739323946,150.75027171591404,126.18364458292923,148.83593748300007,161.1793357168907,180.69704854639164,154.62481289177543,158.00568046101404,161.90900276502157,180.7860984616389,165.2764332752392,169.88667637514015,165.2013274925892,165.71194583463696,151.57263940892366,136.2909862698542,116.85689192000268,142.29261138241986,133.19729851750176,135.7427784054135,137.59036910045972,130.40062077403203,106.52750085802616,162.60327037936412,140.77746557650434,119.484232152067,132.66608354995947,145.70482754862348,160.13746895974458,153.41575701030416,141.15894651892813,129.65979559551263,118.47719343139786,143.1308934790929,153.23905687912168,131.57586734239257,133.90675499401672,114.67886581931349,125.85990970849514,120.01298557085718,143.1054634534999,135.89285025244072,150.07981715725816,140.585900875927,114.21232988722949,156.20019570464996,166.68195647400674,130.6486883936325,137.7541792798147,160.41936650587087,154.52716143626316,156.89802150190428,161.26008176465578,137.5005471335041,123.87273775700024,112.59127352265074,0.0,138.7652257435359,131.8636011221832,164.80899160233588,161.90101560387342,160.26687517068973,173.0819578856387,163.56808258898894
160.7200333064232,145.61889662965032,155.5618224068496,143.42694065931283,149.39220751374685,160.0520033571274,150.19580805499612,150.00477301609905,157.74547001679,149.5955928135427,155.57125167225473,163.1777546070012,150.61963242555765,140.39054616638575,155.32912348614764,133.69183916922103,149.67568086184409,148.75870943324043,157.46570530512858,159.1550816945375,163.12480024327652,150.48245995822094,156.09184421084768,167.44973937304877,148.2230906919421,172.15290198194197,148.5867586175483,158.85459312515394,157.42658961516673,170.21556899248074,130.4672950823114,148.2553608528038,126.98025783844908,132.83697749490796,161.29666122645602,137.38256560672784,144.77846381179222,127.63984708688795,158.5665719574232,166.81556675661062,131.21683917450576,151.39458775771217,119.38300548800896,116.28767001603312,128.5657046399926,143.08546036107987,150.02877575662927,144.21041203019865,144.04972546522455,141.7518978614898,146.984482108116,157.1765563139537,141.22387776330788,165.8485391332842,161.68325083307005,171.28979613870956,158.8264610318945,154.13628448389184,169.2018907294817,155.08620452847202,148.20897730720606,167.77613368486556,146.67940689103335,148.49089353152797,157.715362511132,154.0426989430972,167.3118947062253,166.07816560001862,161.0025427164737,151.20557580543567,173.5335512356758,136.99578513388616,170.65615629389967,160.2343589666793,160.5656229957469,135.54352254378472,155.84193700101855,157.59347220244754,123.693899175452,166.1320399249331,158.14294824033504,135.96126027479903,126.37758545125018,123.0620856712192,146.61178790437438,130.36682845870735,140.1835664871963,145.622824123194,138.56213855617216,135.0083790199201,167.96459689345488,163.14036437878394,138.7652257435359,0.0,96.54810760265026,114.24682098709908,134.64068099787482,149.49518933489554,143.02731217181417,138.88877627803353
168.96323643345545,126.06226525229206,155.44366021841623,129.83197457362297,135.82714679178622,158.2057979350331,150.0812260068711,132.88737484307495,148.2940676957195,149.85078696707183,165.10194899414256,160.39754957838767,152.649334779637,151.82400933658298,154.6909111236326,140.35071663246026,143.7372122469942,140.20625241455522,150.90587259587755,166.89061764696956,150.56046940620277,165.63384226128693,144.6185717097913,147.19661234212384,149.02875284275598,162.94400474777328,165.35773283043468,166.8624293315596,153.0348450285905,165.7069074753991,146.9577545892734,135.83145732621074,140.6811554399515,144.0857352925124,180.0657989538706,158.53979978217808,157.4674434162227,154.62385736849615,147.15236050082655,149.26746149471992,146.84500854476784,153.38317931297303,82.69947608213258,154.07251509855593,124.31727761289422,160.42058303181716,168.89820202817072,166.8426850599868,168.25259725253346,158.93229078395194,141.12250104561446,143.42813065377675,147.79097422034363,143.39874010263577,159.48736186933672,157.9665512479889,144.76457076458087,138.6503229117057,156.3436695824629,156.65756962389588,144.65589506185597,158.467583707642,142.06911516929202,156.6923468332277,155.53875273090944,151.39237549872618,163.22369716020222,145.2417902130082,141.8282056997441,151.1592431657262,165.15193020058445,140.77786677099394,157.63703940552836,141.84529250628623,131.72253809960722,140.6328824277541,156.99848529241174,152.89428083988082,140.55066809358266,145.9054347221761,138.7831217735455,145.9529139827542,133.1198372851028,131.6801967725471,151.04707521796453,141.52285948980432,154.08562499212644,158.00012105901624,147.01449686268234,137.89698937132243,154.64071016704975,155.78756336264058,131.8636011221832,96.54810760265026,0.0,141.2360664341668,132.58855399820908,159.05413586231003,159.7868983649667,154.33974781404652
148.45559667181232,158.16878023626208,164.25169263459594,163.46016816976308,163.99422512046897,176.62046478109875,179.72844047908643,158.80588020242698,162.7385823573088,163.9723118650549,157.97169089649094,169.58697135399404,154.200757718591,157.87240809234868,152.70305662443425,165.86546757835288,150.44943019214742,163.25838424017655,172.29599425868736,143.35501777679696,173.10645374136806,164.1522454641716,167.92263582656878,168.30485771083926,148.62025429336663,177.50494610828088,133.40161245514162,168.3882618879843,156.955115944211,169.0212051881437,134.51882994477873,172.22369799376855,137.70726355021367,164.57537366202746,146.28101576182917,138.9727177194038,136.35977020694477,146.91954306564546,164.45388514933148,175.91011470639586,128.58044054331896,135.19568151322335,130.47803830918113,76.34887200948707,108.77039419060002,126.40894595566948,129.52882204229408,138.39827311616517,141.10233272164712,125.4855436200695,139.17270743065143,161.70747525210027,151.2066226250612,158.7997835421181,175.07193952139824,173.40234801344087,164.99364496910394,159.57489767394537,171.06323775899625,164.8759375274098,166.64681794398348,161.60525302980997,157.6707740656387,150.20457185210122,159.3160008790275,159.52804122674615,157.8500500175112,172.1559296983201,171.29514921869264,164.03783511981197,161.43538679654898,139.3552746253363,168.9400261175583,166.129190023979,165.7937219356744,152.66932710742572,155.26598221753645,172.28490845398187,112.86644226021124,157.02945910593576,158.73215161973562,118.85968036253745,116.62985120355307,142.20495037155297,123.43391593470967,112.97183690593089,127.55916144476176,128.97167284882767,122.66274765673737,118.65136960967584,151.31837753349942,143.29767423628317,164.80899160233588,114.24682098709908,141.2360664341668,0.0,101.96481961087484,119.74380375591022,138.9396362410734,105.86753701069536
140.10089525233946,154.70708509549615,176.41907648311545,147.19261330469288,154.88514342126211,185.19130965951285,171.90170560740052,158.60013394772588,170.9713952858259,166.18408350629124,157.2011886412178,178.3170558583962,174.2747112746589,170.1643003519133,166.9851009027003,159.47999545218022,162.00639265124647,168.2746111967274,181.7675690726046,159.8162457829594,178.30471494473284,168.38263326153674,162.14973363883922,172.82900310828714,150.06413088796853,194.20024375797288,152.52722045675978,186.26047920315224,172.5261060167727,183.2012860442744,137.04253852367202,148.24932308435675,137.418469594067,170.8885999143282,171.58920425054274,166.32963978890675,151.43865576048512,137.54654493638964,164.30345164523345,182.40849779266716,126.9591052372458,148.5770058696317,117.51857764968192,121.00317101202418,118.39804221912492,122.21807077808552,131.77986242979614,142.853510205935,163.12488413177138,140.20863331213727,133.9954987837832,165.78810633919431,152.69550588520607,151.291812603884,180.7084694791408,179.72495987869695,159.57393226169444,159.32232223370596,166.00649596641068,156.75401773844456,170.75482747655053,173.6017430693152,170.84135328557855,165.35892564870062,164.6341319429377,174.15047655763638,150.06854122339666,175.06299751814245,170.8018473306795,177.5037261692545,169.36743917493413,136.56562140273326,170.92810181297415,164.89998115351628,171.2308041263574,162.41882899310605,178.54150754102108,177.42051547765865,122.8404281989011,126.20038302822908,158.22590944735964,120.9731361999044,126.43615864013806,134.73782799732646,141.69158144497922,121.37422950500236,142.47467931753198,160.14683563051858,146.01998256692647,127.28100743259132,135.64770165725565,127.5419392346347,161.90101560387342,134.64068099787482,132.58855399820908,101.96481961087484,0.0,126.24397226532776,155.42413786170874,132.65925499216704
138.5197875643733,142.1568617056027,145.70377996038962,157.91471233156545,140.15626932192313,162.9287954521062,168.22791220408803,152.34641688969668,155.6728553877615,172.03312513099678,148.18366499355142,160.1722876657319,162.72086926550634,143.79349432511748,138.1232695567637,169.11748811305063,157.15404710979027,144.335351840559,154.89019209065168,114.41378939289578,158.00740617460195,163.72831862831396,150.35614371948617,162.56141483800997,170.28907156590657,166.41877802984152,100.72985931445396,134.2493132030517,142.0826962785684,146.94128929052772,158.4951511019869,172.59833688129203,171.51618172403772,158.70376713629958,126.71178773799387,121.83915423358282,119.05170681753182,169.4769986783124,142.65718766368067,174.85568940103238,127.79478035023683,156.9313095594339,139.31822643792336,142.44968819887538,125.22575428023016,141.79625694572127,123.8566330371922,106.75383697084592,121.13402683177496,137.75658694671577,123.55656938175696,133.42910150802834,126.82602350319968,140.0678378716146,165.34807910560457,148.30707146999845,135.76060199747826,150.95817476425458,134.8622088937925,165.09075154422794,176.8137601897687,161.0104749222362,156.6693519925221,146.45566720730818,140.4682683207518,133.10318068215292,121.70400148769896,159.70976196506763,146.24082356518983,143.87898666796627,131.31859356655477,143.00112255314366,137.5870698115719,159.74353898682244,175.69587387585815,176.4536986817827,134.19824646974018,156.93454747519507,153.4838543686264,146.91167333399017,153.46793523743844,99.82611302633084,107.02023939654644,122.31955273372016,95.6269814199046,85.292862648451,104.36180490681348,124.55663526710156,102.18428922322704,120.45906539083066,142.49146201022478,121.4226820939303,160.26687517068973,149.49518933489554,159.05413586231003,119.74380375591022,126.24397226532776,0.0,110.4358356015191,100.366549389798
129.18752563986186,157.6461971260313,127.28843861043372,154.9509307247177,148.86023551608855,127.87583062645692,150.5364145448282,140.6561722436923,139.27910261769952,160.4073898455864,139.96403276954385,150.02327836210057,154.24517428754478,126.08717835089055,125.68019935280384,147.01668784279568,171.7606663086532,120.23927199271635,134.03997787716304,86.63160231960558,135.10703162291475,152.31673198192328,146.37139521745584,168.7037497123552,162.95721322222613,159.45570301301294,109.0481638287393,132.3874114138732,107.96573600306314,141.72908262901905,163.85547221127513,171.77747855762567,167.71715839697512,142.40602418001035,130.59484353036137,87.63160144975606,116.72007049728946,169.45873181646107,152.9984293203782,164.04133893566683,120.21158001423262,144.52931390717447,145.5692722230001,141.0737589774856,135.053136923025,133.5878822760977,117.63273525279904,108.24645755034352,49.9445568926808,105.9518113774892,124.80263318180796,136.04459860120355,135.11667241348033,150.84791950109536,139.4782400127196,127.12472653646688,128.0151986990409,143.15792537573122,160.49634930379722,157.65071803091482,167.95430884602337,169.5840332708456,155.73734821663209,149.55609548451753,132.87587853192352,128.80136129335403,137.64849535316134,170.5517934339212,175.82463090422948,128.11096629901556,123.90464466246056,177.65782774019698,149.2219568775381,188.40115399862765,183.85510111825408,173.80549578358222,129.6486811196002,156.4938864472682,162.0377999386526,171.20962002550442,177.933733229215,126.63411060255054,127.10701782449712,169.51163540462295,137.74389451105725,124.64445577148992,106.8305765935074,144.7057260386491,88.87814919326254,155.1453039125413,171.06975201618764,153.50320150437017,173.0819578856387,143.02731217181417,159.7868983649667,138.9396362410734,155.42413786170874,110.4358356015191,0.0,88.36605965690079
139.27692048879732,144.8231691888243,139.61253742649734,137.84181663524416,134.65745559102731,155.0465338855243,156.93209515508866,139.94242301569466,141.63855584688673,161.303748967206,141.27056360527567,151.62067264533567,154.3970749804539,131.79910715095596,140.61809501553512,159.36704454741553,160.60953029910252,136.1679146179907,151.32088105994427,88.25039106631283,137.38669460860845,155.12192730275416,159.9153198067013,168.00434352351508,168.79906165726442,160.95092655862737,102.24232919409282,143.62419381123087,113.19019229329254,151.15277121831957,170.19495069049412,179.69641759282956,164.27264875615344,142.74511185635018,125.96861850026514,93.51745273735304,96.707292305971,166.13853169635837,148.93746895713122,180.5304469975141,86.16879048706906,136.42929660124392,129.04779361772358,121.10310853917784,117.62391410509392,119.87672862754076,88.37110321492005,104.78107025234294,92.49301600245724,71.39777391907533,146.4534413302202,140.27695274330094,131.42338158154217,136.41303482852945,156.21854467535383,138.43629813830128,128.62698048040406,146.7784236317194,159.33133875718931,168.35941709615958,170.3229923554064,165.49191252301375,154.7274955388554,139.80179495688438,134.1392876643083,139.10290802051833,119.57997288183194,166.0534904864789,171.66244057399044,144.12660168772385,133.38525432858552,163.90536670706194,159.63381769938897,179.7503380278046,178.30537938608063,171.4843023835162,136.35845058810844,162.46938456625494,158.61968939247282,169.8609795446394,170.33279394446745,91.5980561214786,114.02236692263186,149.51590808835903,116.69604178250304,96.60368769146108,76.68662563745993,131.8969534759259,82.70352213786217,119.7522398464188,149.2397762737184,145.9593569772046,163.56808258898894,138.88877627803353,154.33974781404652,105.86753701069536,132.65925499216704,100.366549389798,88.36605965690079,0.0
