0,1,2,3,4,5,6,7,8,9,10,11,12,13,14,15,16,17,18,19,20,21,22,23,24,25,26,27,28,29,30,31,32,33,34,35,36,37,38,39,40,41,42,43,44,45,46,47,48,49,50,51,52,53,54,55,56,57,58,59,60,61,62,63,64,65,66,67,68,69,70,71,72,73,74,75,76,77,78,79,80,81,82,83,84,85,86,87,88,89,90,91,92,93,94,95,96,97,98,99
0.0,0.6351417,0.6345721,-0.053099774,0.035728365,0.6690527,0.38469157,0.4391374,0.0032146678,0.42938069,0.61064965,0.53169936,0.26548725,0.19989878,-0.24245521,0.48632687,0.3903522,0.48692882,0.2521559,0.20191263,0.09135591,0.62941086,0.19679426,0.19378726,0.2896297,0.4684957,0.44204393,0.20532055,-0.00039573733,0.18456085,0.71799076,0.1404587,-0.53638387,0.08277174,0.33795124,-0.29021782,-0.50193924,-0.55847085,-0.6421292,-0.5279276,-0.5805587,0.49992427,0.06893672,0.032463748,0.39513588,-0.69853246,-0.26855704,-0.29536986,0.52790755,-0.5769789,0.9074415,0.6330697,0.10061442,-0.4113149,0.55193067,0.5627366,0.20628043,-0.18272963,0.33786994,0.53190845,0.47203162,0.29401433,0.3391471,0.055492833,-0.019774143,-0.19846699,-0.42823318,-0.014476925,0.33952612,0.54865474,-0.04479414,0.5062928,0.20743108,-0.43334216,0.34995717,0.46114004,-0.019624734,0.01818699,0.579834,0.095388696,-0.19799472,-0.5112882,-0.40456834,-0.04579921,-0.49773633,-0.4190259,-0.51846653,-0.42606887,-0.1761028,-0.7124502,-0.435628,0.34418958,-0.87940955,0.36584023,0.4882355,-0.23146391,-0.741638,-0.3923878,0.47763208,-0.55762
0.6351417,0.0,0.8944005,0.38691792,0.6615328,0.8328806,0.7711612,0.70653814,0.59882104,0.42433688,0.5965269,0.5816331,0.46339867,0.39796412,0.13543938,0.74015945,0.5288166,0.6520715,0.39372897,0.4284652,0.44060528,0.71827614,0.5374645,0.5358629,0.27191877,0.5121021,0.6772025,0.508381,0.41725567,0.5474287,0.52512205,-0.39349666,-0.31448638,0.32560387,0.62475884,-0.22414944,-0.31035355,-0.61052984,-0.34376746,-0.09112841,-0.36039302,0.390509,0.38094854,-0.30340582,0.68092096,-0.47245526,0.03400883,-0.16502494,0.5862853,-0.56999564,0.60451686,0.89834976,0.5685533,0.13777854,0.8825345,0.7913276,0.59367335,0.44399044,0.4193322,0.39649293,0.60460454,0.47388494,0.6768199,0.31860617,0.30674803,0.20270258,-0.17014629,0.16675462,0.5323951,0.68642616,0.30539063,0.6564863,0.5125331,0.008929945,0.5361369,0.43998373,0.38444743,0.3725219,0.38906586,-0.37872422,0.15502097,-0.28898647,-0.32495517,0.18284951,0.13960327,-0.07732809,-0.37932938,-0.21560016,-0.03517809,-0.438621,-0.3717052,0.15161322,-0.41102335,0.19624992,0.70954514,-0.4636283,-0.5429673,-0.28931382,0.36319172,-0.500831
0.6345721,0.8944005,0.0,0.19382481,0.61395204,0.91858304,0.68985224,0.5455122,0.5905934,0.51647854,0.6665511,0.66244113,0.45057595,0.4951144,0.21436322,0.6055714,0.5402719,0.48786038,0.47392702,0.47740173,0.5660154,0.65644956,0.48498666,0.6448972,0.33240336,0.59675986,0.8261375,0.505787,0.5304891,0.62471014,0.5974471,-0.28021196,-0.45567217,0.12264789,0.5185304,-0.19600347,-0.36676094,-0.5114657,-0.22955565,-0.010670605,-0.42304873,0.4501447,0.36475033,-0.25376517,0.5578888,-0.48353595,0.02941764,-0.30018348,0.63473314,-0.5474284,0.65867156,0.8833194,0.47483176,0.014357716,0.96295995,0.916417,0.42904654,0.3887052,0.5366389,0.45350626,0.70666474,0.4930804,0.74163526,0.40959054,0.45467842,0.29919285,-0.29172763,0.26956397,0.3407904,0.5215978,0.41600105,0.52608186,0.43239948,0.00010823587,0.6555351,0.502503,0.48705035,0.3821614,0.43305662,-0.2691509,-0.07956018,-0.50590265,-0.5119568,-0.088477336,0.062598616,-0.29852203,-0.44938454,-0.36076537,-0.093000606,-0.5756607,-0.5038559,0.2739189,-0.43479085,0.043385927,0.6980269,-0.4750337,-0.6127434,-0.41271344,0.43431312,-0.5315353
-0.053099774,0.38691792,0.19382481,0.0,0.6683276,0.027092582,0.65783495,0.7688129,0.57326317,-0.45492697,-0.23704588,-0.22961652,0.24316916,0.20221803,0.38442925,0.60857457,0.23346956,0.61643225,0.18350957,0.03836055,0.2271174,0.30191284,0.61516625,-0.12221518,-0.38604343,-0.3213743,-0.1403282,0.28929818,0.0864139,0.35099936,-0.36689302,-0.6151144,0.47639632,0.72467357,0.5283059,-0.14510038,0.11963932,-0.2633159,-0.07759546,0.030654633,0.31759682,-0.41648164,0.31557232,-0.52570784,0.40215588,0.22918361,0.4229075,0.5192125,-0.0059011127,-0.086179554,-0.17517297,0.42058495,0.80492795,0.83035696,0.22711636,0.036087766,0.8956249,0.67896795,-0.4115819,-0.35558364,-0.20450301,0.13990748,0.29299176,0.25012997,0.20039046,0.3528907,0.45440614,0.18066777,0.6269598,0.5737521,0.14723662,0.42618474,0.59741974,0.11150355,-0.21837746,-0.40382126,0.20395184,0.4292958,-0.42110047,-0.6016699,0.4643844,0.3941638,0.3052051,0.6181467,0.49370578,0.55755955,0.13378687,0.34022874,0.15665467,0.21775031,0.2790774,-0.6092005,0.08775572,-0.17032503,-0.037732106,-0.26034585,0.25365064,0.28532717,-0.1512317,0.017520523
0.035728365,0.6615328,0.61395204,0.6683276,0.0,0.47646838,0.77113754,0.6237744,0.9250528,0.08924914,0.15019709,0.19748849,0.38083288,0.3640346,0.50405824,0.5833677,0.3435132,0.47014824,0.302892,0.40874386,0.57796717,0.38262868,0.6161701,0.4916769,0.019774722,0.17593575,0.46760568,0.52030176,0.5907618,0.60823214,-0.008220789,-0.69911706,0.11444186,0.40547433,0.5576743,-0.037185106,0.037832744,-0.29941076,0.09116597,0.32733902,0.0962943,-0.028180214,0.45955178,-0.48325086,0.51887536,0.03680801,0.3630282,0.12721853,0.3308373,-0.2272407,0.016403787,0.6109959,0.7745841,0.6585571,0.66626525,0.5400314,0.7077218,0.89994615,0.16868983,-0.051008843,0.30175433,0.35200444,0.60931295,0.39382488,0.4790737,0.5476378,0.2220895,0.2563498,0.4074006,0.44405755,0.5093524,0.3891244,0.56506205,0.3506842,0.33800003,0.05501945,0.5999919,0.53133345,-0.1083328,-0.67023194,0.33863747,0.05259622,-0.06893961,0.28309447,0.62775904,0.2538819,-0.018133406,0.11905712,0.13716523,0.0049582953,-0.08997789,-0.2156289,0.1328824,-0.23616588,0.3727411,-0.4151864,-0.044352647,-0.0004453517,0.07595228,-0.15222204
0.6690527,0.8328806,0.91858304,0.027092582,0.47646838,0.0,0.5104336,0.3758016,0.46309286,0.63534796,0.6203967,0.62904197,0.3214532,0.2698658,0.018593468,0.4194152,0.34472525,0.3273415,0.25482675,0.52231365,0.40059188,0.49232745,0.24467714,0.608784,0.44383582,0.62004346,0.82282543,0.36952806,0.47180834,0.3814223,0.70738935,-0.10087775,-0.539817,-0.07784586,0.31003445,-0.06849958,-0.33916327,-0.42492676,-0.2617508,-0.05096139,-0.4556263,0.51433843,0.14866409,-0.018043524,0.5432322,-0.5249044,-0.12359405,-0.40711743,0.7197659,-0.4732229,0.71854824,0.74497163,0.25920886,-0.17387542,0.92316025,0.95046693,0.2454422,0.25931466,0.5963585,0.43663234,0.65971345,0.36960474,0.53935826,0.16872564,0.23688155,0.08978047,-0.32075575,0.02888439,0.16013624,0.37946007,0.32384568,0.35482913,0.254717,0.01202954,0.60026455,0.5830898,0.39154762,0.18721639,0.56630707,-0.074638896,-0.095220946,-0.48013684,-0.4683035,-0.17119333,-0.029036405,-0.34903517,-0.40378466,-0.37362927,-0.02685304,-0.53237087,-0.48945534,0.412376,-0.45420298,0.09631457,0.64185613,-0.2908919,-0.6426575,-0.37338614,0.5271007,-0.4553052
0.38469157,0.7711612,0.68985224,0.65783495,0.77113754,0.5104336,0.0,0.83539456,0.74022156,0.080583,0.3746216,0.3487978,0.5758565,0.51431984,0.5140555,0.86424917,0.6372065,0.8141949,0.51179254,0.408449,0.63788307,0.7134081,0.8496221,0.43388954,-0.11313451,0.2229087,0.45786437,0.69375294,0.4971931,0.7440237,0.08837897,-0.6406239,0.00970707,0.6323111,0.8138179,-0.19457456,-0.0695584,-0.56029236,-0.21696539,0.020986881,-0.068879575,0.031072045,0.565664,-0.50779444,0.4999771,-0.2008411,0.3917081,0.19263995,0.40342644,-0.4284134,0.29326624,0.7891737,0.87361705,0.52218217,0.6812567,0.49977595,0.8432903,0.67590916,0.13522866,0.1579178,0.396352,0.54538625,0.74812806,0.48733157,0.505664,0.5532856,0.14567119,0.3926606,0.7315552,0.80164206,0.50033283,0.7431962,0.8103674,0.12527713,0.39858207,0.06894365,0.5611403,0.6875649,-0.07336183,-0.6399663,0.32244608,-0.078972936,-0.12448034,0.40546536,0.3893529,0.17250727,-0.13448854,0.10461462,0.10850003,-0.23722853,-0.14345476,-0.28645456,-0.21790323,-0.05117947,0.4845943,-0.46941054,-0.2502049,-0.057946023,0.21745308,-0.32468534
0.4391374,0.70653814,0.5455122,0.7688129,0.6237744,0.3758016,0.83539456,0.0,0.5197963,-0.13025904,0.23240995,0.13711433,0.3953077,0.34677553,0.2064656,0.90327203,0.45853966,0.860782,0.35293677,0.07113265,0.27003154,0.7351981,0.7273133,0.08751186,-0.12735401,0.08345313,0.1635527,0.41502276,0.076657295,0.53204536,0.09281668,-0.5290658,0.09735895,0.74098974,0.78586423,-0.38763332,-0.24796215,-0.6107063,-0.38681456,-0.23736486,-0.10987615,0.011667046,0.4658602,-0.56352884,0.565077,-0.23409386,0.22483088,0.2490475,0.19881143,-0.50091225,0.2844729,0.7443668,0.76624566,0.47927484,0.51130116,0.31468305,0.88709146,0.49125272,-0.11986059,0.101099454,0.14775538,0.3241598,0.53607637,0.32145002,0.21192369,0.22658107,0.061727066,0.20541552,0.80516845,0.8438457,0.08324741,0.75266504,0.64022344,-0.19298868,0.09795476,-0.01833307,0.15234695,0.41709557,-0.03143757,-0.57991034,0.2859073,-0.007110718,-0.0525327,0.5310605,0.17205018,0.21263413,-0.2684259,0.010832261,-0.09220813,-0.2701956,-0.09680899,-0.32068306,-0.38147014,0.13403842,0.323769,-0.5019398,-0.23816194,-0.09057824,0.015628727,-0.41241783
0.0032146678,0.59882104,0.5905934,0.57326317,0.9250528,0.46309286,0.74022156,0.5197963,0.0,0.1026952,0.13092244,0.1793586,0.4339335,0.3314152,0.59004766,0.50292414,0.30872145,0.4187202,0.26701516,0.5260274,0.6380285,0.30513147,0.6355331,0.5426444,-0.06057618,0.15330894,0.49944857,0.5920176,0.68743384,0.638734,-0.0651113,-0.6261489,0.15012574,0.35793024,0.51751876,0.13474779,0.18029587,-0.16331509,0.2263909,0.44680014,0.20429985,-0.08737602,0.4860209,-0.35583764,0.43490717,0.13077606,0.49050143,0.18373024,0.39403695,-0.094465636,0.00646282,0.554963,0.74577427,0.6369682,0.65266585,0.54279023,0.6271866,0.9348378,0.18565957,-0.083010264,0.2918938,0.41086188,0.6123831,0.3639061,0.5047026,0.6176212,0.29843944,0.24329066,0.32595587,0.3712463,0.6135684,0.31675863,0.5850403,0.4506053,0.3529352,0.009496718,0.69821066,0.5883286,-0.18956451,-0.5736178,0.31551683,0.06636048,-0.016031764,0.21981856,0.65476036,0.24387623,0.09770399,0.21534432,0.25534758,0.05922107,-0.011055432,-0.24758556,0.20427863,-0.34766474,0.3268001,-0.27991533,0.02191953,0.080181316,0.16783437,-0.037529953
0.42938069,0.42433688,0.51647854,-0.45492697,0.08924914,0.63534796,0.080583,-0.13025904,0.1026952,0.0,0.68896896,0.74808335,0.17430343,0.064549476,-0.21845092,0.0034297188,0.17226116,-0.1265759,0.08123561,0.39766306,0.18463066,0.24093023,-0.17589884,0.7210511,0.7300327,0.8334471,0.74509716,0.18869776,0.40533957,0.09022745,0.7174778,0.14785647,-0.7455333,-0.49143812,0.011313237,0.022453904,-0.3021888,-0.20163557,-0.10208269,0.09376822,-0.55428904,0.76378417,0.07714448,0.24638952,0.12766476,-0.594337,-0.39632517,-0.73437524,0.5220383,-0.34676144,0.5600719,0.26445556,-0.2066821,-0.51642376,0.49638903,0.62088925,-0.2977633,-0.07860719,0.9439178,0.6892555,0.78753585,0.2896967,0.26611423,-0.024792656,0.06658131,-0.111784786,-0.5182734,-0.0905531,-0.25745165,-0.07791703,0.18228813,0.053393528,-0.18432443,0.07741124,0.7607342,0.84507024,0.21822742,-0.1471842,0.6984798,0.15819308,-0.29534686,-0.60182744,-0.57263684,-0.4914462,-0.23511605,-0.6038657,-0.3846839,-0.46555078,-0.14102854,-0.5064841,-0.6099094,0.7857274,-0.26485428,0.28547803,0.6946829,-0.1244669,-0.6908867,-0.5247578,0.4181186,-0.38442078
0.61064965,0.5965269,0.6665511,-0.23704588,0.15019709,0.6203967,0.3746216,0.23240995,0.13092244,0.68896896,0.0,0.88397247,0.4928323,0.5292587,-0.03215566,0.42420244,0.62823194,0.30430764,0.5580871,0.23747474,0.36742726,0.7007908,0.26566765,0.6540231,0.49823275,0.81541896,0.7273717,0.45835915,0.3187153,0.49919844,0.69592834,-0.080216944,-0.71006644,-0.050934076,0.4468576,-0.31866264,-0.4609315,-0.5241465,-0.29489043,-0.117573656,-0.6683535,0.74669623,0.401673,-0.15140726,0.24275538,-0.7156675,-0.22329263,-0.55791163,0.40802267,-0.6214926,0.6524335,0.58786553,0.1026342,-0.37848982,0.5767356,0.5722684,0.029275175,-0.08201018,0.73082316,0.8752527,0.8834282,0.59400666,0.6684648,0.43310288,0.38852984,0.10648191,-0.5911723,0.3738294,0.23956087,0.36026928,0.20223786,0.5501167,0.1661759,-0.144327,0.8318454,0.73960567,0.23435584,0.1952241,0.6115233,-0.106992394,-0.2668195,-0.71166885,-0.69560516,-0.26077297,-0.26504615,-0.55422175,-0.5836409,-0.48352447,-0.32897782,-0.71658015,-0.67628783,0.5578794,-0.4684377,0.43259716,0.85370016,-0.46782982,-0.77879417,-0.65413624,0.31561318,-0.64542365
0.53169936,0.5816331,0.66244113,-0.22961652,0.19748849,0.62904197,0.3487978,0.13711433,0.1793586,0.74808335,0.88397247,0.0,0.48308903,0.5378513,0.062231164,0.30791998,0.64655685,0.19113128,0.5790133,0.37492514,0.45066008,0.5495758,0.19037287,0.6947943,0.4944181,0.7572684,0.75476867,0.43767488,0.45130095,0.43261462,0.6321934,-0.06060887,-0.69306517,-0.17092071,0.31322792,-0.18662372,-0.34130025,-0.3935728,-0.20148864,0.0066154245,-0.5695251,0.6444429,0.30196992,-0.041431647,0.17848475,-0.61234665,-0.18191427,-0.57872075,0.50101936,-0.47387815,0.63737607,0.55656797,0.13874044,-0.31119934,0.5933567,0.61947536,0.011388918,0.0027921423,0.81830126,0.7694475,0.961811,0.6092496,0.6231577,0.44113305,0.44289252,0.18846914,-0.46625647,0.39639026,0.12061352,0.25239596,0.33014786,0.41752127,0.1727516,0.042343993,0.84402776,0.70825523,0.352188,0.21869959,0.54926753,-0.041589946,-0.25240934,-0.6460126,-0.61301553,-0.33234724,-0.16426113,-0.50733155,-0.44281963,-0.4359341,-0.17306402,-0.600219,-0.58658195,0.5773065,-0.3438269,0.29666525,0.88114226,-0.34043914,-0.68100363,-0.53318,0.42581254,-0.48851103
0.26548725,0.46339867,0.45057595,0.24316916,0.38083288,0.3214532,0.5758565,0.3953077,0.4339335,0.17430343,0.4928323,0.48308903,0.0,0.52329683,0.47169513,0.46675396,0.6562224,0.5043356,0.55477196,0.5002346,0.53335065,0.4598695,0.61725897,0.38912618,-0.23062801,0.1812825,0.38090274,0.7620497,0.4524658,0.613005,0.03910029,-0.27031958,-0.016745077,0.3415713,0.5255684,0.15233009,0.24098247,-0.14708878,0.06746772,0.23329234,0.09438148,0.022139302,0.5478939,-0.05549003,0.17290717,-0.03537328,0.49896586,0.1379029,0.46479106,-0.049860027,0.32105234,0.5362799,0.57905644,0.25924975,0.4427469,0.35117483,0.45297268,0.38599566,0.2463535,0.30394143,0.47670734,0.9561429,0.6877002,0.49674428,0.5210376,0.4959881,0.20964932,0.5161173,0.41699892,0.4779699,0.48623553,0.52114433,0.61946154,0.32918608,0.437087,0.026707895,0.53258085,0.6248324,-0.15174504,-0.20748329,0.059447423,-0.123473674,-0.025213864,0.09621138,0.21804127,0.050479136,0.11811701,0.24352564,0.29650298,-0.10367348,0.04280258,-0.14173208,0.0005281304,-0.05222383,0.47850597,-0.054278977,-0.09870974,0.066234015,0.44413096,-0.010849496
0.19989878,0.39796412,0.4951144,0.20221803,0.3640346,0.2698658,0.51431984,0.34677553,0.3314152,0.064549476,0.5292587,0.5378513,0.52329683,0.0,0.5550166,0.44481307,0.85867345,0.39035395,0.96648955,0.17741026,0.6944497,0.54494965,0.5938662,0.36387214,-0.06496586,0.2416015,0.43084314,0.5416588,0.4197107,0.73810494,0.100903675,-0.4092307,-0.2210535,0.26154006,0.49097952,-0.2951295,-0.16900803,-0.35911682,-0.06720723,0.03863136,-0.20862736,0.08600521,0.43328953,-0.48109567,0.13468179,-0.19433607,0.2635295,-0.05894093,0.1872496,-0.32022914,0.22785251,0.57352895,0.53500736,0.245464,0.42915785,0.3404613,0.38366118,0.25891638,0.22836721,0.3172295,0.55548364,0.59361196,0.7816759,0.95844495,0.8833915,0.64996994,-0.10842818,0.9239941,0.41082722,0.4119366,0.47985098,0.5114706,0.53047335,0.040883828,0.49721748,0.12080125,0.46893486,0.63853335,-0.018057596,-0.37369603,-0.112692505,-0.36937577,-0.39632782,-0.04445241,0.16761062,-0.14598684,-0.24511087,-0.1464003,-0.101793885,-0.3474718,-0.2853862,-0.027970763,-0.14063095,-0.09243622,0.48287842,-0.48822477,-0.2309484,-0.2486119,0.15513039,-0.31278282
-0.24245521,0.13543938,0.21436322,0.38442925,0.50405824,0.018593468,0.5140555,0.2064656,0.59004766,-0.21845092,-0.03215566,0.062231164,0.47169513,0.5550166,0.0,0.23261681,0.5023524,0.28119016,0.5200453,0.48942262,0.8286978,0.07036819,0.6517418,0.2872876,-0.4848867,-0.21716739,0.22113946,0.61547196,0.6819158,0.6355139,-0.42731106,-0.4875898,0.31392282,0.32397825,0.31949237,0.26153994,0.46442538,0.098065116,0.34926277,0.46563515,0.43191677,-0.46006826,0.36242065,-0.24435404,0.005061414,0.40965068,0.73880744,0.41667423,0.21489678,0.23971693,-0.20010838,0.25691357,0.68602705,0.651016,0.2574302,0.16071962,0.47050238,0.64269775,-0.06646589,-0.28203532,0.13118792,0.47198159,0.51621604,0.606494,0.7747934,0.97127175,0.53657705,0.651041,0.2622865,0.23743367,0.8199019,0.18425639,0.7064534,0.55428255,0.19430964,-0.3844538,0.8054734,0.8411386,-0.5724519,-0.39149013,0.25497094,0.17612882,0.1585801,0.15185839,0.6553778,0.32105815,0.4093833,0.44206443,0.46531048,0.27084008,0.26198512,-0.51611036,0.38973823,-0.60437614,0.049278393,-0.031690475,0.34549892,0.35807195,0.20272654,0.29555872
0.48632687,0.74015945,0.6055714,0.60857457,0.5833677,0.4194152,0.86424917,0.90327203,0.50292414,0.0034297188,0.42420244,0.30791998,0.46675396,0.44481307,0.23261681,0.0,0.5927741,0.91961217,0.45539623,0.11254934,0.36629182,0.879944,0.810517,0.27617997,-0.045775265,0.2612144,0.3038087,0.5447483,0.17172724,0.66640896,0.17769638,-0.5862998,-0.0061117946,0.7635824,0.9232238,-0.42873368,-0.28164238,-0.7064732,-0.3912039,-0.21113794,-0.21785587,0.16789657,0.6243763,-0.6208278,0.56432164,-0.34961796,0.21842568,0.19029784,0.19664577,-0.6097154,0.32154033,0.775173,0.70657486,0.3623613,0.5540369,0.34372506,0.7877155,0.43240866,0.04115081,0.29054457,0.3211927,0.41971824,0.66753775,0.41557252,0.30770642,0.2828134,-0.052285355,0.29812005,0.8736309,0.9013564,0.1626562,0.89763546,0.6735374,-0.17867374,0.30880383,0.14381276,0.21751502,0.49804178,0.057988383,-0.6411144,0.3234542,-0.09840923,-0.15796952,0.53270644,0.16456519,0.1450106,-0.34745044,-0.034443926,-0.1493718,-0.34770197,-0.21860673,-0.22349618,-0.39527756,0.26413327,0.510781,-0.61207086,-0.364967,-0.2072976,0.004198812,-0.5274502
0.3903522,0.5288166,0.5402719,0.23346956,0.3435132,0.34472525,0.6372065,0.45853966,0.30872145,0.17226116,0.62823194,0.64655685,0.6562224,0.85867345,0.5023524,0.5927741,0.0,0.5760218,0.9015331,0.3070427,0.6785376,0.66701144,0.66281813,0.40099794,-0.08853434,0.2940793,0.44511956,0.6551104,0.42948875,0.7021756,0.16665493,-0.40131134,-0.24100435,0.36703297,0.5965244,-0.26127684,-0.104513995,-0.47564992,-0.23783204,-0.059928015,-0.24301744,0.13477384,0.44795316,-0.371571,0.18563743,-0.30282605,0.2633368,-0.015796313,0.32334596,-0.37375972,0.382314,0.6558259,0.5901402,0.1915452,0.47512427,0.35389078,0.47697568,0.23678887,0.2792678,0.41333053,0.62928104,0.7175897,0.78087866,0.78857476,0.7274936,0.5745968,-0.04400699,0.78888994,0.5847224,0.6104207,0.49496463,0.69216007,0.6737676,0.074146725,0.54260963,0.16210757,0.49569455,0.6817662,0.03802651,-0.35341668,0.055393487,-0.29892254,-0.29457986,0.12055281,0.13782562,-0.06527474,-0.18564126,-0.040228803,0.012376155,-0.34876505,-0.23067543,-0.0644206,-0.23842466,0.08300674,0.6298715,-0.40346673,-0.30405894,-0.17206085,0.29346412,-0.3142786
0.48692882,0.6520715,0.48786038,0.61643225,0.47014824,0.3273415,0.8141949,0.860782,0.4187202,-0.1265759,0.30430764,0.19113128,0.5043356,0.39035395,0.28119016,0.91961217,0.5760218,0.0,0.41776988,0.18956803,0.3341029,0.7668149,0.818728,0.11103724,-0.27184838,0.049786422,0.1646694,0.55117553,0.12126251,0.58974546,0.06657945,-0.49660814,0.14864454,0.82565033,0.8405779,-0.2650284,-0.09035407,-0.59164435,-0.3957569,-0.23940153,-0.053421304,-0.022786282,0.5236885,-0.4598823,0.53111523,-0.2088207,0.35483062,0.37580156,0.24553625,-0.41872838,0.3108008,0.71230865,0.720978,0.3786666,0.45432127,0.24846217,0.811526,0.38125718,-0.12444621,0.13708124,0.17171934,0.43258917,0.560953,0.35404083,0.24912044,0.28053516,0.14635676,0.2874508,0.9198865,0.95408744,0.18800995,0.8689875,0.77302843,-0.106147066,0.13769245,-0.062010452,0.22380795,0.569532,-0.083777554,-0.51658624,0.405443,0.06758379,0.061673578,0.6269552,0.18279284,0.2949515,-0.13320805,0.1605612,0.0669156,-0.19413231,0.017194653,-0.39878446,-0.35758924,0.1803479,0.3613618,-0.3815242,-0.1984841,0.035934806,0.12650332,-0.3107686
0.2521559,0.39372897,0.47392702,0.18350957,0.302892,0.25482675,0.51179254,0.35293677,0.26701516,0.08123561,0.5580871,0.5790133,0.55477196,0.96648955,0.5200453,0.45539623,0.9015331,0.41776988,0.0,0.17961355,0.6618713,0.56746036,0.5821072,0.3371695,-0.07326615,0.23998497,0.40008533,0.54675734,0.3839414,0.7009088,0.11598694,-0.37112504,-0.24132045,0.2697056,0.49197862,-0.3064308,-0.15911198,-0.37829787,-0.1321948,-0.017920628,-0.22990231,0.100909375,0.40575984,-0.43117923,0.106799535,-0.230155,0.23514372,-0.05937466,0.20083568,-0.32720333,0.27571476,0.5719132,0.52084976,0.2041751,0.39861578,0.30726254,0.38152194,0.2000263,0.2266319,0.3497641,0.5700804,0.6272568,0.759556,0.92078424,0.83459395,0.60785645,-0.10354259,0.9084048,0.4459072,0.4473099,0.45309153,0.54872745,0.54742783,0.02634697,0.4957859,0.12082098,0.44144225,0.627212,0.001797075,-0.33442363,-0.090842776,-0.36329708,-0.36871052,-0.014654061,0.118981645,-0.14530288,-0.23179284,-0.12939747,-0.08488937,-0.3552196,-0.26705676,-0.023609605,-0.1809714,-0.024484053,0.50866944,-0.4464786,-0.25185835,-0.23233564,0.19245882,-0.30780673
0.20191263,0.4284652,0.47740173,0.03836055,0.40874386,0.52231365,0.408449,0.07113265,0.5260274,0.39766306,0.23747474,0.37492514,0.5002346,0.17741026,0.48942262,0.11254934,0.3070427,0.18956803,0.17961355,0.0,0.62213075,0.013767052,0.30924907,0.5207638,-0.08805987,0.13537921,0.5637413,0.56588715,0.7800397,0.30957484,0.12073252,-0.09144807,-0.050327577,-0.0585544,0.09639773,0.6070068,0.43951577,0.121756874,0.20127901,0.43666834,0.21848103,-0.056730084,0.10233838,0.3366167,0.21778095,0.09630598,0.44451997,0.06880192,0.8291261,0.23239139,0.33610874,0.35679716,0.38182396,0.15113041,0.5552396,0.60244954,0.2287264,0.47056264,0.39167777,-0.011506394,0.40026492,0.52445894,0.3500354,0.13466619,0.3564476,0.46418816,0.384848,0.14116135,0.013280476,0.18004921,0.761503,0.066314496,0.4973678,0.6766677,0.39308137,0.05258604,0.78450596,0.52041,-0.044651695,0.052105017,0.16657123,0.022151737,0.11181989,-0.0758767,0.38870385,0.08441974,0.37640724,0.29892728,0.6865189,0.11841217,0.15615828,-0.020314472,0.16301596,-0.38290754,0.3165496,0.29850844,-0.0026316985,0.31205013,0.7775359,0.29471347
0.09135591,0.44060528,0.5660154,0.2271174,0.57796717,0.40059188,0.63788307,0.27003154,0.6380285,0.18463066,0.36742726,0.45066008,0.53335065,0.6944497,0.8286978,0.36629182,0.6785376,0.3341029,0.6618713,0.62213075,0.0,0.32756934,0.6386775,0.6069528,-0.12531814,0.21001056,0.61599964,0.7208592,0.85985386,0.7445792,0.01736226,-0.4737867,-0.10632486,0.17062664,0.41536587,0.09758361,0.1592986,-0.16606623,0.14705488,0.3494098,0.032676607,-0.050116528,0.38426256,-0.26469597,0.15783675,0.007958797,0.48062965,0.04846371,0.45311433,-0.09779462,0.14691429,0.51004297,0.64211965,0.3919714,0.5762369,0.5093181,0.4159063,0.5723932,0.31727841,0.08769464,0.52446145,0.59730875,0.7307279,0.6854069,0.8530379,0.8790553,0.18920553,0.6678237,0.2723243,0.3361629,0.9103458,0.3415944,0.68570584,0.44602162,0.56929326,0.053784005,0.9061767,0.80591273,-0.14414026,-0.38806024,0.11495944,-0.19134267,-0.22315998,-0.03241427,0.49828592,-0.002240923,0.07969091,0.12156212,0.28579774,-0.10873224,-0.13473696,-0.1472558,0.099406764,-0.41388562,0.41389152,-0.25013202,-0.08766526,0.0068191895,0.3689355,-0.049279273
0.62941086,0.71827614,0.65644956,0.30191284,0.38262868,0.49232745,0.7134081,0.7351981,0.30513147,0.24093023,0.7007908,0.5495758,0.4598695,0.54494965,0.07036819,0.879944,0.66701144,0.7668149,0.56746036,0.013767052,0.32756934,0.0,0.6480013,0.38546634,0.1984653,0.52900463,0.4497447,0.49059823,0.11642247,0.6612261,0.43949348,-0.41461813,-0.32825822,0.52561265,0.8490017,-0.58905315,-0.52423024,-0.78537554,-0.48348075,-0.3339639,-0.5380365,0.47097033,0.60064554,-0.56823474,0.4679164,-0.6239358,-0.03478946,-0.13684452,0.18511476,-0.7969656,0.49728787,0.7666663,0.48017073,0.030058617,0.56057113,0.40657002,0.52496445,0.15417793,0.28053924,0.60976404,0.54995334,0.46783143,0.72870314,0.47511256,0.34191692,0.16559622,-0.40253067,0.37130353,0.7404473,0.79154325,0.07108317,0.90171385,0.47993574,-0.36647147,0.5192635,0.4290222,0.117776394,0.36380085,0.33582425,-0.49755165,0.050558556,-0.43121666,-0.47564927,0.25995958,-0.10701413,-0.19338292,-0.608461,-0.321724,-0.3952638,-0.6486617,-0.5146532,0.094132714,-0.57939297,0.44818026,0.6816485,-0.7162028,-0.64336306,-0.5224164,0.02761622,-0.7619101
0.19679426,0.5374645,0.48498666,0.61516625,0.6161701,0.24467714,0.8496221,0.7273133,0.6355331,-0.17589884,0.26566765,0.19037287,0.61725897,0.5938662,0.6517418,0.810517,0.66281813,0.818728,0.5821072,0.30924907,0.6386775,0.6480013,0.0,0.29197648,-0.3860581,0.013462792,0.2698423,0.7222445,0.4168975,0.84754294,-0.14805028,-0.648161,0.25369433,0.7687018,0.8462374,-0.113859355,0.10188759,-0.38156325,-0.035747737,0.11072656,0.13898252,-0.16062734,0.7012771,-0.55203605,0.39492428,0.035685707,0.6275066,0.44341367,0.21781315,-0.24236703,0.08768799,0.655138,0.85323715,0.5875295,0.46909428,0.2661884,0.79126614,0.6096043,-0.077183165,0.040831205,0.23296642,0.5670917,0.74804914,0.60654956,0.60354257,0.6643057,0.27856338,0.5577,0.7755054,0.7675849,0.4988075,0.74025124,0.868746,0.15467751,0.26244387,-0.17067799,0.53183645,0.82927895,-0.33087242,-0.65202075,0.35771587,0.059818655,0.033109553,0.48934212,0.4490282,0.31387857,0.019341735,0.2662554,0.16647576,-0.073986895,0.059522692,-0.5049654,-0.045086157,-0.13199592,0.33231094,-0.40514588,-0.012080861,0.088416494,0.09509131,-0.16611673
0.19378726,0.5358629,0.6448972,-0.12221518,0.4916769,0.608784,0.43388954,0.08751186,0.5426444,0.7210511,0.6540231,0.6947943,0.38912618,0.36387214,0.2872876,0.27617997,0.40099794,0.11103724,0.3371695,0.5207638,0.6069528,0.38546634,0.29197648,0.0,0.47082368,0.7484991,0.86595786,0.5525707,0.7577335,0.5581892,0.42438912,-0.32186,-0.45837465,-0.13812801,0.3643589,0.022742597,-0.11606336,-0.2526495,0.12648346,0.37058938,-0.3282838,0.53855276,0.44038177,-0.13826808,0.2269731,-0.35071844,0.026396353,-0.4412386,0.45330882,-0.3446923,0.27691585,0.4247818,0.23287743,-0.039709337,0.65208703,0.6522803,0.04020648,0.3798644,0.81396586,0.5334406,0.8067868,0.4847337,0.6326849,0.33812073,0.4898146,0.39787975,-0.2704521,0.24874854,0.022279106,0.11920296,0.5719392,0.27376565,0.2168399,0.33771628,0.8967402,0.6433934,0.6237513,0.3437443,0.35406536,-0.30722445,-0.016489625,-0.4415292,-0.5205808,-0.23977233,0.2625113,-0.31417844,-0.2441412,-0.22003022,-0.03870503,-0.33644515,-0.52263975,0.4145468,0.022054547,0.038724814,0.7443977,-0.3717748,-0.47397834,-0.41992086,0.26158187,-0.35036302
0.2896297,0.27191877,0.33240336,-0.38604343,0.019774722,0.44383582,-0.11313451,-0.12735401,-0.06057618,0.7300327,0.49823275,0.4944181,-0.23062801,-0.06496586,-0.4848867,-0.045775265,-0.08853434,-0.27184838,-0.07326615,-0.08805987,-0.12531814,0.1984653,-0.3860581,0.47082368,0.0,0.7875359,0.4974125,-0.1952238,0.040840805,-0.09961439,0.71245605,0.11476661,-0.7324075,-0.4940884,-0.06654499,-0.33392355,-0.63343626,-0.3160461,-0.1992528,-0.116679825,-0.7262038,0.8222062,-0.050864063,-0.010703125,0.121377654,-0.66860366,-0.7495468,-0.83501816,0.10680694,-0.53383493,0.34550688,0.10933485,-0.38208094,-0.52596587,0.28883567,0.39668402,-0.37496048,-0.227589,0.7006457,0.61334294,0.530523,-0.12455386,0.07000397,-0.11996556,-0.12600836,-0.3617968,-0.7672173,-0.24349862,-0.30267754,-0.20826396,-0.19324057,-0.045584787,-0.5101351,-0.26675177,0.5197941,0.87356913,-0.16719584,-0.49258605,0.79522365,0.069466144,-0.37437463,-0.613856,-0.69585377,-0.4628272,-0.36114144,-0.650773,-0.66238725,-0.7064284,-0.5549464,-0.58203167,-0.7715968,0.8496444,-0.35027257,0.42929357,0.48453686,-0.3694473,-0.70631516,-0.7492606,-0.03033655,-0.60012156
0.4684957,0.5121021,0.59675986,-0.3213743,0.17593575,0.62004346,0.2229087,0.08345313,0.15330894,0.8334471,0.81541896,0.7572684,0.1812825,0.2416015,-0.21716739,0.2612144,0.2940793,0.049786422,0.23998497,0.13537921,0.21001056,0.52900463,0.013462792,0.7484991,0.7875359,0.0,0.76415277,0.25617996,0.30249158,0.3174024,0.76864636,-0.068689905,-0.79419196,-0.27167758,0.29512337,-0.3515865,-0.5709073,-0.49560875,-0.23662418,-0.07182079,-0.7741849,0.9166476,0.2834138,-0.13442408,0.22520301,-0.7664723,-0.4780254,-0.7669217,0.28845033,-0.679885,0.4964022,0.38802168,-0.10834392,-0.4502291,0.5336829,0.57301325,-0.16312648,-0.065258995,0.85387385,0.8385822,0.81390524,0.28375947,0.46639395,0.16503362,0.17665344,-0.06935729,-0.74762106,0.057515007,-0.005133873,0.11006099,0.083128914,0.3166595,-0.12516981,-0.17928435,0.8435384,0.9464858,0.12994404,-0.07925251,0.7619399,-0.13894042,-0.27642706,-0.7380894,-0.80632436,-0.36266756,-0.23825659,-0.65754896,-0.67079705,-0.6047892,-0.48003387,-0.7175211,-0.86589265,0.7494059,-0.40653646,0.4498656,0.77625245,-0.51340884,-0.83969635,-0.8031265,0.13059564,-0.7206139
0.44204393,0.6772025,0.8261375,-0.1403282,0.46760568,0.82282543,0.45786437,0.1635527,0.49944857,0.74509716,0.7273717,0.75476867,0.38090274,0.43084314,0.22113946,0.3038087,0.44511956,0.1646694,0.40008533,0.5637413,0.61599964,0.4497447,0.2698423,0.86595786,0.4974125,0.76415277,0.0,0.52092314,0.70419365,0.54056996,0.6410918,-0.190207,-0.6134831,-0.20284906,0.3125558,-0.03475914,-0.25938794,-0.34368816,-0.042525712,0.18036222,-0.46329018,0.5883597,0.28699878,-0.07457718,0.34942338,-0.4680933,-0.05735695,-0.50824696,0.6233028,-0.43126106,0.530488,0.5988506,0.22211003,-0.16216251,0.82272595,0.854755,0.08241624,0.2909236,0.7863649,0.55179363,0.83562917,0.4833671,0.66458607,0.36056468,0.48985904,0.32807294,-0.37075612,0.24919537,0.03404641,0.20715109,0.54229784,0.29124564,0.23958918,0.17492908,0.8587507,0.678358,0.5925711,0.32196125,0.5141233,-0.17167972,-0.15711181,-0.59988546,-0.6361042,-0.33988273,0.10881447,-0.45536068,-0.37150505,-0.3608632,-0.06552666,-0.5202555,-0.61419153,0.47848758,-0.23537436,0.008206405,0.73519474,-0.36422327,-0.6062117,-0.47230053,0.4455033,-0.44260412
0.20532055,0.508381,0.505787,0.28929818,0.52030176,0.36952806,0.69375294,0.41502276,0.5920176,0.18869776,0.45835915,0.43767488,0.7620497,0.5416588,0.61547196,0.5447483,0.6551104,0.55117553,0.54675734,0.56588715,0.7208592,0.49059823,0.7222445,0.5525707,-0.1952238,0.25617996,0.52092314,0.0,0.644898,0.72400117,0.026021749,-0.53982,-0.049824327,0.38804963,0.6160261,0.09800825,0.25750768,-0.3430098,-0.04464025,0.18133368,0.01932566,0.046239015,0.5145781,-0.20176089,0.26142308,-0.086397484,0.4813758,0.16376403,0.44750544,-0.17716667,0.18335383,0.515937,0.6473383,0.34459674,0.5240178,0.39781415,0.50043565,0.527644,0.2642651,0.23752612,0.477984,0.76092976,0.7502526,0.52855873,0.61571664,0.6515437,0.23205343,0.5285431,0.5031227,0.5455982,0.6767071,0.57718474,0.75537044,0.36685938,0.53243214,0.08059839,0.7202298,0.79427,-0.121890545,-0.48247716,0.29608026,-0.07374315,-0.09580899,0.23534165,0.4665642,0.12532492,0.1583976,0.32837096,0.32567272,-0.08154289,-0.072740816,-0.23604675,0.021430911,-0.12807703,0.49210072,-0.18474428,-0.11423977,0.07793011,0.3607893,-0.07001769
-0.00039573733,0.41725567,0.5304891,0.0864139,0.5907618,0.47180834,0.4971931,0.076657295,0.68743384,0.40533957,0.3187153,0.45130095,0.4524658,0.4197107,0.6819158,0.17172724,0.42948875,0.12126251,0.3839414,0.7800397,0.85985386,0.11642247,0.4168975,0.7577335,0.040840805,0.30249158,0.70419365,0.644898,0.0,0.5612121,0.07308024,-0.37914497,-0.12854612,-0.051449597,0.23266712,0.3292592,0.2816859,-0.0065733436,0.30284527,0.54491055,0.089283854,0.037474982,0.3007039,-0.034113165,0.16188234,0.052176625,0.40580857,-0.07052697,0.55771655,0.036085933,0.11623777,0.3646214,0.4708187,0.29731357,0.59150237,0.58592397,0.23139076,0.61400974,0.4975881,0.078627266,0.5459735,0.5193246,0.56518465,0.41287166,0.6556433,0.724239,0.2190871,0.39024076,0.02396947,0.114795975,0.92262536,0.11660946,0.49280295,0.6515,0.62715,0.17422743,0.94174874,0.6255271,-0.054471944,-0.27060488,0.14715034,-0.12693186,-0.16161841,-0.1415766,0.5611304,-0.00616182,0.19475447,0.15522137,0.40368322,0.021439599,-0.10991008,0.013667259,0.26469645,-0.42364657,0.42738825,-0.07133263,-0.060827333,0.051680084,0.44918782,0.082473345
0.18456085,0.5474287,0.62471014,0.35099936,0.60823214,0.3814223,0.7440237,0.53204536,0.638734,0.09022745,0.49919844,0.43261462,0.613005,0.73810494,0.6355139,0.66640896,0.7021756,0.58974546,0.7009088,0.30957484,0.7445792,0.6612261,0.84754294,0.5581892,-0.09961439,0.3174024,0.54056996,0.72400117,0.5612121,0.0,0.06531287,-0.58215815,-0.04660011,0.47491395,0.7613486,-0.18035154,-0.07246362,-0.3641941,0.07891924,0.22563897,-0.07645177,0.11156555,0.7442216,-0.5667026,0.33308348,-0.11410648,0.4768231,0.11163249,0.23675086,-0.35243365,0.1510607,0.6656301,0.68621784,0.3912556,0.58912945,0.43957925,0.5419687,0.5384571,0.23496082,0.28932455,0.5050041,0.63101405,0.90694135,0.75012445,0.78375405,0.707583,-0.014765454,0.668197,0.53897536,0.5539404,0.56141436,0.6471179,0.675071,0.14483777,0.5526211,0.13071953,0.6006674,0.76300603,-0.10090081,-0.5925679,0.101149626,-0.26192603,-0.31430778,0.14845364,0.36991662,-0.0026256517,-0.19426307,-0.00096463243,-0.036098737,-0.27581406,-0.24706301,-0.174116,-0.042544767,-0.11299312,0.5212612,-0.55578345,-0.20735182,-0.2154982,0.089458995,-0.3408836
0.71799076,0.52512205,0.5974471,-0.36689302,-0.008220789,0.70738935,0.08837897,0.09281668,-0.0651113,0.7174778,0.69592834,0.6321934,0.03910029,0.100903675,-0.42731106,0.17769638,0.16665493,0.06657945,0.11598694,0.12073252,0.01736226,0.43949348,-0.14805028,0.42438912,0.71245605,0.76864636,0.6410918,0.026021749,0.07308024,0.06531287,0.0,0.23258445,-0.80227953,-0.33478403,0.079392344,-0.29745573,-0.6512857,-0.4499392,-0.42533994,-0.34562626,-0.7806515,0.8159052,-0.051606186,0.08697205,0.34353358,-0.76363873,-0.5725591,-0.6879761,0.42509985,-0.60226816,0.74712723,0.42845437,-0.2300749,-0.64179987,0.52621675,0.61825556,-0.18185288,-0.28775418,0.6442097,0.68760926,0.6208436,0.11627613,0.24731927,-0.024159145,-0.05338892,-0.3226559,-0.74894387,-0.12665875,-0.050271135,0.15147665,-0.09613621,0.22388607,-0.19015358,-0.37649474,0.553642,0.80653536,-0.068892196,-0.24077298,0.9169256,0.17925566,-0.39154753,-0.7148274,-0.69755405,-0.39435986,-0.48790774,-0.6771283,-0.6932042,-0.6916058,-0.40499043,-0.76042855,-0.73025835,0.7572937,-0.6721057,0.42962816,0.5891817,-0.3088445,-0.8317622,-0.67233473,0.32561573,-0.6561853
0.1404587,-0.39349666,-0.28021196,-0.6151144,-0.69911706,-0.10087775,-0.6406239,-0.5290658,-0.6261489,0.14785647,-0.080216944,-0.06060887,-0.27031958,-0.4092307,-0.4875898,-0.5862998,-0.40131134,-0.49660814,-0.37112504,-0.09144807,-0.4737867,-0.41461813,-0.648161,-0.32186,0.11476661,-0.068689905,-0.190207,-0.53982,-0.37914497,-0.58215815,0.23258445,0.0,-0.22170316,-0.5936869,-0.6583885,0.23919806,-0.061946407,0.45761317,0.06129521,-0.100166716,-0.049650982,0.10771243,-0.46737543,0.68929935,-0.3241932,-0.020393722,-0.30957794,-0.26253805,0.06749344,0.30428088,0.2784943,-0.35438484,-0.66761327,-0.65953135,-0.31393346,-0.104140036,-0.6171437,-0.6588662,0.038466714,0.052914463,-0.15113214,-0.2546518,-0.5290848,-0.46922547,-0.47386715,-0.53027916,-0.2135858,-0.3872473,-0.58295375,-0.47233427,-0.36694962,-0.5039243,-0.5710094,-0.18885282,-0.24093682,0.041447256,-0.41003257,-0.58228904,0.23556262,0.9170373,-0.5500347,-0.20371896,0.001525032,-0.53993535,-0.67231756,-0.40520313,-0.02400227,-0.27072245,-0.011914697,-0.09770677,0.05722314,0.38682124,-0.16738927,0.06690178,-0.2807535,0.52292144,-0.056926798,-0.027630175,0.26552314,0.18648544
-0.53638387,-0.31448638,-0.45567217,0.47639632,0.11444186,-0.539817,0.00970707,0.09735895,0.15012574,-0.7455333,-0.71006644,-0.69306517,-0.016745077,-0.2210535,0.31392282,-0.0061117946,-0.24100435,0.14864454,-0.24132045,-0.050327577,-0.10632486,-0.32825822,0.25369433,-0.45837465,-0.7324075,-0.79419196,-0.6134831,-0.049824327,-0.12854612,-0.04660011,-0.80227953,-0.22170316,0.0,0.522164,0.045747682,0.37379953,0.62512213,0.41777396,0.40203717,0.32255358,0.85926074,-0.80225354,0.13513902,-0.075324655,0.006167679,0.8026476,0.6670803,0.88135165,-0.3042925,0.5916916,-0.61744756,-0.22945248,0.29355663,0.62854224,-0.37590498,-0.48890838,0.3251098,0.35926327,-0.72434616,-0.74422216,-0.7038848,-0.14516498,-0.2542785,-0.100450926,-0.10306181,0.19202468,0.7620241,-0.06607587,0.19100063,0.029902842,0.010972155,-0.10379011,0.2539538,0.34292006,-0.67023647,-0.82304853,-0.0027342374,0.22722225,-0.8094161,-0.16313428,0.5135672,0.82750714,0.8244626,0.57564974,0.48397577,0.8210378,0.64638543,0.6894052,0.45094073,0.7762209,0.8358314,-0.79569906,0.56305045,-0.34876814,-0.54986376,0.3238691,0.82766974,0.7423562,-0.2731489,0.62732774
0.08277174,0.32560387,0.12264789,0.72467357,0.40547433,-0.07784586,0.6323111,0.74098974,0.35793024,-0.49143812,-0.050934076,-0.17092071,0.3415713,0.26154006,0.32397825,0.7635824,0.36703297,0.82565033,0.2697056,-0.0585544,0.17062664,0.52561265,0.7687018,-0.13812801,-0.4940884,-0.27167758,-0.20284906,0.38804963,-0.051449597,0.47491395,-0.33478403,-0.5936869,0.522164,0.0,0.7607798,-0.2159851,0.10719868,-0.37038314,-0.18484549,-0.1148144,0.24889433,-0.32186726,0.53606683,-0.5734345,0.38945937,0.1325974,0.4929567,0.6564124,-0.11960964,-0.18223827,-0.12726736,0.41793463,0.6822033,0.59759974,0.11309164,-0.12716842,0.77818334,0.42441928,-0.4524764,-0.1640748,-0.17823169,0.23137388,0.35734162,0.3028888,0.17177486,0.289942,0.35695434,0.25373057,0.8665177,0.7586365,0.05358615,0.6915632,0.673608,-0.048445262,-0.17672043,-0.37292,0.07642705,0.5172333,-0.41659343,-0.61727047,0.56107914,0.39298803,0.33604524,0.8156551,0.35503173,0.5845326,0.081564926,0.37826732,0.08502957,0.14382021,0.29170308,-0.6726884,-0.03574231,0.08638341,0.061003733,-0.3183185,0.1790459,0.24795918,-0.22050816,-0.08191253
0.33795124,0.62475884,0.5185304,0.5283059,0.5576743,0.31003445,0.8138179,0.78586423,0.51751876,0.011313237,0.4468576,0.31322792,0.5255684,0.49097952,0.31949237,0.9232238,0.5965244,0.8405779,0.49197862,0.09639773,0.41536587,0.8490017,0.8462374,0.3643589,-0.06654499,0.29512337,0.3125558,0.6160261,0.23266712,0.7613486,0.079392344,-0.6583885,0.045747682,0.7607798,0.0,-0.37313527,-0.18732293,-0.6333903,-0.25050855,-0.07450919,-0.16354163,0.17140195,0.77192307,-0.6537373,0.4740421,-0.2823705,0.3031198,0.21332563,0.10084833,-0.55806273,0.1757532,0.67134523,0.6722881,0.37596524,0.47010058,0.25984344,0.6879304,0.44663748,0.08086616,0.33134487,0.34849632,0.481861,0.720964,0.47974247,0.39852202,0.37513107,-0.04353096,0.3797253,0.8151284,0.7971247,0.21854296,0.8617282,0.65132076,-0.104152426,0.37538123,0.13736069,0.27170986,0.5567496,-0.026445094,-0.7299341,0.31893778,-0.09389311,-0.16903414,0.49586725,0.23058833,0.15239343,-0.2856025,0.03579233,-0.15777837,-0.3027801,-0.21992078,-0.2463657,-0.24940798,0.23740268,0.5165572,-0.62395513,-0.30389556,-0.21525373,-0.0848068,-0.48761016
-0.29021782,-0.22414944,-0.19600347,-0.14510038,-0.037185106,-0.06849958,-0.19457456,-0.38763332,0.13474779,0.022453904,-0.31866264,-0.18662372,0.15233009,-0.2951295,0.26153994,-0.42873368,-0.26127684,-0.2650284,-0.3064308,0.6070068,0.09758361,-0.58905315,-0.113859355,0.022742597,-0.33392355,-0.3515865,-0.03475914,0.09800825,0.3292592,-0.18035154,-0.29745573,0.23919806,0.37379953,-0.2159851,-0.37313527,0.0,0.7704351,0.69857186,0.5620498,0.6037726,0.6657572,-0.4082171,-0.11063465,0.6564075,-0.122281596,0.5887165,0.5107702,0.3266325,0.385126,0.78823805,-0.12973675,-0.26578438,-0.040701393,0.10815099,-0.08066049,0.03326996,-0.15364029,0.2183476,-0.012183803,-0.40743655,-0.18923046,0.12977758,-0.25229618,-0.25952864,-0.056714848,0.16209489,0.62348604,-0.18120956,-0.3992272,-0.33779028,0.3762309,-0.47995174,0.056287296,0.7239833,-0.1736348,-0.35661206,0.36581042,0.12752695,-0.3863314,0.37330517,0.10503167,0.39331913,0.55851877,-0.11933291,0.2999604,0.2905586,0.7459891,0.5426323,0.797768,0.5809733,0.6111088,-0.17746533,0.5362946,-0.50982106,-0.28520817,0.7735592,0.5126855,0.6596898,0.49514756,0.7958364
-0.50193924,-0.31035355,-0.36676094,0.11963932,0.037832744,-0.33916327,-0.0695584,-0.24796215,0.18029587,-0.3021888,-0.4609315,-0.34130025,0.24098247,-0.16900803,0.46442538,-0.28164238,-0.104513995,-0.09035407,-0.15911198,0.43951577,0.1592986,-0.52423024,0.10188759,-0.11606336,-0.63343626,-0.5709073,-0.25938794,0.25750768,0.2816859,-0.07246362,-0.6512857,-0.061946407,0.62512213,0.10719868,-0.18732293,0.7704351,0.0,0.56478935,0.48295024,0.5168008,0.8125482,-0.6694106,-0.035599425,0.38575602,-0.19181986,0.7302907,0.6668798,0.6059674,0.120166935,0.7851338,-0.430583,-0.32304713,0.18446,0.4171096,-0.24010044,-0.2514001,0.069501586,0.33285227,-0.29137737,-0.56277394,-0.34438848,0.18398498,-0.16819291,-0.082960665,0.06405765,0.35413298,0.8615863,0.04018371,-0.096106544,-0.15691407,0.41110238,-0.27286628,0.2975201,0.74438673,-0.29442066,-0.6107265,0.38819945,0.37261814,-0.692848,0.082616255,0.43190116,0.67707217,0.7469083,0.24779743,0.56839925,0.62209916,0.9588182,0.885313,0.841095,0.80960286,0.7871074,-0.55809474,0.69779265,-0.4926978,-0.35437733,0.67609364,0.7531733,0.85646,0.22553965,0.87506336
-0.55847085,-0.61052984,-0.5114657,-0.2633159,-0.29941076,-0.42492676,-0.56029236,-0.6107063,-0.16331509,-0.20163557,-0.5241465,-0.3935728,-0.14708878,-0.35911682,0.098065116,-0.7064732,-0.47564992,-0.59164435,-0.37829787,0.121756874,-0.16606623,-0.78537554,-0.38156325,-0.2526495,-0.3160461,-0.49560875,-0.34368816,-0.3430098,-0.0065733436,-0.3641941,-0.4499392,0.45761317,0.41777396,-0.37038314,-0.6333903,0.69857186,0.56478935,0.0,0.7646042,0.5937598,0.6784271,-0.45862296,-0.20993501,0.5470083,-0.39881438,0.73067784,0.35284278,0.24773,-0.07445896,0.8777288,-0.37374285,-0.54635656,-0.29477322,0.034312405,-0.43919024,-0.30266148,-0.40700856,-0.04376957,-0.19775274,-0.47335416,-0.40813565,-0.17391244,-0.4837055,-0.2889487,-0.15161352,0.013137724,0.425667,-0.17764312,-0.6467448,-0.6771591,0.05588627,-0.736408,-0.32770222,0.47607708,-0.4023707,-0.46916285,0.008349086,-0.18145321,-0.44312897,0.5268992,-0.19113685,0.32657358,0.4624682,-0.3349794,0.07519342,0.15653977,0.5697511,0.29849714,0.42551062,0.57752013,0.5788887,-0.11944692,0.62131315,-0.4640259,-0.53247565,0.68930554,0.6440781,0.48362127,0.08884324,0.76166403
-0.6421292,-0.34376746,-0.22955565,-0.07759546,0.09116597,-0.2617508,-0.21696539,-0.38681456,0.2263909,-0.10208269,-0.29489043,-0.20148864,0.06746772,-0.06720723,0.34926277,-0.3912039,-0.23783204,-0.3957569,-0.1321948,0.20127901,0.14705488,-0.48348075,-0.035747737,0.12648346,-0.1992528,-0.23662418,-0.042525712,-0.04464025,0.30284527,0.07891924,-0.42533994,0.06129521,0.40203717,-0.18484549,-0.25050855,0.5620498,0.48295024,0.7646042,0.0,0.86890304,0.6079411,-0.30479634,0.20752622,0.17937669,-0.21217194,0.6676758,0.49780306,0.20219178,-0.06417366,0.6400991,-0.45412865,-0.28908417,0.006385012,0.26869994,-0.16078094,-0.08593434,-0.19081017,0.29895806,0.0022303427,-0.30200768,-0.13558477,0.05304113,-0.061572857,0.03980877,0.19288614,0.32472026,0.34683123,0.073559344,-0.45172185,-0.51330686,0.28329933,-0.47268105,-0.120843865,0.59826094,-0.06638255,-0.29781246,0.2791126,0.0968485,-0.44804454,0.11425558,-0.1085459,0.21513295,0.24782462,-0.27364093,0.34449273,0.1556799,0.41681743,0.23447494,0.2934152,0.4689791,0.3747219,-0.1085901,0.74315876,-0.4755275,-0.21968707,0.3069427,0.5343896,0.28047523,-0.053879056,0.5259117
-0.5279276,-0.09112841,-0.010670605,0.030654633,0.32733902,-0.05096139,0.020986881,-0.23736486,0.44680014,0.09376822,-0.117573656,0.0066154245,0.23329234,0.03863136,0.46563515,-0.21113794,-0.059928015,-0.23940153,-0.017920628,0.43666834,0.3494098,-0.3339639,0.11072656,0.37058938,-0.116679825,-0.07182079,0.18036222,0.18133368,0.54491055,0.22563897,-0.34562626,-0.100166716,0.32255358,-0.1148144,-0.07450919,0.6037726,0.5168008,0.5937598,0.86890304,0.0,0.5448112,-0.2238592,0.3199067,0.13865498,-0.07859327,0.5472028,0.5377975,0.14298995,0.14791091,0.5300395,-0.33217216,-0.093503386,0.20338918,0.36082855,0.06995446,0.1141744,-0.02958861,0.49464995,0.2021445,-0.19917017,0.08952106,0.24034132,0.12404449,0.121026605,0.31617886,0.45767036,0.3914229,0.12644428,-0.31953174,-0.3460659,0.4910232,-0.31735945,0.065118246,0.763311,0.15970194,-0.1524189,0.50415784,0.25958905,-0.39398006,-0.023393946,0.02639825,0.19336306,0.2124818,-0.20562759,0.4983876,0.18989544,0.42702463,0.28266364,0.40518358,0.43751645,0.3025758,-0.0692671,0.7399012,-0.44423443,0.02005319,0.23383969,0.4103653,0.26294163,0.10742658,0.46789983
-0.5805587,-0.36039302,-0.42304873,0.31759682,0.0962943,-0.4556263,-0.068879575,-0.10987615,0.20429985,-0.55428904,-0.6683535,-0.5695251,0.09438148,-0.20862736,0.43191677,-0.21785587,-0.24301744,-0.053421304,-0.22990231,0.21848103,0.032676607,-0.5380365,0.13898252,-0.3282838,-0.7262038,-0.7741849,-0.46329018,0.01932566,0.089283854,-0.07645177,-0.7806515,-0.049650982,0.85926074,0.24889433,-0.16354163,0.6657572,0.8125482,0.6784271,0.6079411,0.5448112,0.0,-0.82819283,0.043407153,0.20696987,-0.1180734,0.9108861,0.7461319,0.76225424,-0.062514216,0.82769454,-0.5321507,-0.28794432,0.25499275,0.57368857,-0.3157023,-0.33957568,0.19498004,0.39648154,-0.52939874,-0.74671215,-0.5686798,-0.00043742816,-0.25618413,-0.10616351,-0.00376373,0.29606828,0.86268795,-0.023802629,-0.07000973,-0.16820557,0.22530815,-0.3279012,0.22546692,0.59931207,-0.54742557,-0.82035196,0.21212533,0.2616807,-0.84170806,0.044890914,0.3379436,0.73660773,0.8099544,0.2914455,0.511399,0.690174,0.82405704,0.7346709,0.67678213,0.81827366,0.88501275,-0.68422747,0.6958424,-0.5714832,-0.5460282,0.56735617,0.88210726,0.8287418,0.02384838,0.8465387
0.49992427,0.390509,0.4501447,-0.41648164,-0.028180214,0.51433843,0.031072045,0.011667046,-0.08737602,0.76378417,0.74669623,0.6444429,0.022139302,0.08600521,-0.46006826,0.16789657,0.13477384,-0.022786282,0.100909375,-0.056730084,-0.050116528,0.47097033,-0.16062734,0.53855276,0.8222062,0.9166476,0.5883597,0.046239015,0.037474982,0.11156555,0.8159052,0.10771243,-0.80225354,-0.32186726,0.17140195,-0.4082171,-0.6694106,-0.45862296,-0.30479634,-0.2238592,-0.82819283,0.0,0.1562259,-0.049925853,0.18096696,-0.79867166,-0.6296703,-0.7875031,0.16477576,-0.674693,0.51346177,0.2763502,-0.31218863,-0.6235034,0.36980084,0.4288897,-0.30029848,-0.30039886,0.74057734,0.8468313,0.67105067,0.12460839,0.28516084,0.00589418,-0.040411443,-0.32030898,-0.8615549,-0.099557996,-0.07126362,0.03704254,-0.18037742,0.24834207,-0.31735286,-0.37332112,0.66926736,0.94121426,-0.1413177,-0.29866907,0.84943193,0.03373207,-0.37138522,-0.73750365,-0.77104956,-0.38970426,-0.45400944,-0.70487684,-0.74394286,-0.68821067,-0.59330165,-0.74417293,-0.8468059,0.8142636,-0.4960184,0.5813806,0.66156983,-0.4486637,-0.8457462,-0.83494806,0.049910735,-0.740737
0.06893672,0.38094854,0.36475033,0.31557232,0.45955178,0.14866409,0.565664,0.4658602,0.4860209,0.07714448,0.401673,0.30196992,0.5478939,0.43328953,0.36242065,0.6243763,0.44795316,0.5236885,0.40575984,0.10233838,0.38426256,0.60064554,0.7012771,0.44038177,-0.050864063,0.2834138,0.28699878,0.5145781,0.3007039,0.7442216,-0.051606186,-0.46737543,0.13513902,0.53606683,0.77192307,-0.11063465,-0.035599425,-0.20993501,0.20752622,0.3199067,0.043407153,0.1562259,0.0,-0.48696312,0.2659099,-0.033547748,0.43408632,0.17739362,0.025279995,-0.25120664,0.01468191,0.46110028,0.5117876,0.33497354,0.31662315,0.16658182,0.41824684,0.42720392,0.1891148,0.328438,0.3588846,0.5143585,0.6511014,0.4661834,0.43322474,0.420112,-0.027140385,0.38567302,0.4774751,0.42137054,0.24648844,0.5678745,0.4218965,0.11287648,0.39918828,0.11180424,0.2898701,0.46937603,-0.14951192,-0.5412034,0.11211563,-0.11921643,-0.14908919,0.22738013,0.23317717,0.060396865,-0.179536,0.028915368,-0.13820617,-0.17200959,-0.12004587,-0.1241418,0.070939615,0.10780211,0.45409477,-0.46491417,-0.12966771,-0.21699964,-0.13760513,-0.28593317
0.032463748,-0.30340582,-0.25376517,-0.52570784,-0.48325086,-0.018043524,-0.50779444,-0.56352884,-0.35583764,0.24638952,-0.15140726,-0.041431647,-0.05549003,-0.48109567,-0.24435404,-0.6208278,-0.371571,-0.4598823,-0.43117923,0.3366167,-0.26469597,-0.56823474,-0.55203605,-0.13826808,-0.010703125,-0.13442408,-0.07457718,-0.20176089,-0.034113165,-0.5667026,0.08697205,0.68929935,-0.075324655,-0.5734345,-0.6537373,0.6564075,0.38575602,0.5470083,0.17937669,0.13865498,0.20696987,-0.049925853,-0.48696312,0.0,-0.2690696,0.16279349,-0.04658735,-0.08804905,0.3580809,0.55134314,0.1945568,-0.38628626,-0.4955089,-0.44905567,-0.2058868,-0.004113466,-0.50493854,-0.34238115,0.11860744,-0.10379406,-0.10874736,-0.04588332,-0.49079454,-0.530585,-0.40330476,-0.32580155,0.17853503,-0.40719417,-0.58793277,-0.44838515,-0.022464989,-0.54931176,-0.324409,0.26887077,-0.16601251,-0.044238213,-0.04987917,-0.3174603,0.07034508,0.7713614,-0.22806036,0.062967785,0.2760072,-0.39205003,-0.26143652,-0.13175544,0.40953243,0.16301914,0.48280686,0.21060352,0.29840657,0.22730093,0.09853747,-0.13457152,-0.24022195,0.8442836,0.15101324,0.33901888,0.5355813,0.5260838
0.39513588,0.68092096,0.5578888,0.40215588,0.51887536,0.5432322,0.4999771,0.565077,0.43490717,0.12766476,0.24275538,0.17848475,0.17290717,0.13468179,0.005061414,0.56432164,0.18563743,0.53111523,0.106799535,0.21778095,0.15783675,0.4679164,0.39492428,0.2269731,0.121377654,0.22520301,0.34942338,0.26142308,0.16188234,0.33308348,0.34353358,-0.3241932,0.006167679,0.38945937,0.4740421,-0.122281596,-0.19181986,-0.39881438,-0.21217194,-0.07859327,-0.1180734,0.18096696,0.2659099,-0.2690696,0.0,-0.17469448,0.106262274,0.09781172,0.33724087,-0.34118244,0.29712045,0.628517,0.38818988,0.17961593,0.5733522,0.49393317,0.49811006,0.35777324,0.086666934,0.09180374,0.19909634,0.15044463,0.35552815,0.11580062,0.061654996,0.028986571,-0.054253645,-0.052088693,0.43430686,0.5120186,0.07581575,0.43833587,0.3389175,-0.05177105,0.1544972,0.2102361,0.13775037,0.21040028,0.23585773,-0.3305724,0.23921329,-0.014530545,-0.07382448,0.32107514,0.18800263,0.1441023,-0.23781581,-0.07175568,-0.027266107,-0.1840575,-0.13348262,-0.025816808,-0.26740053,0.11171033,0.36248013,-0.31969443,-0.22632983,-0.09190171,0.12924871,-0.30474302
-0.69853246,-0.47245526,-0.48353595,0.22918361,0.03680801,-0.5249044,-0.2008411,-0.23409386,0.13077606,-0.594337,-0.7156675,-0.61234665,-0.03537328,-0.19433607,0.40965068,-0.34961796,-0.30282605,-0.2088207,-0.230155,0.09630598,0.007958797,-0.6239358,0.035685707,-0.35071844,-0.66860366,-0.7664723,-0.4680933,-0.086397484,0.052176625,-0.11410648,-0.76363873,-0.020393722,0.8026476,0.1325974,-0.2823705,0.5887165,0.7302907,0.73067784,0.6676758,0.5472028,0.9108861,-0.79867166,-0.033547748,0.16279349,-0.17469448,0.0,0.6576563,0.6697906,-0.19762719,0.82709295,-0.6376694,-0.37983826,0.14856613,0.52604103,-0.3831335,-0.39018172,0.069075786,0.31649348,-0.545578,-0.7747322,-0.59706986,-0.11358637,-0.2926695,-0.072998114,0.024236357,0.29137772,0.7551712,0.009872196,-0.1872524,-0.30854365,0.18617687,-0.43249887,0.09919452,0.5376458,-0.5533125,-0.79196525,0.16106617,0.19702238,-0.7836605,0.08002594,0.24881348,0.6734038,0.70388436,0.17258087,0.49749386,0.612072,0.75095075,0.6388049,0.5491003,0.80825144,0.7996352,-0.61758506,0.7442852,-0.5969784,-0.60201794,0.51543266,0.9309684,0.73814243,-0.1040838,0.8119472
-0.26855704,0.03400883,0.02941764,0.4229075,0.3630282,-0.12359405,0.3917081,0.22483088,0.49050143,-0.39632517,-0.22329263,-0.18191427,0.49896586,0.2635295,0.73880744,0.21842568,0.2633368,0.35483062,0.23514372,0.44451997,0.48062965,-0.03478946,0.6275066,0.026396353,-0.7495468,-0.4780254,-0.05735695,0.4813758,0.40580857,0.4768231,-0.5725591,-0.30957794,0.6670803,0.4929567,0.3031198,0.5107702,0.6668798,0.35284278,0.49780306,0.5377975,0.7461319,-0.6296703,0.43408632,-0.04658735,0.106262274,0.6576563,0.0,0.73907536,0.19102854,0.50053316,-0.24319297,0.1757859,0.61373127,0.6445846,0.08973893,-0.002325038,0.47990528,0.5811641,-0.30889487,-0.4382587,-0.15998612,0.4188978,0.30374816,0.32858956,0.43588403,0.6566837,0.73831385,0.3754636,0.2882241,0.24573824,0.55025125,0.1373698,0.6455523,0.58408123,-0.12970176,-0.6389078,0.5478037,0.6960036,-0.7649822,-0.2199958,0.32933146,0.45322728,0.5218576,0.32948652,0.57302064,0.5480806,0.6036716,0.63822657,0.62550235,0.48894742,0.6272475,-0.69369686,0.47907433,-0.54237825,-0.14565657,0.23907904,0.57727516,0.608571,0.2064336,0.5316173
-0.29536986,-0.16502494,-0.30018348,0.5192125,0.12721853,-0.40711743,0.19263995,0.2490475,0.18373024,-0.73437524,-0.55791163,-0.57872075,0.1379029,-0.05894093,0.41667423,0.19029784,-0.015796313,0.37580156,-0.05937466,0.06880192,0.04846371,-0.13684452,0.44341367,-0.4412386,-0.83501816,-0.7669217,-0.50824696,0.16376403,-0.07052697,0.11163249,-0.6879761,-0.26253805,0.88135165,0.6564124,0.21332563,0.3266325,0.6059674,0.24773,0.20219178,0.14298995,0.76225424,-0.7875031,0.17739362,-0.08804905,0.09781172,0.6697906,0.73907536,0.0,-0.13695166,0.46934578,-0.40852958,-0.04340049,0.42784974,0.60171103,-0.23805887,-0.37397242,0.4694372,0.34489116,-0.7306848,-0.6791836,-0.6038846,0.014838095,-0.09177301,0.024146218,0.010873569,0.2891951,0.77231824,0.076120265,0.3973794,0.27719167,0.12773038,0.10288243,0.49040034,0.2559727,-0.58968955,-0.825875,0.10885854,0.42608517,-0.78465545,-0.20241179,0.5280415,0.7385999,0.77180326,0.64927995,0.45808315,0.7838281,0.6258856,0.7285119,0.51902,0.6265095,0.78566,-0.8941677,0.34727716,-0.3455954,-0.4717705,0.2919181,0.6949674,0.74854445,-0.08843265,0.54811144
0.52790755,0.5862853,0.63473314,-0.0059011127,0.3308373,0.7197659,0.40342644,0.19881143,0.39403695,0.5220383,0.40802267,0.50101936,0.46479106,0.1872496,0.21489678,0.19664577,0.32334596,0.24553625,0.20083568,0.8291261,0.45311433,0.18511476,0.21781315,0.45330882,0.10680694,0.28845033,0.6233028,0.44750544,0.55771655,0.23675086,0.42509985,0.06749344,-0.3042925,-0.11960964,0.10084833,0.385126,0.120166935,-0.07445896,-0.06417366,0.14791091,-0.062514216,0.16477576,0.025279995,0.3580809,0.33724087,-0.19762719,0.19102854,-0.13695166,0.0,-0.010423364,0.6605801,0.52409333,0.28685603,-0.076253764,0.66918373,0.7491103,0.21984923,0.2771799,0.45942858,0.18717389,0.48836684,0.4929817,0.35161933,0.084138304,0.22787814,0.21309394,0.10657087,0.05547407,0.03137071,0.27198035,0.5182425,0.14103228,0.3761089,0.34948385,0.40765408,0.23442487,0.5511194,0.30902216,0.23956272,0.16661675,-0.06792775,-0.24045382,-0.09471755,-0.20279564,0.046982903,-0.17401838,0.07072242,0.010573852,0.46440172,-0.2083652,-0.07137392,0.19516541,-0.22822475,-0.20335643,0.39162186,0.20453188,-0.31031463,0.0723854,0.8976043,0.035936873
-0.5769789,-0.56999564,-0.5474284,-0.086179554,-0.2272407,-0.4732229,-0.4284134,-0.50091225,-0.094465636,-0.34676144,-0.6214926,-0.47387815,-0.049860027,-0.32022914,0.23971693,-0.6097154,-0.37375972,-0.41872838,-0.32720333,0.23239139,-0.09779462,-0.7969656,-0.24236703,-0.3446923,-0.53383493,-0.679885,-0.43126106,-0.17716667,0.036085933,-0.35243365,-0.60226816,0.30428088,0.5916916,-0.18223827,-0.55806273,0.78823805,0.7851338,0.8777288,0.6400991,0.5300395,0.82769454,-0.674693,-0.25120664,0.55134314,-0.34118244,0.82709295,0.50053316,0.46934578,-0.010423364,0.0,-0.42628974,-0.52063125,-0.116491966,0.21427162,-0.44745994,-0.3505131,-0.21034253,0.07314934,-0.35490927,-0.63994265,-0.5018472,-0.08870304,-0.4668159,-0.24679619,-0.114900224,0.11502696,0.7007217,-0.11366877,-0.448505,-0.49701142,0.15648966,-0.63240176,-0.08261999,0.5933652,-0.50372183,-0.659739,0.11515131,0.015501446,-0.6177302,0.42358392,0.072279535,0.56123006,0.69586575,-0.07415911,0.2676879,0.41597664,0.81915355,0.5822741,0.67348427,0.7631867,0.79516083,-0.36494806,0.67946255,-0.5442563,-0.5871566,0.80697244,0.80392563,0.7581081,0.1670781,0.94586736
0.9074415,0.60451686,0.65867156,-0.17517297,0.016403787,0.71854824,0.29326624,0.2844729,0.00646282,0.5600719,0.6524335,0.63737607,0.32105234,0.22785251,-0.20010838,0.32154033,0.382314,0.3108008,0.27571476,0.33610874,0.14691429,0.49728787,0.08768799,0.27691585,0.34550688,0.4964022,0.530488,0.18335383,0.11623777,0.1510607,0.74712723,0.2784943,-0.61744756,-0.12726736,0.1757532,-0.12973675,-0.430583,-0.37374285,-0.45412865,-0.33217216,-0.5321507,0.51346177,0.01468191,0.1945568,0.29712045,-0.6376694,-0.24319297,-0.40852958,0.6605801,-0.42628974,0.0,0.60508615,0.035576437,-0.46712607,0.5846392,0.64539355,0.08528907,-0.17859998,0.48118487,0.56211185,0.5700302,0.37347642,0.3272355,0.08128337,0.053248093,-0.15556368,-0.41697735,0.023886794,0.13704821,0.37188956,0.04915199,0.34475762,0.13114154,-0.26492283,0.4268098,0.49690205,0.079182155,-0.010762543,0.58571815,0.25736243,-0.35357818,-0.5926611,-0.43098912,-0.2683288,-0.5218448,-0.52784985,-0.4611212,-0.46355492,-0.09548479,-0.68978834,-0.4322493,0.45542294,-0.7472094,0.26140958,0.50939727,-0.10591406,-0.7167945,-0.3827387,0.6282933,-0.44124615
0.6330697,0.89834976,0.8833194,0.42058495,0.6109959,0.74497163,0.7891737,0.7443668,0.554963,0.26445556,0.58786553,0.55656797,0.5362799,0.57352895,0.25691357,0.775173,0.6558259,0.71230865,0.5719132,0.35679716,0.51004297,0.7666663,0.655138,0.4247818,0.10933485,0.38802168,0.5988506,0.515937,0.3646214,0.6656301,0.42845437,-0.35438484,-0.22945248,0.41793463,0.67134523,-0.26578438,-0.32304713,-0.54635656,-0.28908417,-0.093503386,-0.28794432,0.2763502,0.46110028,-0.38628626,0.628517,-0.37983826,0.1757859,-0.04340049,0.52409333,-0.52063125,0.60508615,0.0,0.64157236,0.1944006,0.8351382,0.7165737,0.64723766,0.41141927,0.2948399,0.36425096,0.56465816,0.5438481,0.756087,0.5046368,0.45884094,0.32370973,-0.14505568,0.3747814,0.59353954,0.72775286,0.32195267,0.70109504,0.59095836,-0.05846722,0.47169718,0.28197277,0.3792131,0.4772878,0.25605807,-0.36455882,0.050172377,-0.3249287,-0.32046738,0.16337228,0.08598412,-0.08640806,-0.39554557,-0.23135673,-0.06822329,-0.4753719,-0.3087633,0.046097007,-0.44469285,0.10840066,0.6415021,-0.494616,-0.46804658,-0.27318802,0.33766693,-0.48705497
0.10061442,0.5685533,0.47483176,0.80492795,0.7745841,0.25920886,0.87361705,0.76624566,0.74577427,-0.2066821,0.1026342,0.13874044,0.57905644,0.53500736,0.68602705,0.70657486,0.5901402,0.720978,0.52084976,0.38182396,0.64211965,0.48017073,0.85323715,0.23287743,-0.38208094,-0.10834392,0.22211003,0.6473383,0.4708187,0.68621784,-0.2300749,-0.66761327,0.29355663,0.6822033,0.6722881,-0.040701393,0.18446,-0.29477322,0.006385012,0.20338918,0.25499275,-0.31218863,0.5117876,-0.4955089,0.38818988,0.14856613,0.61373127,0.42784974,0.28685603,-0.116491966,0.035576437,0.64157236,0.0,0.77602243,0.49482954,0.30689466,0.9128425,0.78144586,-0.11430018,-0.13234681,0.17729925,0.5252639,0.650445,0.5523314,0.57596916,0.6818652,0.43524754,0.4980262,0.6798695,0.6849289,0.53810525,0.5893768,0.85591435,0.29888898,0.16608647,-0.2674672,0.5924127,0.7676861,-0.38935882,-0.61901885,0.39202058,0.1777528,0.1408899,0.46617937,0.5688348,0.41014254,0.13747516,0.3333769,0.28553662,0.080364846,0.1469399,-0.54622006,0.07675586,-0.26570803,0.2685033,-0.29631668,0.11835258,0.21949011,0.14864002,-0.017204069
-0.4113149,0.13777854,0.014357716,0.83035696,0.6585571,-0.17387542,0.52218217,0.47927484,0.6369682,-0.51642376,-0.37848982,-0.31119934,0.25924975,0.245464,0.651016,0.3623613,0.1915452,0.3786666,0.2041751,0.15113041,0.3919714,0.030058617,0.5875295,-0.039709337,-0.52596587,-0.4502291,-0.16216251,0.34459674,0.29731357,0.3912556,-0.64179987,-0.65953135,0.62854224,0.59759974,0.37596524,0.10815099,0.4171096,0.034312405,0.26869994,0.36082855,0.57368857,-0.6235034,0.33497354,-0.44905567,0.17961593,0.52604103,0.6445846,0.60171103,-0.076253764,0.21427162,-0.46712607,0.1944006,0.77602243,0.0,0.08804563,-0.08127639,0.72570807,0.7850273,-0.40992987,-0.5225326,-0.2462815,0.17680153,0.27543458,0.34206662,0.38496816,0.6061068,0.6553731,0.31790775,0.41690612,0.30750543,0.3857979,0.19667555,0.59006387,0.42138043,-0.2067012,-0.5685718,0.42362052,0.56866163,-0.68597484,-0.59605324,0.48109987,0.5139365,0.4197588,0.5100057,0.73337173,0.65301704,0.41718125,0.54126215,0.34836107,0.47760668,0.44092432,-0.7239501,0.46381658,-0.4417679,-0.15543766,-0.10206471,0.5307322,0.4623991,-0.17313324,0.30482128
0.55193067,0.8825345,0.96295995,0.22711636,0.66626525,0.92316025,0.6812567,0.51130116,0.65266585,0.49638903,0.5767356,0.5933567,0.4427469,0.42915785,0.2574302,0.5540369,0.47512427,0.45432127,0.39861578,0.5552396,0.5762369,0.56057113,0.46909428,0.65208703,0.28883567,0.5336829,0.82272595,0.5240178,0.59150237,0.58912945,0.52621675,-0.31393346,-0.37590498,0.11309164,0.47010058,-0.08066049,-0.24010044,-0.43919024,-0.16078094,0.06995446,-0.3157023,0.36980084,0.31662315,-0.2058868,0.5733522,-0.3831335,0.08973893,-0.23805887,0.66918373,-0.44745994,0.5846392,0.8351382,0.49482954,0.08804563,0.0,0.9332821,0.44073024,0.47600907,0.50787187,0.34159544,0.64792734,0.47621518,0.70309794,0.3580345,0.43486923,0.3287332,-0.1705481,0.21237002,0.306804,0.48640004,0.47608176,0.46242258,0.4528928,0.12304859,0.61221594,0.44561112,0.54600966,0.411497,0.36739388,-0.2775161,0.027705751,-0.3802223,-0.4019541,-0.03960086,0.18671957,-0.18865521,-0.3196688,-0.23923072,0.02941516,-0.4328735,-0.40172377,0.2185565,-0.31469494,-0.031658437,0.64961386,-0.38767794,-0.5056554,-0.28949586,0.45150977,-0.41196382
0.5627366,0.7913276,0.916417,0.036087766,0.5400314,0.95046693,0.49977595,0.31468305,0.54279023,0.62088925,0.5722684,0.61947536,0.35117483,0.3404613,0.16071962,0.34372506,0.35389078,0.24846217,0.30726254,0.60244954,0.5093181,0.40657002,0.2661884,0.6522803,0.39668402,0.57301325,0.854755,0.39781415,0.58592397,0.43957925,0.61825556,-0.104140036,-0.48890838,-0.12716842,0.25984344,0.03326996,-0.2514001,-0.30266148,-0.08593434,0.1141744,-0.33957568,0.4288897,0.16658182,-0.004113466,0.49393317,-0.39018172,-0.002325038,-0.37397242,0.7491103,-0.3505131,0.64539355,0.7165737,0.30689466,-0.08127639,0.9332821,0.0,0.2332443,0.3532945,0.60751563,0.36841714,0.6643725,0.40837678,0.57113826,0.2560446,0.3648532,0.23434277,-0.24331659,0.12348378,0.06920226,0.28301245,0.45139387,0.26208398,0.2741443,0.14341639,0.6181466,0.50136364,0.5152263,0.259537,0.46735635,-0.07309355,-0.14062336,-0.4784229,-0.45019358,-0.2646337,0.061984893,-0.3443018,-0.32438782,-0.3363555,0.041224137,-0.46042493,-0.43504864,0.38199243,-0.31697002,-0.075044505,0.6006481,-0.2515718,-0.5394589,-0.32240823,0.55760217,-0.35380098
0.20628043,0.59367335,0.42904654,0.8956249,0.7077218,0.2454422,0.8432903,0.88709146,0.6271866,-0.2977633,0.029275175,0.011388918,0.45297268,0.38366118,0.47050238,0.7877155,0.47697568,0.811526,0.38152194,0.2287264,0.4159063,0.52496445,0.79126614,0.04020648,-0.37496048,-0.16312648,0.08241624,0.50043565,0.23139076,0.5419687,-0.18185288,-0.6171437,0.3251098,0.77818334,0.6879304,-0.15364029,0.069501586,-0.40700856,-0.19081017,-0.02958861,0.19498004,-0.30029848,0.41824684,-0.50493854,0.49811006,0.069075786,0.47990528,0.4694372,0.21984923,-0.21034253,0.08528907,0.64723766,0.9128425,0.72570807,0.44073024,0.2332443,0.0,0.665337,-0.25608552,-0.16310616,0.028549314,0.3690946,0.517585,0.3910802,0.3478617,0.45434645,0.38759395,0.32234848,0.7777584,0.7828161,0.30288473,0.64494395,0.79502594,0.105024554,-0.006882272,-0.28843796,0.35958165,0.61068857,-0.30763522,-0.5942096,0.44098848,0.23953453,0.19672538,0.6042581,0.44141975,0.4543695,0.06401895,0.2977962,0.20664437,0.043688454,0.18000244,-0.5650812,-0.08372164,-0.11838592,0.18345805,-0.3086739,0.07622862,0.21602798,0.07728894,-0.09233846
-0.18272963,0.44399044,0.3887052,0.67896795,0.89994615,0.25931466,0.67590916,0.49125272,0.9348378,-0.07860719,-0.08201018,0.0027921423,0.38599566,0.25891638,0.64269775,0.43240866,0.23678887,0.38125718,0.2000263,0.47056264,0.5723932,0.15417793,0.6096043,0.3798644,-0.227589,-0.065258995,0.2909236,0.527644,0.61400974,0.5384571,-0.28775418,-0.6588662,0.35926327,0.42441928,0.44663748,0.2183476,0.33285227,-0.04376957,0.29895806,0.49464995,0.39648154,-0.30039886,0.42720392,-0.34238115,0.35777324,0.31649348,0.5811641,0.34489116,0.2771799,0.07314934,-0.17859998,0.41141927,0.78144586,0.7850273,0.47600907,0.3532945,0.665337,0.0,0.003138879,-0.27927297,0.10380197,0.33601356,0.4811558,0.31921998,0.45270088,0.6373619,0.49207205,0.23715518,0.32325634,0.31894156,0.5860652,0.2306883,0.59769154,0.53828526,0.16460896,-0.20207268,0.661903,0.5893422,-0.38796818,-0.58514094,0.4195183,0.27397665,0.1837833,0.32383576,0.7564635,0.43032315,0.28365877,0.3933754,0.36798525,0.2756926,0.19502193,-0.42686155,0.37307256,-0.4252385,0.15207292,-0.16243948,0.24267602,0.26888886,0.08705383,0.15261996
0.33786994,0.4193322,0.5366389,-0.4115819,0.16868983,0.5963585,0.13522866,-0.11986059,0.18565957,0.9439178,0.73082316,0.81830126,0.2463535,0.22836721,-0.06646589,0.04115081,0.2792678,-0.12444621,0.2266319,0.39167777,0.31727841,0.28053924,-0.077183165,0.81396586,0.7006457,0.85387385,0.7863649,0.2642651,0.4975881,0.23496082,0.6442097,0.038466714,-0.72434616,-0.4524764,0.08086616,-0.012183803,-0.29137737,-0.19775274,0.0022303427,0.2021445,-0.52939874,0.74057734,0.1891148,0.11860744,0.086666934,-0.545578,-0.30889487,-0.7306848,0.45942858,-0.35490927,0.48118487,0.2948399,-0.11430018,-0.40992987,0.50787187,0.60751563,-0.25608552,0.003138879,0.0,0.70592153,0.8591565,0.37154266,0.3946829,0.149063,0.24251573,0.050683927,-0.5116112,0.07936537,-0.22821455,-0.08313323,0.2855573,0.08792292,-0.123097554,0.14229038,0.84653187,0.81989753,0.3234327,-0.028944582,0.6163565,0.046362665,-0.31269902,-0.6417312,-0.6346722,-0.52135503,-0.13591528,-0.6038555,-0.397091,-0.4708294,-0.17754014,-0.50685006,-0.64224666,0.7389984,-0.17482518,0.23643483,0.7388873,-0.22348596,-0.6519875,-0.5712225,0.3546593,-0.4002774
0.53190845,0.39649293,0.45350626,-0.35558364,-0.051008843,0.43663234,0.1579178,0.101099454,-0.083010264,0.6892555,0.8752527,0.7694475,0.30394143,0.3172295,-0.28203532,0.29054457,0.41333053,0.13708124,0.3497641,-0.011506394,0.08769464,0.60976404,0.040831205,0.5334406,0.61334294,0.8385822,0.55179363,0.23752612,0.078627266,0.28932455,0.68760926,0.052914463,-0.74422216,-0.1640748,0.33134487,-0.40743655,-0.56277394,-0.47335416,-0.30200768,-0.19917017,-0.74671215,0.8468313,0.328438,-0.10379406,0.09180374,-0.7747322,-0.4382587,-0.6791836,0.18717389,-0.63994265,0.56211185,0.36425096,-0.13234681,-0.5225326,0.34159544,0.36841714,-0.16310616,-0.27927297,0.70592153,0.0,0.7619996,0.39609265,0.4485969,0.22291191,0.14600268,-0.14606991,-0.73880184,0.16840659,0.09837035,0.19361322,-0.07349509,0.42521927,-0.1112133,-0.312689,0.72585624,0.80888027,-0.0479976,-0.09619419,0.6609657,-0.020558506,-0.37578946,-0.744173,-0.7224928,-0.3279727,-0.4571482,-0.6669912,-0.67272043,-0.58610463,-0.51367563,-0.7494031,-0.7418851,0.67812276,-0.49270782,0.5869203,0.7399081,-0.44704056,-0.8156267,-0.7752288,0.12621708,-0.69576883
0.47203162,0.60460454,0.70666474,-0.20450301,0.30175433,0.65971345,0.396352,0.14775538,0.2918938,0.78753585,0.8834282,0.961811,0.47670734,0.55548364,0.13118792,0.3211927,0.62928104,0.17171934,0.5700804,0.40026492,0.52446145,0.54995334,0.23296642,0.8067868,0.530523,0.81390524,0.83562917,0.477984,0.5459735,0.5050041,0.6208436,-0.15113214,-0.7038848,-0.17823169,0.34849632,-0.18923046,-0.34438848,-0.40813565,-0.13558477,0.08952106,-0.5686798,0.67105067,0.3588846,-0.10874736,0.19909634,-0.59706986,-0.15998612,-0.6038846,0.48836684,-0.5018472,0.5700302,0.56465816,0.17729925,-0.2462815,0.64792734,0.6643725,0.028549314,0.10380197,0.8591565,0.7619996,0.0,0.59598434,0.67286515,0.46661794,0.50347173,0.2618135,-0.47507477,0.4028887,0.10084635,0.22787409,0.4013392,0.40359017,0.18562993,0.08775588,0.91568226,0.73958236,0.43637207,0.2521009,0.5373732,-0.13499539,-0.23691748,-0.6732672,-0.679617,-0.35154417,-0.068370715,-0.523749,-0.4599376,-0.4408196,-0.20020658,-0.59941006,-0.65111756,0.5711249,-0.2922683,0.24592794,0.88897383,-0.41350907,-0.6878568,-0.57929134,0.37911296,-0.5186628
0.29401433,0.47388494,0.4930804,0.13990748,0.35200444,0.36960474,0.54538625,0.3241598,0.41086188,0.2896967,0.59400666,0.6092496,0.9561429,0.59361196,0.47198159,0.41971824,0.7175897,0.43258917,0.6272568,0.52445894,0.59730875,0.46783143,0.5670917,0.4847337,-0.12455386,0.28375947,0.4833671,0.76092976,0.5193246,0.63101405,0.11627613,-0.2546518,-0.14516498,0.23137388,0.481861,0.12977758,0.18398498,-0.17391244,0.05304113,0.24034132,-0.00043742816,0.12460839,0.5143585,-0.04588332,0.15044463,-0.11358637,0.4188978,0.014838095,0.4929817,-0.08870304,0.37347642,0.5438481,0.5252639,0.17680153,0.47621518,0.40837678,0.3690946,0.33601356,0.37154266,0.39609265,0.59598434,0.0,0.7220623,0.55309916,0.5899699,0.51877075,0.12146213,0.5875122,0.36075652,0.43303302,0.53839296,0.50976825,0.5798345,0.3376706,0.54460514,0.13887157,0.57131463,0.61469764,-0.050680883,-0.18534096,0.0064431042,-0.21901836,-0.1308871,-0.0035769574,0.19589412,-0.04483911,0.058601983,0.16363297,0.2601947,-0.16943827,-0.060621843,-0.02185008,-0.011609141,-0.011336114,0.5728245,-0.08990577,-0.17533565,-0.015414218,0.46972096,-0.05656611
0.3391471,0.6768199,0.74163526,0.29299176,0.60931295,0.53935826,0.74812806,0.53607637,0.6123831,0.26611423,0.6684648,0.6231577,0.6877002,0.7816759,0.51621604,0.66753775,0.78087866,0.560953,0.759556,0.3500354,0.7307279,0.72870314,0.74804914,0.6326849,0.07000397,0.46639395,0.66458607,0.7502526,0.56518465,0.90694135,0.24731927,-0.5290848,-0.2542785,0.35734162,0.720964,-0.25229618,-0.16819291,-0.4837055,-0.061572857,0.12404449,-0.25618413,0.28516084,0.6511014,-0.49079454,0.35552815,-0.2926695,0.30374816,-0.09177301,0.35161933,-0.4668159,0.3272355,0.756087,0.650445,0.27543458,0.70309794,0.57113826,0.517585,0.4811558,0.3946829,0.4485969,0.67286515,0.7220623,0.0,0.7593984,0.7667283,0.61318445,-0.13279465,0.67915803,0.5208137,0.5717972,0.531803,0.6800139,0.62560856,0.10412251,0.68772024,0.29352143,0.58365726,0.68715507,0.08539566,-0.5279281,0.03086487,-0.39404437,-0.4407065,0.059708375,0.27977848,-0.13478635,-0.295685,-0.10352441,-0.0921018,-0.40758482,-0.38524497,0.01416649,-0.17001383,0.009490133,0.6779965,-0.5747555,-0.37784415,-0.32739168,0.20690106,-0.4400518
0.055492833,0.31860617,0.40959054,0.25012997,0.39382488,0.16872564,0.48733157,0.32145002,0.3639061,-0.024792656,0.43310288,0.44113305,0.49674428,0.95844495,0.606494,0.41557252,0.78857476,0.35404083,0.92078424,0.13466619,0.6854069,0.47511256,0.60654956,0.33812073,-0.11996556,0.16503362,0.36056468,0.52855873,0.41287166,0.75012445,-0.024159145,-0.46922547,-0.100450926,0.3028888,0.47974247,-0.25952864,-0.082960665,-0.2889487,0.03980877,0.121026605,-0.10616351,0.00589418,0.4661834,-0.530585,0.11580062,-0.072998114,0.32858956,0.024146218,0.084138304,-0.24679619,0.08128337,0.5046368,0.5523314,0.34206662,0.3580345,0.2560446,0.3910802,0.31921998,0.149063,0.22291191,0.46661794,0.55309916,0.7593984,0.0,0.9029179,0.68997955,-0.029032607,0.9264707,0.39911598,0.3619598,0.47768328,0.4650413,0.5227302,0.107202955,0.43295723,0.033352893,0.46928975,0.65284055,-0.12145831,-0.44160807,-0.044049766,-0.2631346,-0.31919116,0.0025504946,0.2667537,-0.043584403,-0.16482441,-0.0664353,-0.08341252,-0.22710386,-0.2116121,-0.11447055,-0.00041470525,-0.13334726,0.41781917,-0.48409954,-0.10672515,-0.1849853,0.049614582,-0.23898247
-0.019774143,0.30674803,0.45467842,0.20039046,0.4790737,0.23688155,0.505664,0.21192369,0.5047026,0.06658131,0.38852984,0.44289252,0.5210376,0.8833915,0.7747934,0.30770642,0.7274936,0.24912044,0.83459395,0.3564476,0.8530379,0.34191692,0.60354257,0.4898146,-0.12600836,0.17665344,0.48985904,0.61571664,0.6556433,0.78375405,-0.05338892,-0.47386715,-0.10306181,0.17177486,0.39852202,-0.056714848,0.06405765,-0.15161352,0.19288614,0.31617886,-0.00376373,-0.040411443,0.43322474,-0.40330476,0.061654996,0.024236357,0.43588403,0.010873569,0.22787814,-0.114900224,0.053248093,0.45884094,0.57596916,0.38496816,0.43486923,0.3648532,0.3478617,0.45270088,0.24251573,0.14600268,0.50347173,0.5899699,0.7667283,0.9029179,0.0,0.85284895,0.07953727,0.8821834,0.25353283,0.2473301,0.7092883,0.32485056,0.5631159,0.31266326,0.5167177,0.021003557,0.7064725,0.74702513,-0.17772023,-0.4097319,-0.044396196,-0.26370898,-0.31259984,-0.108494125,0.405227,-0.062012445,-0.026236543,0.021737538,0.08387585,-0.14974041,-0.18165441,-0.11571118,0.123995915,-0.35456887,0.3834309,-0.365633,-0.050184872,-0.100919425,0.18448313,-0.10560328
-0.19846699,0.20270258,0.29919285,0.3528907,0.5476378,0.08978047,0.5532856,0.22658107,0.6176212,-0.111784786,0.10648191,0.18846914,0.4959881,0.64996994,0.97127175,0.2828134,0.5745968,0.28053516,0.60785645,0.46418816,0.8790553,0.16559622,0.6643057,0.39787975,-0.3617968,-0.06935729,0.32807294,0.6515437,0.724239,0.707583,-0.3226559,-0.53027916,0.19202468,0.289942,0.37513107,0.16209489,0.35413298,0.013137724,0.32472026,0.45767036,0.29606828,-0.32030898,0.420112,-0.32580155,0.028986571,0.29137772,0.6566837,0.2891951,0.21309394,0.11502696,-0.15556368,0.32370973,0.6818652,0.6061068,0.3287332,0.23434277,0.45434645,0.6373619,0.050683927,-0.14606991,0.2618135,0.51877075,0.61318445,0.68997955,0.85284895,0.0,0.40502486,0.71149373,0.26962155,0.2456718,0.8269107,0.24122465,0.6837836,0.5084812,0.32532746,-0.24171856,0.81954867,0.8344315,-0.4621301,-0.4455193,0.19182402,0.046080552,0.0048763165,0.089459985,0.6292835,0.21126892,0.2838515,0.32851815,0.34883285,0.14617276,0.109223746,-0.40310955,0.33817437,-0.530134,0.17442591,-0.16057046,0.2220238,0.20544939,0.17759082,0.16176343
-0.42823318,-0.17014629,-0.29172763,0.45440614,0.2220895,-0.32075575,0.14567119,0.061727066,0.29843944,-0.5182734,-0.5911723,-0.46625647,0.20964932,-0.10842818,0.53657705,-0.052285355,-0.04400699,0.14635676,-0.10354259,0.384848,0.18920553,-0.40253067,0.27856338,-0.2704521,-0.7672173,-0.74762106,-0.37075612,0.23205343,0.2190871,-0.014765454,-0.74894387,-0.2135858,0.7620241,0.35695434,-0.04353096,0.62348604,0.8615863,0.425667,0.34683123,0.3914229,0.86268795,-0.8615549,-0.027140385,0.17853503,-0.054253645,0.7551712,0.73831385,0.77231824,0.10657087,0.7007217,-0.41697735,-0.14505568,0.43524754,0.6553731,-0.1705481,-0.24331659,0.38759395,0.49207205,-0.5116112,-0.73880184,-0.47507477,0.12146213,-0.13279465,-0.029032607,0.07953727,0.40502486,0.0,0.06088158,0.13839595,0.073415235,0.38156494,-0.12776932,0.47584304,0.64438224,-0.46406263,-0.79728955,0.37099648,0.45481157,-0.8081234,-0.06890829,0.53732306,0.78557533,0.8440903,0.45699304,0.6223982,0.7830791,0.8948039,0.87113124,0.83226866,0.8086974,0.8675047,-0.7787132,0.58915675,-0.54764926,-0.42985916,0.55071205,0.7899932,0.9276409,0.17302679,0.81418216
-0.014476925,0.16675462,0.26956397,0.18066777,0.2563498,0.02888439,0.3926606,0.20541552,0.24329066,-0.0905531,0.3738294,0.39639026,0.5161173,0.9239941,0.651041,0.29812005,0.78888994,0.2874508,0.9084048,0.14116135,0.6678237,0.37130353,0.5577,0.24874854,-0.24349862,0.057515007,0.24919537,0.5285431,0.39024076,0.668197,-0.12665875,-0.3872473,-0.06607587,0.25373057,0.3797253,-0.18120956,0.04018371,-0.17764312,0.073559344,0.12644428,-0.023802629,-0.099557996,0.38567302,-0.40719417,-0.052088693,0.009872196,0.3754636,0.076120265,0.05547407,-0.11366877,0.023886794,0.3747814,0.4980262,0.31790775,0.21237002,0.12348378,0.32234848,0.23715518,0.07936537,0.16840659,0.4028887,0.5875122,0.67915803,0.9264707,0.8821834,0.71149373,0.06088158,0.0,0.34571624,0.2988363,0.5010174,0.39385483,0.52896,0.15392587,0.36403894,-0.07332738,0.47295225,0.6762765,-0.22653256,-0.33060217,-0.06152624,-0.2107903,-0.22707142,-0.017276771,0.24862549,-0.021931222,-0.035523236,0.048558004,0.01349779,-0.14162596,-0.1042506,-0.1804579,0.05481488,-0.18094577,0.32473525,-0.32630202,-0.0050059254,-0.07292097,0.09360687,-0.102192335
0.33952612,0.5323951,0.3407904,0.6269598,0.4074006,0.16013624,0.7315552,0.80516845,0.32595587,-0.25745165,0.23956087,0.12061352,0.41699892,0.41082722,0.2622865,0.8736309,0.5847224,0.9198865,0.4459072,0.013280476,0.2723243,0.7404473,0.7755054,0.022279106,-0.30267754,-0.005133873,0.03404641,0.5031227,0.02396947,0.53897536,-0.050271135,-0.58295375,0.19100063,0.8665177,0.8151284,-0.3992272,-0.096106544,-0.6467448,-0.45172185,-0.31953174,-0.07000973,-0.07126362,0.4774751,-0.58793277,0.43430686,-0.1872524,0.2882241,0.3973794,0.03137071,-0.448505,0.13704821,0.59353954,0.6798695,0.41690612,0.306804,0.06920226,0.7777584,0.32325634,-0.22821455,0.09837035,0.10084635,0.36075652,0.5208137,0.39911598,0.25353283,0.26962155,0.13839595,0.34571624,0.0,0.9238151,0.10636802,0.89289427,0.7352933,-0.1537751,0.08138141,-0.09885484,0.12924506,0.5594662,-0.13373823,-0.59282786,0.50274044,0.15963402,0.0901463,0.73265827,0.24069875,0.39059412,-0.12238799,0.1968533,-0.014186977,-0.1087989,0.028900996,-0.4600132,-0.2762336,0.25957045,0.33206758,-0.45652345,-0.11553285,0.04289077,-0.07836625,-0.32089117
0.54865474,0.68642616,0.5215978,0.5737521,0.44405755,0.37946007,0.80164206,0.8438457,0.3712463,-0.07791703,0.36026928,0.25239596,0.4779699,0.4119366,0.23743367,0.9013564,0.6104207,0.95408744,0.4473099,0.18004921,0.3361629,0.79154325,0.7675849,0.11920296,-0.20826396,0.11006099,0.20715109,0.5455982,0.114795975,0.5539404,0.15147665,-0.47233427,0.029902842,0.7586365,0.7971247,-0.33779028,-0.15691407,-0.6771591,-0.51330686,-0.3460659,-0.16820557,0.03704254,0.42137054,-0.44838515,0.5120186,-0.30854365,0.24573824,0.27719167,0.27198035,-0.49701142,0.37188956,0.72775286,0.6849289,0.30750543,0.48640004,0.28301245,0.7828161,0.31894156,-0.08313323,0.19361322,0.22787409,0.43303302,0.5717972,0.3619598,0.2473301,0.2456718,0.073415235,0.2988363,0.9238151,0.0,0.17527987,0.8980223,0.7616289,-0.15749626,0.18763912,0.013927302,0.21327397,0.55168986,0.019314634,-0.47827914,0.3913824,0.007357699,-0.01353942,0.5991907,0.14308271,0.23599017,-0.18603486,0.101257555,0.026485074,-0.25870886,-0.06283972,-0.32905814,-0.430771,0.22993617,0.41799876,-0.4090896,-0.27059337,-0.021580076,0.15222436,-0.37430412
-0.04479414,0.30539063,0.41600105,0.14723662,0.5093524,0.32384568,0.50033283,0.08324741,0.6135684,0.18228813,0.20223786,0.33014786,0.48623553,0.47985098,0.8199019,0.1626562,0.49496463,0.18800995,0.45309153,0.761503,0.9103458,0.07108317,0.4988075,0.5719392,-0.19324057,0.083128914,0.54229784,0.6767071,0.92262536,0.56141436,-0.09613621,-0.36694962,0.010972155,0.05358615,0.21854296,0.3762309,0.41110238,0.05588627,0.28329933,0.4910232,0.22530815,-0.18037742,0.24648844,-0.022464989,0.07581575,0.18617687,0.55025125,0.12773038,0.5182425,0.15648966,0.04915199,0.32195267,0.53810525,0.3857979,0.47608176,0.45139387,0.30288473,0.5860652,0.2855573,-0.07349509,0.4013392,0.53839296,0.531803,0.47768328,0.7092883,0.8269107,0.38156494,0.5010174,0.10636802,0.17527987,0.0,0.13663042,0.624683,0.6545598,0.46729448,-0.052290283,0.9661724,0.7566811,-0.2401763,-0.23688313,0.20084012,-0.0046967473,-0.013105454,-0.041012097,0.593178,0.1204968,0.34153208,0.30956522,0.5224832,0.12929259,0.0648431,-0.1979005,0.29192358,-0.52757835,0.28392485,0.027679179,0.10112665,0.23285292,0.4686243,0.21857537
0.5062928,0.6564863,0.52608186,0.42618474,0.3891244,0.35482913,0.7431962,0.75266504,0.31675863,0.053393528,0.5501167,0.41752127,0.52114433,0.5114706,0.18425639,0.89763546,0.69216007,0.8689875,0.54872745,0.066314496,0.3415944,0.90171385,0.74025124,0.27376565,-0.045584787,0.3166595,0.29124564,0.57718474,0.11660946,0.6471179,0.22388607,-0.5039243,-0.10379011,0.6915632,0.8617282,-0.47995174,-0.27286628,-0.736408,-0.47268105,-0.31735945,-0.3279012,0.24834207,0.5678745,-0.54931176,0.43833587,-0.43249887,0.1373698,0.10288243,0.14103228,-0.63240176,0.34475762,0.70109504,0.5893768,0.19667555,0.46242258,0.26208398,0.64494395,0.2306883,0.08792292,0.42521927,0.40359017,0.50976825,0.6800139,0.4650413,0.32485056,0.24122465,-0.12776932,0.39385483,0.89289427,0.8980223,0.13663042,0.0,0.6543229,-0.21148783,0.38177115,0.20778644,0.17051297,0.5179736,0.12510973,-0.5418986,0.30746052,-0.14194666,-0.2032709,0.4994409,0.09223397,0.09611599,-0.345469,-0.028815553,-0.17533536,-0.3767188,-0.25502983,-0.16216014,-0.41161537,0.40915164,0.58259284,-0.57371145,-0.3927475,-0.24076684,0.015975766,-0.5385826
0.20743108,0.5125331,0.43239948,0.59741974,0.56506205,0.254717,0.8103674,0.64022344,0.5850403,-0.18432443,0.1661759,0.1727516,0.61946154,0.53047335,0.7064534,0.6735374,0.6737676,0.77302843,0.54742783,0.4973678,0.68570584,0.47993574,0.868746,0.2168399,-0.5101351,-0.12516981,0.23958918,0.75537044,0.49280295,0.675071,-0.19015358,-0.5710094,0.2539538,0.673608,0.65132076,0.056287296,0.2975201,-0.32770222,-0.120843865,0.065118246,0.22546692,-0.31735286,0.4218965,-0.324409,0.3389175,0.09919452,0.6455523,0.49040034,0.3761089,-0.08261999,0.13114154,0.59095836,0.85591435,0.59006387,0.4528928,0.2741443,0.79502594,0.59769154,-0.123097554,-0.1112133,0.18562993,0.5798345,0.62560856,0.5227302,0.5631159,0.6837836,0.47584304,0.52896,0.7352933,0.7616289,0.624683,0.6543229,0.0,0.31448406,0.18844505,-0.2775858,0.63732463,0.8971198,-0.36517036,-0.48615515,0.47960332,0.20709439,0.20155127,0.5182151,0.52854884,0.42538548,0.24806467,0.44624707,0.44126785,0.091693744,0.22276306,-0.5854998,-0.00027706244,-0.22617035,0.2627316,-0.1481039,0.098857746,0.32772058,0.3119963,0.051628303
-0.43334216,0.008929945,0.00010823587,0.11150355,0.3506842,0.01202954,0.12527713,-0.19298868,0.4506053,0.07741124,-0.144327,0.042343993,0.32918608,0.040883828,0.55428255,-0.17867374,0.074146725,-0.106147066,0.02634697,0.6766677,0.44602162,-0.36647147,0.15467751,0.33771628,-0.26675177,-0.17928435,0.17492908,0.36685938,0.6515,0.14483777,-0.37649474,-0.18885282,0.34292006,-0.048445262,-0.104152426,0.7239833,0.74438673,0.47607708,0.59826094,0.763311,0.59931207,-0.37332112,0.11287648,0.26887077,-0.05177105,0.5376458,0.58408123,0.2559727,0.34948385,0.5933652,-0.26492283,-0.05846722,0.29888898,0.42138043,0.12304859,0.14341639,0.105024554,0.53828526,0.14229038,-0.312689,0.08775588,0.3376706,0.10412251,0.107202955,0.31266326,0.5084812,0.64438224,0.15392587,-0.1537751,-0.15749626,0.6545598,-0.21148783,0.31448406,0.0,0.12885141,-0.23734644,0.66106874,0.4383427,-0.42446196,-0.01443989,0.3325752,0.4173059,0.4323592,0.025799382,0.67057323,0.41658548,0.6850175,0.56757045,0.73454446,0.61531794,0.4738781,-0.23421916,0.72796524,-0.45930323,0.046574786,0.4283119,0.48979363,0.55649984,0.33782238,0.641207
0.34995717,0.5361369,0.6555351,-0.21837746,0.33800003,0.60026455,0.39858207,0.09795476,0.3529352,0.7607342,0.8318454,0.84402776,0.437087,0.49721748,0.19430964,0.30880383,0.54260963,0.13769245,0.4957859,0.39308137,0.56929326,0.5192635,0.26244387,0.8967402,0.5197941,0.8435384,0.8587507,0.53243214,0.62715,0.5526211,0.553642,-0.24093682,-0.67023647,-0.17672043,0.37538123,-0.1736348,-0.29442066,-0.4023707,-0.06638255,0.15970194,-0.54742557,0.66926736,0.39918828,-0.16601251,0.1544972,-0.5533125,-0.12970176,-0.58968955,0.40765408,-0.50372183,0.4268098,0.47169718,0.16608647,-0.2067012,0.61221594,0.6181466,-0.006882272,0.16460896,0.84653187,0.72585624,0.91568226,0.54460514,0.68772024,0.43295723,0.5167177,0.32532746,-0.46406263,0.36403894,0.08138141,0.18763912,0.46729448,0.38177115,0.18844505,0.12885141,0.0,0.74388117,0.49852842,0.29944894,0.48867333,-0.23451556,-0.16747776,-0.64037836,-0.7047727,-0.32625896,0.04268486,-0.49863285,-0.42084152,-0.36954445,-0.20594512,-0.54710805,-0.6821953,0.51594055,-0.18596078,0.1996651,0.8289705,-0.4493129,-0.63894105,-0.5877812,0.2718583,-0.5166482
0.46114004,0.43998373,0.502503,-0.40382126,0.05501945,0.5830898,0.06894365,-0.01833307,0.009496718,0.84507024,0.73960567,0.70825523,0.026707895,0.12080125,-0.3844538,0.14381276,0.16210757,-0.062010452,0.12082098,0.05258604,0.053784005,0.4290222,-0.17067799,0.6433934,0.87356913,0.9464858,0.678358,0.08059839,0.17422743,0.13071953,0.80653536,0.041447256,-0.82304853,-0.37292,0.13736069,-0.35661206,-0.6107265,-0.46916285,-0.29781246,-0.1524189,-0.82035196,0.94121426,0.11180424,-0.044238213,0.2102361,-0.79196525,-0.6389078,-0.825875,0.23442487,-0.659739,0.49690205,0.28197277,-0.2674672,-0.5685718,0.44561112,0.50136364,-0.28843796,-0.20207268,0.81989753,0.80888027,0.73958236,0.13887157,0.29352143,0.033352893,0.021003557,-0.24171856,-0.79728955,-0.07332738,-0.09885484,0.013927302,-0.052290283,0.20778644,-0.2775858,-0.23734644,0.74388117,0.0,-0.0122580975,-0.25028107,0.8565349,-0.032907728,-0.28520513,-0.6917539,-0.75827783,-0.3856365,-0.32561383,-0.6576837,-0.68278486,-0.65943396,-0.51186824,-0.6763895,-0.84259206,0.82647794,-0.41908407,0.5296889,0.7185414,-0.44392452,-0.83033055,-0.7913063,0.09792621,-0.6980886
-0.019624734,0.38444743,0.48705035,0.20395184,0.5999919,0.39154762,0.5611403,0.15234695,0.69821066,0.21822742,0.23435584,0.352188,0.53258085,0.46893486,0.8054734,0.21751502,0.49569455,0.22380795,0.44144225,0.78450596,0.9061767,0.117776394,0.53183645,0.6237513,-0.16719584,0.12994404,0.5925711,0.7202298,0.94174874,0.6006674,-0.068892196,-0.41003257,-0.0027342374,0.07642705,0.27170986,0.36581042,0.38819945,0.008349086,0.2791126,0.50415784,0.21212533,-0.1413177,0.2898701,-0.04987917,0.13775037,0.16106617,0.5478037,0.10885854,0.5511194,0.11515131,0.079182155,0.3792131,0.5924127,0.42362052,0.54600966,0.5152263,0.35958165,0.661903,0.3234327,-0.0479976,0.43637207,0.57131463,0.58365726,0.46928975,0.7064725,0.81954867,0.37099648,0.47295225,0.12924506,0.21327397,0.9661724,0.17051297,0.63732463,0.66106874,0.49852842,-0.0122580975,0.0,0.7560734,-0.21792263,-0.28788704,0.21003433,-0.021527382,-0.039181173,-0.032044288,0.61756176,0.11026551,0.31040102,0.30919635,0.5121599,0.101408735,0.034504667,-0.18044993,0.27696508,-0.5163179,0.32721218,-0.0073175994,0.06334983,0.20275687,0.46905798,0.17917874
0.01818699,0.3725219,0.3821614,0.4292958,0.53133345,0.18721639,0.6875649,0.41709557,0.5883286,-0.1471842,0.1952241,0.21869959,0.6248324,0.63853335,0.8411386,0.49804178,0.6817662,0.569532,0.627212,0.52041,0.80591273,0.36380085,0.82927895,0.3437443,-0.49258605,-0.07925251,0.32196125,0.79427,0.6255271,0.76300603,-0.24077298,-0.58228904,0.22722225,0.5172333,0.5567496,0.12752695,0.37261814,-0.18145321,0.0968485,0.25958905,0.2616807,-0.29866907,0.46937603,-0.3174603,0.21040028,0.19702238,0.6960036,0.42608517,0.30902216,0.015501446,-0.010762543,0.4772878,0.7676861,0.56866163,0.411497,0.259537,0.61068857,0.5893422,-0.028944582,-0.09619419,0.2521009,0.61469764,0.68715507,0.65284055,0.74702513,0.8344315,0.45481157,0.6762765,0.5594662,0.55168986,0.7566811,0.5179736,0.8971198,0.4383427,0.29944894,-0.25028107,0.7560734,0.0,-0.40849712,-0.4789011,0.39742482,0.1477963,0.11764184,0.35051,0.6110423,0.35404527,0.2936425,0.44149202,0.43108824,0.13927197,0.1840814,-0.5155471,0.1795796,-0.3361566,0.27267167,-0.14977698,0.17036629,0.2916073,0.26606786,0.11556565
0.579834,0.38906586,0.43305662,-0.42110047,-0.1083328,0.56630707,-0.07336183,-0.03143757,-0.18956451,0.6984798,0.6115233,0.54926753,-0.15174504,-0.018057596,-0.5724519,0.057988383,0.03802651,-0.083777554,0.001797075,-0.044651695,-0.14414026,0.33582425,-0.33087242,0.35406536,0.79522365,0.7619399,0.5141233,-0.121890545,-0.054471944,-0.10090081,0.9169256,0.23556262,-0.8094161,-0.41659343,-0.026445094,-0.3863314,-0.692848,-0.44312897,-0.44804454,-0.39398006,-0.84170806,0.84943193,-0.14951192,0.07034508,0.23585773,-0.7836605,-0.7649822,-0.78465545,0.23956272,-0.6177302,0.58571815,0.25605807,-0.38935882,-0.68597484,0.36739388,0.46735635,-0.30763522,-0.38796818,0.6163565,0.6609657,0.5373732,-0.050680883,0.08539566,-0.12145831,-0.17772023,-0.4621301,-0.8081234,-0.22653256,-0.13373823,0.019314634,-0.2401763,0.12510973,-0.36517036,-0.42446196,0.48867333,0.8565349,-0.21792263,-0.40849712,0.0,0.17489415,-0.35172814,-0.64789045,-0.6783537,-0.37197107,-0.48964196,-0.6473417,-0.7072847,-0.71845824,-0.50800645,-0.6851538,-0.76109266,0.80237633,-0.59980667,0.5256495,0.5280054,-0.32355225,-0.7984207,-0.7065565,0.1501648,-0.6602123
0.095388696,-0.37872422,-0.2691509,-0.6016699,-0.67023194,-0.074638896,-0.6399663,-0.57991034,-0.5736178,0.15819308,-0.106992394,-0.041589946,-0.20748329,-0.37369603,-0.39149013,-0.6411144,-0.35341668,-0.51658624,-0.33442363,0.052105017,-0.38806024,-0.49755165,-0.65202075,-0.30722445,0.069466144,-0.13894042,-0.17167972,-0.48247716,-0.27060488,-0.5925679,0.17925566,0.9170373,-0.16313428,-0.61727047,-0.7299341,0.37330517,0.082616255,0.5268992,0.11425558,-0.023393946,0.044890914,0.03373207,-0.5412034,0.7713614,-0.3305724,0.08002594,-0.2199958,-0.20241179,0.16661675,0.42358392,0.25736243,-0.36455882,-0.61901885,-0.59605324,-0.2775161,-0.07309355,-0.5942096,-0.58514094,0.046362665,-0.020558506,-0.13499539,-0.18534096,-0.5279281,-0.44160807,-0.4097319,-0.4455193,-0.06890829,-0.33060217,-0.59282786,-0.47827914,-0.23688313,-0.5418986,-0.48615515,-0.01443989,-0.23451556,-0.032907728,-0.28788704,-0.4789011,0.17489415,0.0,-0.43510085,-0.09374733,0.112434566,-0.50601757,-0.5323683,-0.2921408,0.13409096,-0.15055485,0.16721366,0.037943147,0.16181147,0.33208936,-0.061059292,-0.029460482,-0.26105368,0.633957,0.049865086,0.121420965,0.36354235,0.3301769
-0.19799472,0.15502097,-0.07956018,0.4643844,0.33863747,-0.095220946,0.32244608,0.2859073,0.31551683,-0.29534686,-0.2668195,-0.25240934,0.059447423,-0.112692505,0.25497094,0.3234542,0.055393487,0.405443,-0.090842776,0.16657123,0.11495944,0.050558556,0.35771587,-0.016489625,-0.37437463,-0.27642706,-0.15711181,0.29608026,0.14715034,0.101149626,-0.39154753,-0.5500347,0.5135672,0.56107914,0.31893778,0.10503167,0.43190116,-0.19113685,-0.1085459,0.02639825,0.3379436,-0.37138522,0.11211563,-0.22806036,0.23921329,0.24881348,0.32933146,0.5280415,-0.06792775,0.072279535,-0.35357818,0.050172377,0.39202058,0.48109987,0.027705751,-0.14062336,0.44098848,0.4195183,-0.31269902,-0.37578946,-0.23691748,0.0064431042,0.03086487,-0.044049766,-0.044396196,0.19182402,0.53732306,-0.06152624,0.50274044,0.3913824,0.20084012,0.30746052,0.47960332,0.3325752,-0.16747776,-0.28520513,0.21003433,0.39742482,-0.35172814,-0.43510085,0.0,0.7159289,0.55308175,0.82600975,0.6487377,0.80655223,0.43699953,0.6159097,0.3976249,0.54062223,0.4277325,-0.5787386,0.3076753,0.03495833,-0.007866904,0.01717336,0.36913213,0.5101241,-0.15685844,0.24457
-0.5112882,-0.28898647,-0.50590265,0.3941638,0.05259622,-0.48013684,-0.078972936,-0.007110718,0.06636048,-0.60182744,-0.71166885,-0.6460126,-0.123473674,-0.36937577,0.17612882,-0.09840923,-0.29892254,0.06758379,-0.36329708,0.022151737,-0.19134267,-0.43121666,0.059818655,-0.4415292,-0.613856,-0.7380894,-0.59988546,-0.07374315,-0.12693186,-0.26192603,-0.7148274,-0.20371896,0.82750714,0.39298803,-0.09389311,0.39331913,0.67707217,0.32657358,0.21513295,0.19336306,0.73660773,-0.73750365,-0.11921643,0.062967785,-0.014530545,0.6734038,0.45322728,0.7385999,-0.24045382,0.56123006,-0.5926611,-0.3249287,0.1777528,0.5139365,-0.3802223,-0.4784229,0.23953453,0.27397665,-0.6417312,-0.744173,-0.6732672,-0.21901836,-0.39404437,-0.2631346,-0.26370898,0.046080552,0.78557533,-0.2107903,0.15963402,0.007357699,-0.0046967473,-0.14194666,0.20709439,0.4173059,-0.64037836,-0.6917539,-0.021527382,0.1477963,-0.64789045,-0.09374733,0.7159289,0.0,0.90444547,0.65696734,0.54460835,0.926262,0.73512334,0.76252735,0.5590708,0.89063865,0.8376747,-0.70215124,0.5779516,-0.21277207,-0.48671,0.42896065,0.78845555,0.8230373,-0.20003143,0.67650676
-0.40456834,-0.32495517,-0.5119568,0.3052051,-0.06893961,-0.4683035,-0.12448034,-0.0525327,-0.016031764,-0.57263684,-0.69560516,-0.61301553,-0.025213864,-0.39632782,0.1585801,-0.15796952,-0.29457986,0.061673578,-0.36871052,0.11181989,-0.22315998,-0.47564927,0.033109553,-0.5205808,-0.69585377,-0.80632436,-0.6361042,-0.09580899,-0.16161841,-0.31430778,-0.69755405,0.001525032,0.8244626,0.33604524,-0.16903414,0.55851877,0.7469083,0.4624682,0.24782462,0.2124818,0.8099544,-0.77104956,-0.14908919,0.2760072,-0.07382448,0.70388436,0.5218576,0.77180326,-0.09471755,0.69586575,-0.43098912,-0.32046738,0.1408899,0.4197588,-0.4019541,-0.45019358,0.19672538,0.1837833,-0.6346722,-0.7224928,-0.679617,-0.1308871,-0.4407065,-0.31919116,-0.31259984,0.0048763165,0.8440903,-0.22707142,0.0901463,-0.01353942,-0.013105454,-0.2032709,0.20155127,0.4323592,-0.7047727,-0.75827783,-0.039181173,0.11764184,-0.6783537,0.112434566,0.55308175,0.90444547,0.0,0.5350942,0.3785469,0.8209864,0.80377036,0.77635,0.6725548,0.8463003,0.9414621,-0.67585534,0.5063387,-0.26192486,-0.53952575,0.6170787,0.78711355,0.9034046,-0.00043734547,0.78668106
-0.04579921,0.18284951,-0.088477336,0.6181467,0.28309447,-0.17119333,0.40546536,0.5310605,0.21981856,-0.4914462,-0.26077297,-0.33234724,0.09621138,-0.04445241,0.15185839,0.53270644,0.12055281,0.6269552,-0.014654061,-0.0758767,-0.03241427,0.25995958,0.48934212,-0.23977233,-0.4628272,-0.36266756,-0.33988273,0.23534165,-0.1415766,0.14845364,-0.39435986,-0.53993535,0.57564974,0.8156551,0.49586725,-0.11933291,0.24779743,-0.3349794,-0.27364093,-0.20562759,0.2914455,-0.38970426,0.22738013,-0.39205003,0.32107514,0.17258087,0.32948652,0.64927995,-0.20279564,-0.07415911,-0.2683288,0.16337228,0.46617937,0.5100057,-0.03960086,-0.2646337,0.6042581,0.32383576,-0.52135503,-0.3279727,-0.35154417,-0.0035769574,0.059708375,0.0025504946,-0.108494125,0.089459985,0.45699304,-0.017276771,0.73265827,0.5991907,-0.041012097,0.4994409,0.5182151,0.025799382,-0.32625896,-0.3856365,-0.032044288,0.35051,-0.37197107,-0.50601757,0.82600975,0.65696734,0.5350942,0.0,0.43118683,0.7796684,0.26341304,0.52873987,0.20803851,0.39138773,0.414293,-0.6793134,0.08345832,0.14974725,-0.07438729,-0.11567699,0.3018041,0.4258768,-0.28156176,0.081848726
-0.49773633,0.13960327,0.062598616,0.49370578,0.62775904,-0.029036405,0.3893529,0.17205018,0.65476036,-0.23511605,-0.26504615,-0.16426113,0.21804127,0.16761062,0.6553778,0.16456519,0.13782562,0.18279284,0.118981645,0.38870385,0.49828592,-0.10701413,0.4490282,0.2625113,-0.36114144,-0.23825659,0.10881447,0.4665642,0.5611304,0.36991662,-0.48790774,-0.67231756,0.48397577,0.35503173,0.23058833,0.2999604,0.56839925,0.07519342,0.34449273,0.4983876,0.511399,-0.45400944,0.23317717,-0.26143652,0.18800263,0.49749386,0.57302064,0.45808315,0.046982903,0.2676879,-0.5218448,0.08598412,0.5688348,0.73337173,0.18671957,0.061984893,0.44141975,0.7564635,-0.13591528,-0.4571482,-0.068370715,0.19589412,0.27977848,0.2667537,0.405227,0.6292835,0.6223982,0.24862549,0.24069875,0.14308271,0.593178,0.09223397,0.52854884,0.67057323,0.04268486,-0.32561383,0.61756176,0.6110423,-0.48964196,-0.5323683,0.6487377,0.54460835,0.3785469,0.43118683,0.0,0.6541699,0.53260434,0.61671966,0.48286384,0.5880032,0.3712455,-0.5323691,0.64079005,-0.41202018,0.016388383,-0.0048456215,0.5075448,0.48351687,-0.07721809,0.3776318
-0.4190259,-0.07732809,-0.29852203,0.55755955,0.2538819,-0.34903517,0.17250727,0.21263413,0.24387623,-0.6038657,-0.55422175,-0.50733155,0.050479136,-0.14598684,0.32105815,0.1450106,-0.06527474,0.2949515,-0.14530288,0.08441974,-0.002240923,-0.19338292,0.31387857,-0.31417844,-0.650773,-0.65754896,-0.45536068,0.12532492,-0.00616182,-0.0026256517,-0.6771283,-0.40520313,0.8210378,0.5845326,0.15239343,0.2905586,0.62209916,0.15653977,0.1556799,0.18989544,0.690174,-0.70487684,0.060396865,-0.13175544,0.1441023,0.612072,0.5480806,0.7838281,-0.17401838,0.41597664,-0.52784985,-0.08640806,0.41014254,0.65301704,-0.18865521,-0.3443018,0.4543695,0.43032315,-0.6038555,-0.6669912,-0.523749,-0.04483911,-0.13478635,-0.043584403,-0.062012445,0.21126892,0.7830791,-0.021931222,0.39059412,0.23599017,0.1204968,0.09611599,0.42538548,0.41658548,-0.49863285,-0.6576837,0.11026551,0.35404527,-0.6473417,-0.2921408,0.80655223,0.926262,0.8209864,0.7796684,0.6541699,0.0,0.653047,0.759727,0.5296348,0.80095416,0.7682786,-0.77486897,0.5220293,-0.18393874,-0.3105221,0.24209599,0.71336544,0.75953895,-0.1930451,0.54476005
-0.51846653,-0.37932938,-0.44938454,0.13378687,-0.018133406,-0.40378466,-0.13448854,-0.2684259,0.09770399,-0.3846839,-0.5836409,-0.44281963,0.11811701,-0.24511087,0.4093833,-0.34745044,-0.18564126,-0.13320805,-0.23179284,0.37640724,0.07969091,-0.608461,0.019341735,-0.2441412,-0.66238725,-0.67079705,-0.37150505,0.1583976,0.19475447,-0.19426307,-0.6932042,-0.02400227,0.64638543,0.081564926,-0.2856025,0.7459891,0.9588182,0.5697511,0.41681743,0.42702463,0.82405704,-0.74394286,-0.179536,0.40953243,-0.23781581,0.75095075,0.6036716,0.6258856,0.07072242,0.81915355,-0.4611212,-0.39554557,0.13747516,0.41718125,-0.3196688,-0.32438782,0.06401895,0.28365877,-0.397091,-0.67272043,-0.4599376,0.058601983,-0.295685,-0.16482441,-0.026236543,0.2838515,0.8948039,-0.035523236,-0.12238799,-0.18603486,0.34153208,-0.345469,0.24806467,0.6850175,-0.42084152,-0.68278486,0.31040102,0.2936425,-0.7072847,0.13409096,0.43699953,0.73512334,0.80377036,0.26341304,0.53260434,0.653047,0.0,0.8779421,0.84133077,0.8487547,0.8318523,-0.59237224,0.6642934,-0.4989516,-0.47659743,0.72433865,0.79503804,0.9129343,0.19203852,0.91354907
-0.42606887,-0.21560016,-0.36076537,0.34022874,0.11905712,-0.37362927,0.10461462,0.010832261,0.21534432,-0.46555078,-0.48352447,-0.4359341,0.24352564,-0.1464003,0.44206443,-0.034443926,-0.040228803,0.1605612,-0.12939747,0.29892728,0.12156212,-0.321724,0.2662554,-0.22003022,-0.7064284,-0.6047892,-0.3608632,0.32837096,0.15522137,-0.00096463243,-0.6916058,-0.27072245,0.6894052,0.37826732,0.03579233,0.5426323,0.885313,0.29849714,0.23447494,0.28266364,0.7346709,-0.68821067,0.028915368,0.16301914,-0.07175568,0.6388049,0.63822657,0.7285119,0.010573852,0.5822741,-0.46355492,-0.23135673,0.3333769,0.54126215,-0.23923072,-0.3363555,0.2977962,0.3933754,-0.4708294,-0.58610463,-0.4408196,0.16363297,-0.10352441,-0.0664353,0.021737538,0.32851815,0.87113124,0.048558004,0.1968533,0.101257555,0.30956522,-0.028815553,0.44624707,0.56757045,-0.36954445,-0.65943396,0.30919635,0.44149202,-0.71845824,-0.15055485,0.6159097,0.76252735,0.77635,0.52873987,0.61671966,0.759727,0.8779421,0.0,0.7507734,0.7662521,0.75984246,-0.7373147,0.55497646,-0.36485776,-0.3612606,0.49222794,0.7137956,0.8476058,0.07965046,0.7169574
-0.1761028,-0.03517809,-0.093000606,0.15665467,0.13716523,-0.02685304,0.10850003,-0.09220813,0.25534758,-0.14102854,-0.32897782,-0.17306402,0.29650298,-0.101793885,0.46531048,-0.1493718,0.012376155,0.0669156,-0.08488937,0.6865189,0.28579774,-0.3952638,0.16647576,-0.03870503,-0.5549464,-0.48003387,-0.06552666,0.32567272,0.40368322,-0.036098737,-0.40499043,-0.011914697,0.45094073,0.08502957,-0.15777837,0.797768,0.841095,0.42551062,0.2934152,0.40518358,0.67678213,-0.59330165,-0.13820617,0.48280686,-0.027266107,0.5491003,0.62550235,0.51902,0.46440172,0.67348427,-0.09548479,-0.06822329,0.28553662,0.34836107,0.02941516,0.041224137,0.20664437,0.36798525,-0.17754014,-0.51367563,-0.20020658,0.2601947,-0.0921018,-0.08341252,0.08387585,0.34883285,0.83226866,0.01349779,-0.014186977,0.026485074,0.5224832,-0.17533536,0.44126785,0.73454446,-0.20594512,-0.51186824,0.5121599,0.43108824,-0.50800645,0.16721366,0.3976249,0.5590708,0.6725548,0.20803851,0.48286384,0.5296348,0.84133077,0.7507734,0.0,0.6384574,0.707744,-0.46764565,0.4544869,-0.50579137,-0.22315723,0.68673027,0.54794675,0.83529985,0.5424932,0.78109795
-0.7124502,-0.438621,-0.5756607,0.21775031,0.0049582953,-0.53237087,-0.23722853,-0.2701956,0.05922107,-0.5064841,-0.71658015,-0.600219,-0.10367348,-0.3474718,0.27084008,-0.34770197,-0.34876505,-0.19413231,-0.3552196,0.11841217,-0.10873224,-0.6486617,-0.073986895,-0.33644515,-0.58203167,-0.7175211,-0.5202555,-0.08154289,0.021439599,-0.27581406,-0.76042855,-0.09770677,0.7762209,0.14382021,-0.3027801,0.5809733,0.80960286,0.57752013,0.4689791,0.43751645,0.81827366,-0.74417293,-0.17200959,0.21060352,-0.1840575,0.80825144,0.48894742,0.6265095,-0.2083652,0.7631867,-0.68978834,-0.4753719,0.080364846,0.47760668,-0.4328735,-0.46042493,0.043688454,0.2756926,-0.50685006,-0.7494031,-0.59941006,-0.16943827,-0.40758482,-0.22710386,-0.14974041,0.14617276,0.8086974,-0.14162596,-0.1087989,-0.25870886,0.12929259,-0.3767188,0.091693744,0.61531794,-0.54710805,-0.6763895,0.101408735,0.13927197,-0.6851538,0.037943147,0.54062223,0.89063865,0.8463003,0.39138773,0.5880032,0.80095416,0.8487547,0.7662521,0.6384574,0.0,0.844997,-0.5877348,0.7931342,-0.36912462,-0.5108248,0.5620554,0.8909244,0.8347332,-0.1342454,0.83782786
-0.435628,-0.3717052,-0.5038559,0.2790774,-0.08997789,-0.48945534,-0.14345476,-0.09680899,-0.011055432,-0.6099094,-0.67628783,-0.58658195,0.04280258,-0.2853862,0.26198512,-0.21860673,-0.23067543,0.017194653,-0.26705676,0.15615828,-0.13473696,-0.5146532,0.059522692,-0.52263975,-0.7715968,-0.86589265,-0.61419153,-0.072740816,-0.10991008,-0.24706301,-0.73025835,0.05722314,0.8358314,0.29170308,-0.21992078,0.6111088,0.7871074,0.5788887,0.3747219,0.3025758,0.88501275,-0.8468059,-0.12004587,0.29840657,-0.13348262,0.7996352,0.6272475,0.78566,-0.07137392,0.79516083,-0.4322493,-0.3087633,0.1469399,0.44092432,-0.40172377,-0.43504864,0.18000244,0.19502193,-0.64224666,-0.7418851,-0.65111756,-0.060621843,-0.38524497,-0.2116121,-0.18165441,0.109223746,0.8675047,-0.1042506,0.028900996,-0.06283972,0.0648431,-0.25502983,0.22276306,0.4738781,-0.6821953,-0.84259206,0.034504667,0.1840814,-0.76109266,0.16181147,0.4277325,0.8376747,0.9414621,0.414293,0.3712455,0.7682786,0.8318523,0.75984246,0.707744,0.844997,0.0,-0.70604444,0.5491079,-0.38226902,-0.56766415,0.65847504,0.84703374,0.9126782,0.057542007,0.8549373
0.34418958,0.15161322,0.2739189,-0.6092005,-0.2156289,0.412376,-0.28645456,-0.32068306,-0.24758556,0.7857274,0.5578794,0.5773065,-0.14173208,-0.027970763,-0.51611036,-0.22349618,-0.0644206,-0.39878446,-0.023609605,-0.020314472,-0.1472558,0.094132714,-0.5049654,0.4145468,0.8496444,0.7494059,0.47848758,-0.23604675,0.013667259,-0.174116,0.7572937,0.38682124,-0.79569906,-0.6726884,-0.2463657,-0.17746533,-0.55809474,-0.11944692,-0.1085901,-0.0692671,-0.68422747,0.8142636,-0.1241418,0.22730093,-0.025816808,-0.61758506,-0.69369686,-0.8941677,0.19516541,-0.36494806,0.45542294,0.046097007,-0.54622006,-0.7239501,0.2185565,0.38199243,-0.5650812,-0.42686155,0.7389984,0.67812276,0.5711249,-0.02185008,0.01416649,-0.11447055,-0.11571118,-0.40310955,-0.7787132,-0.1804579,-0.4600132,-0.32905814,-0.1979005,-0.16216014,-0.5854998,-0.23421916,0.51594055,0.82647794,-0.18044993,-0.5155471,0.80237633,0.33208936,-0.5787386,-0.70215124,-0.67585534,-0.6793134,-0.5323691,-0.77486897,-0.59237224,-0.7373147,-0.46764565,-0.5877348,-0.70604444,0.0,-0.33933854,0.40498284,0.46384272,-0.16429299,-0.67625624,-0.70590776,0.15208942,-0.4695382
-0.87940955,-0.41102335,-0.43479085,0.08775572,0.1328824,-0.45420298,-0.21790323,-0.38147014,0.20427863,-0.26485428,-0.4684377,-0.3438269,0.0005281304,-0.14063095,0.38973823,-0.39527756,-0.23842466,-0.35758924,-0.1809714,0.16301596,0.099406764,-0.57939297,-0.045086157,0.022054547,-0.35027257,-0.40653646,-0.23537436,0.021430911,0.26469645,-0.042544767,-0.6721057,-0.16738927,0.56305045,-0.03574231,-0.24940798,0.5362946,0.69779265,0.62131315,0.74315876,0.7399012,0.6958424,-0.4960184,0.070939615,0.09853747,-0.26740053,0.7442852,0.47907433,0.34727716,-0.22822475,0.67946255,-0.7472094,-0.44469285,0.07675586,0.46381658,-0.31469494,-0.31697002,-0.08372164,0.37307256,-0.17482518,-0.49270782,-0.2922683,-0.011609141,-0.17001383,-0.00041470525,0.123995915,0.33817437,0.58915675,0.05481488,-0.2762336,-0.430771,0.29192358,-0.41161537,-0.00027706244,0.72796524,-0.18596078,-0.41908407,0.27696508,0.1795796,-0.59980667,-0.061059292,0.3076753,0.5779516,0.5063387,0.08345832,0.64079005,0.5220293,0.6642934,0.55497646,0.4544869,0.7931342,0.5491079,-0.33933854,0.0,-0.40694198,-0.28397268,0.35381243,0.74052954,0.5328685,-0.2052631,0.68209696
0.36584023,0.19624992,0.043385927,-0.17032503,-0.23616588,0.09631457,-0.05117947,0.13403842,-0.34766474,0.28547803,0.43259716,0.29666525,-0.05222383,-0.09243622,-0.60437614,0.26413327,0.08300674,0.1803479,-0.024484053,-0.38290754,-0.41388562,0.44818026,-0.13199592,0.038724814,0.42929357,0.4498656,0.008206405,-0.12807703,-0.42364657,-0.11299312,0.42962816,0.06690178,-0.34876814,0.08638341,0.23740268,-0.50982106,-0.4926978,-0.4640259,-0.4755275,-0.44423443,-0.5714832,0.5813806,0.10780211,-0.13457152,0.11171033,-0.5969784,-0.54237825,-0.3455954,-0.20335643,-0.5442563,0.26140958,0.10840066,-0.26570803,-0.4417679,-0.031658437,-0.075044505,-0.11838592,-0.4252385,0.23643483,0.5869203,0.24592794,-0.011336114,0.009490133,-0.13334726,-0.35456887,-0.530134,-0.54764926,-0.18094577,0.25957045,0.22993617,-0.52757835,0.40915164,-0.22617035,-0.45930323,0.1996651,0.5296889,-0.5163179,-0.3361566,0.5256495,-0.029460482,0.03495833,-0.21277207,-0.26192486,0.14974725,-0.41202018,-0.18393874,-0.4989516,-0.36485776,-0.50579137,-0.36912462,-0.38226902,0.40498284,-0.40694198,0.0,0.43083012,-0.31890234,-0.4854173,-0.45564827,-0.24675396,-0.5357119
0.4882355,0.70954514,0.6980269,-0.037732106,0.3727411,0.64185613,0.4845943,0.323769,0.3268001,0.6946829,0.85370016,0.88114226,0.47850597,0.48287842,0.049278393,0.510781,0.6298715,0.3613618,0.50866944,0.3165496,0.41389152,0.6816485,0.33231094,0.7443977,0.48453686,0.77625245,0.73519474,0.49210072,0.42738825,0.5212612,0.5891817,-0.2807535,-0.54986376,0.061003733,0.5165572,-0.28520817,-0.35437733,-0.53247565,-0.21968707,0.02005319,-0.5460282,0.66156983,0.45409477,-0.24022195,0.36248013,-0.60201794,-0.14565657,-0.4717705,0.39162186,-0.5871566,0.50939727,0.6415021,0.2685033,-0.15543766,0.64961386,0.6006481,0.18345805,0.15207292,0.7388873,0.7399081,0.88897383,0.5728245,0.6779965,0.41781917,0.3834309,0.17442591,-0.42985916,0.32473525,0.33206758,0.41799876,0.28392485,0.58259284,0.2627316,0.046574786,0.8289705,0.7185414,0.32721218,0.27267167,0.5280054,-0.26105368,-0.007866904,-0.48671,-0.53952575,-0.07438729,0.016388383,-0.3105221,-0.47659743,-0.3612606,-0.22315723,-0.5108248,-0.56766415,0.46384272,-0.28397268,0.43083012,0.0,-0.4945116,-0.642437,-0.5280193,0.24075437,-0.56711835
-0.23146391,-0.4636283,-0.4750337,-0.26034585,-0.4151864,-0.2908919,-0.46941054,-0.5019398,-0.27991533,-0.1244669,-0.46782982,-0.34043914,-0.054278977,-0.48822477,-0.031690475,-0.61207086,-0.40346673,-0.3815242,-0.4464786,0.29850844,-0.25013202,-0.7162028,-0.40514588,-0.3717748,-0.3694473,-0.51340884,-0.36422327,-0.18474428,-0.07133263,-0.55578345,-0.3088445,0.52292144,0.3238691,-0.3183185,-0.62395513,0.7735592,0.67609364,0.68930554,0.3069427,0.23383969,0.56735617,-0.4486637,-0.46491417,0.8442836,-0.31969443,0.51543266,0.23907904,0.2919181,0.20453188,0.80697244,-0.10591406,-0.494616,-0.29631668,-0.10206471,-0.38767794,-0.2515718,-0.3086739,-0.16243948,-0.22348596,-0.44704056,-0.41350907,-0.08990577,-0.5747555,-0.48409954,-0.365633,-0.16057046,0.55071205,-0.32630202,-0.45652345,-0.4090896,0.027679179,-0.57371145,-0.1481039,0.4283119,-0.4493129,-0.44392452,-0.0073175994,-0.14977698,-0.32355225,0.633957,0.01717336,0.42896065,0.6170787,-0.11567699,-0.0048456215,0.24209599,0.72433865,0.49222794,0.68673027,0.5620554,0.65847504,-0.16429299,0.35381243,-0.31890234,-0.4945116,0.0,0.5262297,0.68708503,0.39953223,0.8173793
-0.741638,-0.5429673,-0.6127434,0.25365064,-0.044352647,-0.6426575,-0.2502049,-0.23816194,0.02191953,-0.6908867,-0.77879417,-0.68100363,-0.09870974,-0.2309484,0.34549892,-0.364967,-0.30405894,-0.1984841,-0.25185835,-0.0026316985,-0.08766526,-0.64336306,-0.012080861,-0.47397834,-0.70631516,-0.83969635,-0.6062117,-0.11423977,-0.060827333,-0.20735182,-0.8317622,-0.056926798,0.82766974,0.1790459,-0.30389556,0.5126855,0.7531733,0.6440781,0.5343896,0.4103653,0.88210726,-0.8457462,-0.12966771,0.15101324,-0.22632983,0.9309684,0.57727516,0.6949674,-0.31031463,0.80392563,-0.7167945,-0.46804658,0.11835258,0.5307322,-0.5056554,-0.5394589,0.07622862,0.24267602,-0.6519875,-0.8156267,-0.6878568,-0.17533565,-0.37784415,-0.10672515,-0.050184872,0.2220238,0.7899932,-0.0050059254,-0.11553285,-0.27059337,0.10112665,-0.3927475,0.098857746,0.48979363,-0.63894105,-0.83033055,0.06334983,0.17036629,-0.7984207,0.049865086,0.36913213,0.78845555,0.78711355,0.3018041,0.5075448,0.71336544,0.79503804,0.7137956,0.54794675,0.8909244,0.84703374,-0.67625624,0.74052954,-0.4854173,-0.642437,0.5262297,0.0,0.8010038,-0.19178694,0.82847464
-0.3923878,-0.28931382,-0.41271344,0.28532717,-0.0004453517,-0.37338614,-0.057946023,-0.09057824,0.080181316,-0.5247578,-0.65413624,-0.53318,0.066234015,-0.2486119,0.35807195,-0.2072976,-0.17206085,0.035934806,-0.23233564,0.31205013,0.0068191895,-0.5224164,0.088416494,-0.41992086,-0.7492606,-0.8031265,-0.47230053,0.07793011,0.051680084,-0.2154982,-0.67233473,-0.027630175,0.7423562,0.24795918,-0.21525373,0.6596898,0.85646,0.48362127,0.28047523,0.26294163,0.8287418,-0.83494806,-0.21699964,0.33901888,-0.09190171,0.73814243,0.608571,0.74854445,0.0723854,0.7581081,-0.3827387,-0.27318802,0.21949011,0.4623991,-0.28949586,-0.32240823,0.21602798,0.26888886,-0.5712225,-0.7752288,-0.57929134,-0.015414218,-0.32739168,-0.1849853,-0.100919425,0.20544939,0.9276409,-0.07292097,0.04289077,-0.021580076,0.23285292,-0.24076684,0.32772058,0.55649984,-0.5877812,-0.7913063,0.20275687,0.2916073,-0.7065565,0.121420965,0.5101241,0.8230373,0.9034046,0.4258768,0.48351687,0.75953895,0.9129343,0.8476058,0.83529985,0.8347332,0.9126782,-0.70590776,0.5328685,-0.45564827,-0.5280193,0.68708503,0.8010038,0.0,0.19162013,0.8710218
0.47763208,0.36319172,0.43431312,-0.1512317,0.07595228,0.5271007,0.21745308,0.015628727,0.16783437,0.4181186,0.31561318,0.42581254,0.44413096,0.15513039,0.20272654,0.004198812,0.29346412,0.12650332,0.19245882,0.7775359,0.3689355,0.02761622,0.09509131,0.26158187,-0.03033655,0.13059564,0.4455033,0.3607893,0.44918782,0.089458995,0.32561573,0.26552314,-0.2731489,-0.22050816,-0.0848068,0.49514756,0.22553965,0.08884324,-0.053879056,0.10742658,0.02384838,0.049910735,-0.13760513,0.5355813,0.12924871,-0.1040838,0.2064336,-0.08843265,0.8976043,0.1670781,0.6282933,0.33766693,0.14864002,-0.17313324,0.45150977,0.55760217,0.07728894,0.08705383,0.3546593,0.12621708,0.37911296,0.46972096,0.20690106,0.049614582,0.18448313,0.17759082,0.17302679,0.09360687,-0.07836625,0.15222436,0.4686243,0.015975766,0.3119963,0.33782238,0.2718583,0.09792621,0.46905798,0.26606786,0.1501648,0.36354235,-0.15685844,-0.20003143,-0.00043734547,-0.28156176,-0.07721809,-0.1930451,0.19203852,0.07965046,0.5424932,-0.1342454,0.057542007,0.15208942,-0.2052631,-0.24675396,0.24075437,0.39953223,-0.19178694,0.19162013,0.0,0.19313528
-0.55762,-0.500831,-0.5315353,0.017520523,-0.15222204,-0.4553052,-0.32468534,-0.41241783,-0.037529953,-0.38442078,-0.64542365,-0.48851103,-0.010849496,-0.31278282,0.29555872,-0.5274502,-0.3142786,-0.3107686,-0.30780673,0.29471347,-0.049279273,-0.7619101,-0.16611673,-0.35036302,-0.60012156,-0.7206139,-0.44260412,-0.07001769,0.082473345,-0.3408836,-0.6561853,0.18648544,0.62732774,-0.08191253,-0.48761016,0.7958364,0.87506336,0.76166403,0.5259117,0.46789983,0.8465387,-0.740737,-0.28593317,0.5260838,-0.30474302,0.8119472,0.5316173,0.54811144,0.035936873,0.94586736,-0.44124615,-0.48705497,-0.017204069,0.30482128,-0.41196382,-0.35380098,-0.09233846,0.15261996,-0.4002774,-0.69576883,-0.5186628,-0.05656611,-0.4400518,-0.23898247,-0.10560328,0.16176343,0.81418216,-0.102192335,-0.32089117,-0.37430412,0.21857537,-0.5385826,0.051628303,0.641207,-0.5166482,-0.6980886,0.17917874,0.11556565,-0.6602123,0.3301769,0.24457,0.67650676,0.78668106,0.081848726,0.3776318,0.54476005,0.91354907,0.7169574,0.78109795,0.83782786,0.8549373,-0.4695382,0.68209696,-0.5357119,-0.56711835,0.8173793,0.82847464,0.8710218,0.19313528,0.0
