0,1,2,3,4,5,6,7,8,9,10,11,12,13,14,15,16,17,18,19,20,21,22,23,24,25,26,27,28,29,30,31,32,33,34,35,36,37,38,39,40,41,42,43,44,45,46,47,48,49,50,51,52,53,54,55,56,57,58,59,60,61,62,63,64,65,66,67,68,69,70,71,72,73,74,75,76,77,78,79,80,81,82,83,84,85,86,87,88,89,90,91,92,93,94,95,96,97,98,99
2.0,1.4925734828604145,2.0060226517780153,0.7456953248566909,1.3084012790562924,1.530788444732336,1.2274346255188129,0.6588542965693701,1.033101146407832,1.5050728127954298,0.9713793031064795,0.7285677699230432,0.30478449571609284,-0.8738960287642853,-0.1327450901930897,0.7374506932633231,-1.5834884693399731,-1.8014048369427815,-2.0974164259982437,-1.1919286848671558,-1.6048930623479518,-1.4365261418550284,-1.7045865946068206,-1.04952390438466,1.39423541496886,0.1645528402086338,0.19552884389822028,0.32825409771238157,0.6163461654135699,0.42046061433905746,1.8195958393328295,1.8666115562912533,0.7360667219504586,-1.0743886992823892,0.10195559140297139,2.0770690695312055,1.5827183881021374,1.1507592416622885,1.093976028682823,1.086052424349141,0.5167159091820309,1.6813521600692307,0.4149688942042414,1.03485060384663,0.21030326304464642,0.8644472171097726,0.9220470343119,0.1448429335201141,1.936991138743486,1.1076557735342436,1.0477033969124314,1.611914996587306,-1.1006489545223328,0.797051600802636,1.5740210140778155,1.4973669893714139,0.6437341606664599,0.8797492879716019,1.9898452537078735,0.9352380309366382,1.1372481217451793,-0.010471158023445615,-0.03111697373075442,-1.2383284467066271,-1.5180078643668984,-0.2032230646691392,1.231004771479875,-1.8754315935341497,-2.524252078631207,-2.267200469148007,-2.09214856114061,-0.6834511465686359,-2.177596883459797,1.7861975875184144,-0.339589074863863,0.7061002397471657,-0.5419377786452129,-0.7164208959519587,0.8871306626615008,0.9794551632610169,-1.7941084107550997,-0.6588351866415847,-0.4297103100877655,-0.27180498973935663,-1.4864467116982778,0.07776300904532663,1.320350870302025,0.32062301225158574,0.7498864733156141,-0.3143008728582728,1.3847498977983677,1.612828670296266,1.8525674694596819,1.6270724017021339,1.1238125797466805,0.9660369375646409,0.535103201599742,-1.2608953148784425,1.8326541660984987,1.2613183491729378
1.4925734828604145,1.9999999999999998,2.757210379642569,3.1879002805723613,3.581601006039569,2.7663873748621435,0.8345158990742032,2.869492003218401,2.159412067604684,1.049303533952303,1.073648696175136,0.9238402239566567,-0.5065159378258817,-1.013866200947485,-0.8535338219195601,0.6841795149544739,-0.998344437629445,-0.6914423027271375,-2.2758470947284297,-0.3900458162213587,-0.5110752748067624,-1.8708348601493563,-1.9119256253687484,0.1995558269305894,1.3467247779135332,0.8808302520482112,-0.5072730424329857,0.13945389803769814,0.6979816251052864,0.015082925987590617,0.2669976611311874,2.112166717645452,-0.9792113962678597,-2.216688794470449,-1.579227783260169,2.1698155617630146,0.46769966142236197,1.2212230602201495,-0.19933344676962328,-0.1210275745068985,-1.2947615915045974,-0.014025535447409095,-0.768782098426227,-0.2526247904227371,-1.1516082957833427,-0.8757385727071495,-1.039616636056011,-1.7901470403049577,1.665118068779659,-0.3186536101835319,-0.33928195358146873,3.6345006671817024,1.0407521124905952,3.059525858887967,3.0572293297040396,2.600205674423118,3.0757251705601174,2.673226484839549,1.937598322598313,2.0014713641223745,1.0397495538539858,-0.8682361256545064,-0.6168627629303127,-1.4395656228183753,-0.573779294389604,-0.41737291726032677,-0.1387814939738092,-1.9750398585466942,-2.2494408221299,-0.9730598697651608,-0.7009198065794863,-2.0357717441537426,-2.162297171281323,0.5739810697026166,0.6937567578395536,1.4713222147436538,0.6668240991098042,-0.336798918967692,-0.5701702898699792,0.859298869338616,-1.1069551394138513,-2.464064405461948,-2.2054235970899887,-2.140210369101199,-2.164822892898711,-1.9756088629298623,0.497425834538359,-0.9968137638412757,0.1597415426698814,-1.5284180435110915,0.2130046161940072,2.245660025064323,-0.1693123285796671,-0.143501998775138,-0.3781763606717597,-0.5362037453866153,-1.5546003341438175,-2.660793296446653,0.7699313125435523,-0.0935180107865817
2.0060226517780153,2.757210379642569,2.0000000000000004,0.9855860499573186,2.3432652860192844,3.458265904104328,-0.1510821616369353,2.447981650620678,3.2417854977756178,1.4907336962274704,1.419650092317244,1.1556820152280811,-0.0361169465454195,-0.5772258315872724,-0.1662230414109588,-0.32366197649831474,-1.0099428246765894,-1.081190533550096,-2.077714991807572,-0.6344094423949114,-0.4169645538533455,-1.790541600654263,-1.5780317817147478,-0.0676975246634468,1.6934277669523707,0.9452094157766671,0.5326797257466578,0.7660215187012797,0.5523692008133659,-0.0044067919697330996,0.530738950943441,1.5133120020301112,-0.7447449873934817,-2.280450732953035,-1.140925889277645,2.730580503333843,-0.1355333801031352,0.9232279270610418,-0.1904204612463274,-0.1348157610829303,-1.2520182784444627,0.2675551918959288,-0.638073803252976,-0.0423579726698766,-0.9004091366026995,-0.3629190536823679,-0.678151763617692,-0.9023067804424882,1.6270202031619845,-0.8563913573998216,-0.31382169455219006,2.94663907515849,-0.12329801352983788,0.9020383690266851,3.4366333418376813,3.512188411896921,1.8897252434438596,2.685840280124582,1.8748287713297254,1.9885126601085252,1.5101500920523505,-0.1365503089470827,-0.0256807654888001,-1.1898460458699711,-0.1653394817736585,0.2742297080017304,-0.5323730481659855,-1.3672502648828315,-2.135575518149366,-1.5629064713842722,-0.3851945554901919,-2.051900730947797,-2.0389997752592572,0.2057866841666548,0.6966039001443758,1.4292483275201957,0.7138439677597654,-0.0651606965567407,-0.7375068572918981,-0.06388270910058148,-1.015891117330386,-1.983907416884981,-1.4381061142065759,-1.421118097810027,-1.4335720499445765,-1.828624638198591,-0.1417390043007619,-0.1346470588302363,0.17006807700174392,-2.3017691856783205,-0.41460619760120854,1.5511126857425297,0.04286291485554092,0.2505970974934434,-0.31921215018383253,-0.4658915828214403,-0.7976787085046824,-1.8345770098178682,0.9183896391970869,-0.8509592701330626
0.7456953248566909,3.1879002805723613,0.9855860499573186,1.9999999999999996,2.996399980431602,0.9357522479587217,1.417473665025137,2.0292650417268723,0.23258322063326997,-0.008541113411399497,0.0471107353964305,0.0785228540529705,-1.0364161057011438,-1.1453296231593706,-1.3853374220943464,1.1490017609308267,-0.7969928854194869,0.4153119135571107,-1.4255647912698213,0.39963778852171206,-0.4579682951437025,-1.3322039686721472,-1.474977044362512,0.017377960065849594,0.2842870707396317,-0.0507342146857753,-1.7097992528142665,-0.9994074105590899,-0.006395797384702195,-0.5412368564588792,-0.206984108203817,1.824451935503286,-0.6912331002441077,-0.8855622741684281,-1.374914775296944,0.9321041211557087,0.33225254452646863,0.7417974098665419,-0.2877011278371607,-0.201472811208307,-0.7885541206381275,-0.6225996923306121,-0.8371196962933448,-0.8221702848175618,-0.9479116682970565,-1.357050417201307,-1.0614615137056724,-1.6722009421356785,0.9126068258161661,0.09971799182482183,0.0839720655293519,2.641473601671643,1.9874357524283965,3.751043515327918,1.5855623187647427,0.7567779482872549,2.9378480599476178,1.4356291537520294,0.9177329661841256,0.8869672380248883,-0.05708112280115529,-1.4000339893856484,-1.1870708873864548,-1.152925108352,-0.773494594364837,-1.2392839808094733,0.2973816504938605,-1.6069868755342103,-1.1891648192708917,0.31074091267355153,-0.5751082496703028,-1.4339610266829563,-1.3246491845969623,0.34402546807925277,0.0773490072817903,0.5217995822475575,0.0399063145010532,-0.776494060945575,-0.2490335741862581,1.3172842106162075,-0.7417163809593961,-1.5269476320664488,-1.7440775461437723,-1.9447190014779778,-1.8911800933432912,-1.2001701146654775,0.39611944067892607,-1.84093039652333,0.33321010212362445,-0.39117722513662123,0.46142654983499,1.726649893866249,-0.4643035380469604,-0.5704146521342002,-0.6419579185551774,-0.7512866449523119,-1.879293710974375,-2.2922732338641048,0.4380242512253161,0.4193766300773798
1.3084012790562924,3.5816010060395684,2.3432652860192844,2.996399980431602,2.0,2.405508684562968,0.3592887416903929,3.039325785999208,2.102671406076158,1.08907931561646,1.0207102628554048,1.0640429932393007,-0.5200320164455976,-1.2753544599368178,-1.2446478302201927,0.09292177814932889,-0.4802761359078569,-0.7792075674187973,-2.1668958825050164,-0.3287916350758797,-0.1459924703876554,-2.2530287458064215,-2.1491684069624033,0.7197178593075472,1.7810134206673405,0.9452325304748266,-0.8122472961413107,-0.23496607537576408,0.5701990019351466,-0.263323942112631,0.1681334863164598,2.3771202399847557,-1.3836974293633235,-2.3056190429199916,-2.397288860432898,1.9482167668466004,0.38377602589658905,1.2919075419873947,-0.7300301618835647,-0.6389669323754505,-1.6941119598600842,-0.39934010438918066,-1.5166702312731961,-0.6106747401673311,-1.7563289304598562,-1.3641557639785404,-1.6776253157401373,-2.3706361633026307,1.116780453069007,-0.6436845115339863,-0.6562286539117461,3.390964229929123,1.1083873423729642,3.1856453230509656,2.9320670708444156,2.2579708539677488,3.16755179143512,3.050339831395269,2.198711723839946,2.3360798373424934,1.4452409622396196,-0.8657019196220384,-0.525701674489369,-1.6577178920640385,-0.3995514776464882,-0.7803790444105726,-0.35941844669928946,-1.9789849431337405,-1.8025836906481194,-0.8669064528739249,-0.403260889075083,-2.2489428028778193,-2.0313803611802204,0.2641108100413422,1.2055888863559592,1.9830746454214876,0.8780181991644254,-0.17103479014972342,-0.2753078666112187,1.2615543221703092,-0.4092164061646005,-2.5219065793212807,-2.049728363136616,-2.541526132760259,-2.058685293240261,-2.322075447757572,0.5872897281355707,-1.3304102625176535,0.2037404823939196,-1.3306134201647573,0.454040432289057,2.5616602042039145,-0.44033925159846266,-0.3750118677447619,-0.6670642080784777,-0.8195709417005426,-1.854979123507909,-2.8650470051753616,0.2490462299272182,-0.3144663342749735
1.530788444732336,2.7663873748621435,3.458265904104328,0.9357522479587217,2.405508684562968,2.0,-0.050993226108400805,2.0531340309468384,3.3963475828410874,1.3603754984282534,1.7299884423821958,1.311347182966193,0.3927825572748075,-0.06473850532854668,0.41690696461736076,-0.10482377512960321,-0.9005436317431111,-1.358908745824398,-2.03790548253769,-0.907611631917868,0.0844177701446773,-1.5067704387518979,-1.4809580332063368,-0.0853066033927319,1.4627335205271148,1.1457542740619684,0.5222738583875391,1.063999332187355,1.043188806697066,0.364918335475773,0.5136957501232264,1.1100627182960898,-0.6463497878280589,-2.4310165679751137,-1.0635247968879638,2.3312889098876592,-0.27307094797710474,1.0311069806048454,0.04255631650099369,0.2291980948274974,-1.1508768455628324,0.3103474305981297,-0.20778683230147343,0.2713541542943724,-0.7593103407836956,-0.27247086366134643,-0.5682082012579794,-1.0585131951102125,1.8302974131472092,-0.68586351397531,-0.7779751326064808,2.816242807716754,-0.2104403037761461,0.8837274092796708,3.441752443224448,3.6078579408021585,1.5300904271042066,2.3190313010850545,1.5773176144585181,2.119696336346795,1.4856726628908996,0.33791507690075834,0.18000992392285478,-1.0161680650405434,-0.1182765885390711,0.904520199816089,-0.47680088393923387,-1.2573945457392028,-2.2804771969374524,-1.6965424133712517,-0.3018698679543447,-1.8817829284612202,-2.0994109046525837,0.2558806345283597,0.7231699965425968,1.1786574134998904,0.678670600498544,0.045807537654007,-1.087587359799249,-0.5418003360854708,-1.2837730267571141,-2.225671274082421,-1.5341151434713538,-1.4265548958936738,-1.6057011014569544,-1.9888502203224636,-0.4383256285688277,0.032631293086037794,-0.2359942404758798,-2.4793667701195794,-0.8071895633740881,1.2665952695478195,-0.2062535776003666,0.024006678503428698,-0.1625931614608448,-0.2414757659539786,-0.9664854470927892,-1.98137285220583,0.8501561848897455,-0.8016951749424905
1.2274346255188129,0.8345158990742032,-0.1510821616369353,1.417473665025137,0.3592887416903929,-0.050993226108400805,2.0,-0.3646198075000392,-0.9722564349070255,-0.3559024763073972,-0.4333815174523188,-1.0538816031299632,-1.051434183219139,-0.447711967853056,-0.0758294950509556,2.540082343671087,-2.135080771083555,-0.4679169575773311,-1.1586601998959218,-0.2929182708830978,-1.6562665357624526,-0.7786245918356632,-1.0823377878400162,-1.8915459439167024,-1.2330498873234885,-1.6055366552040375,-1.2431327310154954,-0.8783099776331533,-0.05626643946740423,-0.2844732466916944,1.3328698392196814,0.36418746974693367,1.3517412337847112,0.33628188081072896,1.4069460297191372,1.0303850219508126,1.6334017980201094,0.470291881766962,2.281209675071258,2.497611708864806,2.2741246393707946,1.4210164904586429,2.0167379150667273,1.540824208513483,1.5487021219585393,1.5199379167905103,1.87979221735211,0.8774203412076094,2.4096442375448612,2.9565909746445564,1.0721315778025593,0.6614547820410617,1.3474009199906198,1.3633737009526803,-0.1449470793238469,0.007673813702975502,0.7659134495954164,-0.8890425549445324,-0.1708066512619827,-0.8367764564495406,-1.3832284852447823,-1.2118823654727597,-1.443324288216031,-0.49401592789203763,-1.929197687019762,-0.6262474697674923,3.220021058489906,-1.1098253269354266,-1.7678255896084218,-0.6314557793328586,-2.006469921756434,0.4921425623493641,-1.490823562457417,2.188207226829217,-1.6411329189679456,-1.492782098269838,-1.5646547416232273,-1.8477968078130809,1.2367759667385538,0.6088511135448721,-2.2874957136240743,0.4520697707956843,-0.1164311232841238,0.8762128609885771,-1.7860498972412775,1.1663866098426132,0.812172456794986,-0.554589388096904,1.6618967891995644,1.2115232328250842,1.1351596401366586,0.2180556312194039,1.6504073363886858,1.776919968024826,1.7567101481362268,1.7682503911999214,0.8290000526604409,-0.7764400150843491,2.555442835537747,2.947094023556537
0.65885429656937,2.869492003218401,2.447981650620678,2.0292650417268723,3.039325785999208,2.0531340309468384,-0.3646198075000392,1.9999999999999996,2.655475386300104,0.5416583045466545,0.7679884717925266,0.5745033631566565,-1.1169548858494238,-1.0794613884423376,-1.3644679636553119,-1.005017810151244,-0.0360891307998077,0.3987079703388781,-1.3684935793663424,0.5330593817047724,0.421907900341624,-2.0023451314492218,-1.118555179070303,1.1838640861875258,1.7190101758925846,1.2178687951026832,-0.15545013914490202,-0.2790424620682242,0.3517531512603219,-0.7125042449408376,-0.6832509058189044,2.3360653269868603,-1.9281889975489888,-2.1861129259433003,-2.3331270249863643,1.9217459038256233,-0.6246599335030671,0.6800451668842381,-1.6840449287441124,-1.6756634288113794,-2.251536098457204,-0.8576105978918251,-2.0208480480231357,-1.171736085054333,-1.905881193662727,-1.8292024269501463,-2.2741789456376997,-2.0710837867918235,0.034181869703801195,-1.7216881818083216,-0.5435227714944769,2.9085192654854235,1.3017168969700772,1.96648930769916,2.6540176920119714,2.11680377632041,3.4177536168372233,3.599500722221263,1.5060666925499082,1.8747343809558044,0.9938440632947292,-1.1750204995994615,-0.3769449663233879,-1.2574100533480932,0.6406841996004753,-0.8138865348917519,-1.1645390786711298,-1.2928045740006353,-0.9554568613303507,0.0746475414428831,0.8696046529690824,-1.9777037483387252,-0.8790809939955712,-0.996702348546466,1.4242471025485135,2.1305206008437567,1.5485273502489412,0.3677219517262386,-0.9321457834761987,1.1375570432736462,0.4480376426806523,-2.4005314043610118,-2.023442942069085,-2.1922143470034863,-1.1418998893171437,-2.3694436251870465,-0.08846575538324769,-1.195704866087066,0.22294007431910498,-1.835178970940425,-0.163977653882751,2.1770573185971402,-1.4848605765291678,-0.6772780634753434,-1.344235657589668,-1.420926427647282,-1.9972676063298942,-2.057120806872952,-0.6706436745275872,-1.3416937697741276
1.033101146407832,2.159412067604684,3.2417854977756178,0.23258322063326992,2.102671406076158,3.3963475828410874,-0.9722564349070255,2.655475386300104,2.0000000000000004,1.2303935285631062,1.5923844328730563,1.2864433319997919,0.3399912137784971,0.09221580089263381,0.45331586910494515,-0.8809170138578918,-0.2162415635541006,-1.0332976765566626,-1.5492292952929714,-0.6918233261152726,0.7178664332205762,-1.4224539203870026,-1.0264999732984912,0.6140641686502859,1.7669344216687581,1.4905558260844072,0.9609714523538763,1.0287322340718843,1.0848858883850792,0.3187971148020624,0.1303872548142196,1.1298810162105644,-0.9908204194029608,-2.4356151963239587,-1.3803854206162969,1.978111191271104,-0.6891809815852572,0.7768243861428319,-0.5827499827715368,-0.4877313304414007,-1.482092927399127,0.0239428754732074,-0.7210001364614719,-0.030560306635910722,-1.191822287738896,-0.4950711202044169,-0.9979504429254811,-1.1446118038569624,0.6693817120018317,-1.481074837526504,-0.9495565844690533,2.2186814986000343,-0.4986992743678027,0.10081102884074211,2.991308734827809,3.2741426944628333,1.3989112028689712,2.9034918618590817,1.4805472673768123,1.9936007918398853,1.7023059226396224,0.303022103576399,0.6384305070027477,-0.8900043037136526,0.4610669653351343,1.0337910019595173,-0.9542559210991859,-1.0226396518818737,-1.6753652601389093,-1.4599238565313506,0.43555921635658573,-1.6536013135154985,-1.5197268806693471,-0.42106397927880884,1.194496463646076,1.6751061036980643,1.2733181767841646,0.6318590620613419,-1.1094022181274745,-0.607794280236766,-0.3364059098762811,-2.0004220407109594,-1.1405823415113767,-1.1954110631462849,-0.9419207689422919,-2.022041270492584,-0.7047164617581247,0.1669868463497826,-0.4733013486659834,-2.440704988637493,-0.9011090867283196,1.1162006125761805,-0.6010264332100909,-0.1947130618553995,-0.44015767522017324,-0.5279933581139669,-0.8904720247954219,-1.5462586642783762,-0.1669957380198836,-1.5784786437102272
1.5050728127954298,1.049303533952303,1.4907336962274704,-0.008541113411399497,1.08907931561646,1.3603754984282534,-0.3559024763073972,0.5416583045466545,1.2303935285631062,1.9999999999999998,2.9899514268680187,3.3539561120986354,2.5707410189824476,1.4712805939608644,1.7331195272920432,0.04886374904928692,1.1033087837627085,-2.2882006444097196,-0.28382980367774613,-2.25105522641641,0.7331078256503318,-0.06334451479776071,0.3147522627955352,1.44718453891292,2.801118986810586,2.5551305919646583,2.028905061672786,2.641177135818682,2.4072115972590504,2.6341625110475273,1.3200810876517433,1.3622402209877758,-0.28200701866121936,-1.897062591205751,-0.46855904223601097,0.3603931032981346,1.7192067813688092,2.7851657299865606,0.8319483116623608,0.8355397971199134,-0.7465260181582154,1.9692931904324746,0.25208367356698996,1.469504918535524,-0.7841685050806965,1.1359557593584781,0.11191706617146449,-0.6424679337146821,0.3822544919713864,-0.1254320765592406,-1.2611702556104656,0.8624452310562305,-1.1019524829201786,0.009920305184004895,1.0314885372110758,1.1620868773738955,0.12055411647565831,1.1481961482910208,3.18921273504011,2.6441762694219553,3.0864851533180646,2.1531198477384534,2.565947757624688,0.6643219203747692,0.797674560941759,1.7519283929167155,0.041447841286288714,0.35124547059912287,-0.9746013824280054,-2.2070458601463234,-0.6551688374123904,0.18592966533815813,-0.4477117755168379,2.1908419465364153,2.214179519139648,2.2883873029424455,1.6650117280369119,1.9427995399693856,0.066772455513223,0.6034282708528622,0.0672715822070645,-1.573161571191253,-1.1083555997892467,-0.20775721930618568,-0.142381120033383,-0.5510050191271588,1.8142355028318384,2.067475702004282,-1.595384917497272,-0.25901987608457033,0.9721989180969746,1.9055402005295383,1.9341311488615403,1.127811117165697,1.1531087874087227,1.1004276199698462,1.230013193165286,-0.7334292366351602,-0.31157706340236246,-0.1175909403275061
0.9713793031064794,1.073648696175136,1.419650092317244,0.0471107353964305,1.0207102628554048,1.7299884423821958,-0.4333815174523188,0.7679884717925266,1.5923844328730563,2.9899514268680187,1.9999999999999991,2.9684695347898344,2.030404711283973,1.8396226831408353,1.7576952891872826,-0.2648395790224821,0.8677421713221727,-1.9343425978140232,-0.1105512325620412,-2.118244911686557,1.1456324734030294,-0.31076051819862516,0.1835012104816355,1.0165743156135059,2.529409407735702,2.5089770426194073,1.3906740799302195,2.3445638951679664,2.3509307842427822,2.0052056015248727,0.8515462239390605,1.4724413327155452,-0.30938959296942903,-2.1058015862443913,-0.5590305658391272,0.2962985174950698,1.1570966574011745,2.468443236376732,0.7602467739424627,0.7448908584214056,-0.8821948412861302,1.5587145266106113,0.2961863501842661,1.1963585250559732,-1.233912218211936,0.42115918210638104,-0.2552172741120352,-1.181011548890588,0.3603120205293862,-0.39811906639993844,-1.1207383612842026,1.003332821366619,-0.5194739161215628,0.05690490482410811,1.192211362551874,1.4234999982376797,0.3846325665845889,1.1074333544828656,2.6119168720376136,2.5784620126039948,2.760461378645498,1.818440007141492,2.2996469133526163,0.8791086912999357,1.2195280825800183,1.8788830457274042,-0.13581143489954378,0.5596936094251631,-0.8864851032441137,-1.8392864260270907,-0.29034588928575683,0.07962799746016541,-0.34332580014993147,1.3526672157839037,2.0348907264351803,1.928922636128924,1.792086237083261,1.6698485536098957,-0.6654960386804344,0.4043451597549419,-0.0431559275322047,-1.6741471508037806,-1.2135573479589634,-0.16601071331498143,-0.47645141105928235,-0.712626411887773,1.3392886569339,1.7319906577885704,-1.498341487256989,-0.7122756633825753,0.5377309117203751,1.6234829851755588,1.127041121181695,0.8207295361343762,1.0904822735785447,0.8212308698515508,0.4780945514849333,-1.0686007627861862,-0.4699858164142625,-0.34253400675526646
0.7285677699230432,0.9238402239566567,1.1556820152280811,0.0785228540529705,1.0640429932393007,1.311347182966193,-1.0538816031299632,0.5745033631566565,1.2864433319997919,3.3539561120986354,2.9684695347898344,2.0,3.0601118296750744,1.9538382298631656,1.9009900875868944,-0.4586350831080178,1.9643112140472705,-1.773871267341768,0.349767381802323,-1.9522020772498263,1.60513433465611,0.2751232539136862,0.6967047302914974,2.0868768335242684,2.586362591505404,2.9976385677243904,1.8092743047601338,2.614720324320936,2.5989515605625604,2.675054347016848,0.7033036541682595,1.2211431174044567,-0.7668381029508013,-2.0827835756402875,-0.9500056215825451,-0.18338630254967372,1.0426004297013753,2.405235654794965,0.2926116244003103,0.4346167119305674,-1.3434430211902246,1.1738452666398378,-0.044610096123705006,0.7546932339734188,-1.5059206177525173,0.2572457729582835,-0.54679532818325,-1.3059961169277021,-0.3072150098709697,-0.8534651323383571,-1.5085615263210204,0.8236104840151975,-0.7669926589041027,0.0974468447481682,0.9924976039916187,1.1257264262414106,0.12890415277573838,1.1525761746685421,2.6915363343380303,2.888023272951595,3.4040142572873466,2.740701732523939,3.017419671951503,1.0479522729184296,1.6139326070816002,2.137689814933618,-0.6379211490651655,0.9064757261619386,-0.33842171510241587,-1.6706717124581525,0.2304482350053088,0.2671885103692245,0.0731357004773638,1.4462636736272412,2.820174052233508,2.3412055619687973,2.410189831981414,2.5357786132695077,-0.6241840970669572,0.163185173503509,0.7934635881807827,-1.8464368169811722,-1.3665647529298197,-0.3660629223564667,0.020242145362796195,-1.0276789792502627,1.3652000242951556,1.6613832411091765,-2.0459455696679805,-0.5857304104796732,-0.05944947647289088,1.3137362184468317,1.042218834741722,0.32064380547694193,0.7494640219559886,0.4215238655736529,0.3680873383960645,-0.8167381491140765,-1.1233025510988852,-0.8852868211030438
0.30478449571609284,-0.5065159378258817,-0.0361169465454195,-1.0364161057011438,-0.5200320164455977,0.3927825572748075,-1.051434183219139,-1.1169548858494238,0.3399912137784971,2.5707410189824476,2.030404711283973,3.0601118296750744,1.9999999999999993,2.431110867984938,2.6775537242267142,0.14474849405075238,1.7657872767542386,-1.50439239765459,1.0936253962838007,-1.6967319017232807,1.6281045178497635,1.5748835537670454,1.4297708675833607,1.343090673693964,1.522401462721572,2.254633619495631,1.834841555082086,2.76256998652691,2.5323907940621404,3.036075110232827,0.6353185149152184,-0.08306534023700081,0.30773219327240103,-0.7070276664281365,0.4005312059804275,-1.2360722347543587,0.8824364873219046,1.7191940697607222,0.8691654800251867,0.8974248969952929,-0.31479126241406774,1.3749860947606845,0.9629737668435092,1.1962791655000666,-0.5391365036078476,1.0168940075671453,0.6652703938367194,0.028789892759386967,-0.5583560781244464,-0.2780569269794996,-0.8955765352020202,-0.7377396212290999,-1.8122670689454998,-1.0305805284138394,-0.2116513950541629,0.1884911222409714,-1.5967430629101418,-0.4364814003847519,1.5523624193786878,1.3550842557511316,2.625833841028,3.566549416246031,3.2883154609111678,1.7058347556934776,1.1448044089411988,2.735079130684858,-0.304965974988914,1.5331069033103342,0.1549460942568207,-1.4206701870397012,0.2861720061631534,1.4331594500074458,0.6937263944597807,1.6037818298699558,1.7911644171935064,1.1328922151298118,1.5973965422544127,2.410946862201028,-0.46165643102166243,-0.5905868821125203,0.5798352173741699,-0.6874964497285376,-0.035983801285143294,0.6966481136093424,0.7851974783310687,0.156709042082126,0.8104966679711069,2.1311741855564263,-2.241391985532199,0.04228396886311871,-0.17733472138234088,0.10344485054265301,1.4249494082173961,0.3603895658036999,1.1374666142862255,0.9273921002318641,1.0426251012441805,0.4309262834938184,-0.9690387625654213,-0.5751744412930235
-0.8738960287642853,-1.013866200947485,-0.5772258315872724,-1.1453296231593706,-1.2753544599368178,-0.06473850532854668,-0.447711967853056,-1.0794613884423376,0.09221580089263381,1.4712805939608644,1.8396226831408353,1.9538382298631656,2.431110867984938,2.0,3.4916283811102238,0.09383874339304829,1.5732689524957761,-0.7498282104545773,1.934466639872316,-1.5345219932597303,2.3516197647994788,1.8411066692193812,2.327893825127438,0.7477419544764681,0.7497693559679347,1.6906262706333366,1.3707947292522982,2.2790690681766574,2.1832129883250135,2.749509226768067,0.12466699932179659,-0.7950549814134719,0.22042117186978122,-0.5711175062613192,0.8767644745406202,-2.064422886127046,0.0027635547454597092,1.6438157568856846,1.2208828892652546,1.2324792394746786,-0.112569865811444,1.121520644247935,1.4821876910093654,1.272926561886272,-0.331701919988053,1.0417375951786436,0.635389112179227,-0.17480415054577358,-1.1167017167821214,-0.22882513197966997,-1.1403352403135876,-1.0727909752882892,-0.7170087605074639,-1.2967071819454434,-0.6033108195504093,-0.15621412773677779,-1.3542064808540362,-0.7795615683207163,0.4877670960051659,0.7481175569456389,1.1636439274132861,2.5522340608754885,2.8813453069911694,3.0310915196020822,2.1961919724458134,3.3726680454839255,0.23715723027621952,2.4300285433516438,0.6867262761639581,-0.6763593529416946,0.7862973283079671,1.701850375797766,1.5381058014811777,1.323262171119658,1.383971559447941,0.31936714877037975,1.4745030829216619,2.2428620783745417,-0.9804700337872552,-1.1374593196678404,0.35505062155113687,-0.4251081629852711,-0.147203086098769,1.2667638713566571,0.6041545024313664,0.4995075905010327,-0.24877220568782632,1.7911697320854534,-2.4920597880480386,0.40826668016914813,-0.3489014891801703,-0.4090226250383615,1.2267117506592662,0.2861656186174966,1.2618855428907292,1.1348030925430097,1.1449921021427152,0.32114301311495297,-1.385434434655614,-0.4525902468478089
-0.1327450901930897,-0.8535338219195601,-0.1662230414109588,-1.3853374220943464,-1.2446478302201927,0.41690696461736076,-0.0758294950509556,-1.3644679636553119,0.4533158691049452,1.7331195272920432,1.7576952891872826,1.9009900875868944,2.6775537242267142,3.4916283811102238,2.0,0.6415329873115173,0.8116848046370321,-1.4893149325358257,1.2157800586875755,-2.107354960043782,1.7518277550303074,1.6709064178561608,1.690258043821701,0.1538402264650273,0.6953824068252489,1.3827975236415764,1.4993347450513093,2.401101981219691,2.3058478198185473,2.8191180637405866,0.6892998546269395,-1.0354711764968125,0.752354589268946,-0.6342091250858787,1.259966792925362,-1.582109828396442,0.4998468235204594,1.6117184980105617,1.761530518605477,1.8919073231035344,0.4964623095932589,1.6717481631390616,2.0710855808323836,1.8512772043649988,0.1782333393810837,1.735113811718124,1.423788124141762,0.3570785779530232,-0.31480569026868643,0.3671439385125184,-1.0747039737173307,-0.9918853328843684,-1.3717431996165048,-1.5107494214423354,-0.3890190947790302,0.2658398665840207,-1.7604505554873366,-0.8805844855141627,0.6154212538015313,0.5931230268049468,1.2345915389009618,2.6059582266414,2.6649278548840876,2.5472118696825348,1.410901504771658,3.7249277161235086,0.6410303606405734,1.7217253299841024,-0.195976314896196,-1.5167059967873198,0.0864339824212929,1.5511269262558411,0.6572447643085185,1.792836640566176,0.7933255752868089,0.10016903823640011,1.0152704659507255,1.7431289754643642,-0.5927034962423411,-1.5299786360137346,-0.46396658808775754,-0.17597792413517482,0.2508682007186903,1.5104619399161634,0.3874944473414857,0.823344998233609,-0.06254932101578917,2.146368236708808,-2.201884009682332,0.3332182809163652,-0.316632725242812,-0.5534044304322194,1.8008556366256765,0.8136431090320299,1.7074501479249566,1.698157210262306,1.6735694166682125,0.2741584004512204,-0.6746309091887474,0.039844975165224804
0.7374506932633231,0.684179514954474,-0.32366197649831474,1.1490017609308267,0.09292177814932889,-0.10482377512960321,2.540082343671087,-1.005017810151244,-0.8809170138578918,0.04886374904928692,-0.2648395790224821,-0.4586350831080178,0.14474849405075238,0.09383874339304829,0.6415329873115173,2.0,-1.1606542403050266,-0.008592454286959095,-0.3612816778409398,-0.626978587046735,-1.1928356996935783,0.9014076912801888,-0.3610454508601233,-1.0733046448269323,-1.091398761406093,-0.8118019927324533,-0.42820908940191604,0.27990417260465217,0.126950315486038,0.5797620315267267,0.7205066715106796,0.04293725375483992,2.2624915397663052,1.206967894863852,1.8822610621963385,-0.07590887870835329,1.3127701259142721,0.0444625133514764,2.1801203102357882,2.1708360395387136,1.9031478924660332,1.3092593699800736,2.058278336075448,0.975372363293459,1.4003508044151551,1.2348621540626552,1.9781003298836315,1.097732385738508,1.308042497752613,1.6056074742567454,0.7675059021743539,0.33539768750564825,0.8044389616938119,1.0512137972628526,-0.2713169531020704,-0.16919799163100302,-0.2637611580161494,-1.1219489074193318,-0.1937333713514492,-0.9720207860052015,-0.7633703653801801,-0.15801606681762947,-0.39803012045087893,-0.2706283604676336,-1.821602962004564,0.30682781875909576,1.9205814306594737,-0.812223663213204,-0.7987349934874526,-0.2060969465855515,-1.5107946961441074,1.310455187428973,-0.8776009540308842,1.6964231326614283,-1.3895496681448432,-1.164710294849553,-1.1727601696272694,-0.8905900470315053,0.5718825380672453,0.11341959998601878,-1.3079880993514101,0.8604094997223807,0.5808911523926571,1.4643090945539325,-0.46638541840127956,1.4973204344686168,0.5612954202440495,0.3087058784960103,0.17135534469639774,1.2348232193449564,0.4365832896462848,-0.453417202786461,1.6256035026757285,0.8839658461209503,1.4819337497255538,1.1388647640970309,0.7727021845431927,0.009806678556830498,1.2724150210361664,1.498446610870547
-1.5834884693399731,-0.998344437629445,-1.0099428246765894,-0.7969928854194869,-0.4802761359078569,-0.9005436317431111,-2.135080771083555,-0.0360891307998077,-0.2162415635541006,1.1033087837627085,0.8677421713221727,1.9643112140472705,1.7657872767542386,1.5732689524957764,0.8116848046370321,-1.1606542403050266,2.0,0.6127464325109158,2.8331558067648768,0.0816827070336984,2.8152565342140106,1.5564743074676033,2.1522742246300486,3.246162246801327,1.242253099474966,2.2952938270953904,1.4024531366146027,1.3084626221375886,1.360546883240264,1.3439775968907832,-0.8578333811714596,-0.2136949519646996,-1.413624776800228,-0.2776940464120028,-1.185420860038321,-1.8446092124910276,-0.5091312166970805,0.41435360930055853,-1.4023169819700922,-1.4800203690779536,-1.8132049472947553,-0.797472604487347,-1.2442349573649443,-0.6850623229298908,-1.2500712211267402,-0.9683727409973815,-1.7646439714215165,-1.2366697598763836,-2.588157879001513,-1.8185960415342057,-1.2066375862640442,-1.204640650687789,0.24133556934918224,-0.9100360998834738,-0.9074049085649879,-1.0251251745381484,-0.6774304834681113,0.36540561105817393,0.4455414469741238,1.2148920503346352,1.7632934600200032,1.9774630299275302,2.372641457733192,1.4993700611184455,2.7724517760599268,1.0713904482204981,-1.5483451566923676,2.58936726911745,2.621789181659139,0.9521222300687003,2.5173350809573236,1.0198664307541525,2.4113573948970877,-0.5937214625973023,3.002239394862378,1.9039815741520445,2.594446361899333,2.980896425917749,-0.3778268314244683,0.5771049122613094,3.1825325672314975,-0.5098420906969952,-0.12080644424999,-0.060985978477079206,1.9841367442916256,-0.8184553468898803,0.49295683373245647,0.9311825205477327,-1.744579526665874,0.6354165919086127,-0.24597952059868317,0.0919528277942708,-0.7025180489038912,-0.9359548488296207,-0.7369868500141459,-0.6231171116246605,0.012629014665260008,0.9288252146748446,-2.7200948770370754,-1.5935462604388528
-1.8014048369427815,-0.6914423027271375,-1.081190533550096,0.4153119135571107,-0.7792075674187973,-1.358908745824398,-0.4679169575773311,0.3987079703388781,-1.0332976765566626,-2.2882006444097196,-1.9343425978140232,-1.773871267341768,-1.50439239765459,-0.7498282104545773,-1.4893149325358257,-0.008592454286959095,0.6127464325109158,2.0,1.6352137300331213,2.9594449393295315,0.41480100295179545,1.3745540480474026,1.5033536538464114,0.3055685139417028,-1.8167351815062973,-0.9778312252037942,-1.0870156798700894,-1.6030468237268933,-1.7486861352864382,-1.8011671223866412,-2.245227612638822,-0.38017178354039605,-0.22114271551166362,2.1235292090066773,0.33896277114302753,-0.715820317077812,-2.243853804192238,-2.049413096557925,-1.7846400855247169,-1.8690651071299795,-0.6990626047619978,-2.2962106728182228,-1.1012528651103373,-2.4247047656469607,0.018021792464267,-2.0401806573613417,-1.1632293333413788,0.5463451591178966,-1.7120906578610897,-1.493700399217911,1.140787634860983,-0.5344924098264686,1.7265845877074897,0.2524902545114098,-0.9268938145326022,-1.2450726146677755,0.5153030211417826,-0.38343029045353294,-2.2682129347240005,-1.85197723608343,-1.8944799622685533,-1.1201205953237654,-1.285447728194197,-0.0910477756525294,0.3270575698694448,-1.3821259905228667,-1.1548871902086295,0.6294275472023592,2.193260761857139,3.543922241133064,2.137631543489851,0.407391406242002,2.0207487940635236,-2.4492471439276535,-0.8251716328933401,-1.0895643478792487,-0.14121548020030159,-0.2697008782978063,-0.9953155286302697,0.30229487077375716,1.31596836020201,0.9757931761782672,0.5679086430901039,-0.0054976203518462136,1.1888790828166735,0.037897826395254394,-1.6855671916418897,-1.5709454354601464,0.40383959877850084,-0.19037475669721068,-1.109546596255182,-1.1544120614166289,-2.299350651803974,-1.721317257666879,-1.9656190111260694,-2.148344895198623,-1.636982490396198,1.2771097148141426,-1.0388831830224972,-1.3241587510658637
-2.0974164259982437,-2.2758470947284297,-2.077714991807572,-1.4255647912698213,-2.1668958825050164,-2.03790548253769,-1.1586601998959218,-1.3684935793663424,-1.5492292952929714,-0.28382980367774613,-0.1105512325620412,0.349767381802323,1.0936253962838007,1.934466639872316,1.2157800586875755,-0.3612816778409398,2.8331558067648768,1.6352137300331213,1.9999999999999996,0.7457638077253588,2.2473360609448503,2.6586412272754836,2.94173957500867,1.5057512023534572,-0.5625567287047677,0.6978576846565618,0.758995079739555,0.6546543331323055,0.2768414160266345,0.6518480466608958,-1.262639234365137,-1.3410623543544853,0.003740745766792895,1.5569758443477164,0.7380246671444678,-2.624234455881888,-0.7686495273766014,-0.5093627063253284,-0.565325327819286,-0.7212950838818535,-0.3973332949882713,-0.9562005342506338,-0.011205235873232501,-0.5930353935913821,0.10335401124658129,-0.4356297451461032,-0.3951188352049158,0.3992319738342096,-2.5412689048824317,-0.8918635364686984,-0.015277474760932302,-2.4075734024666473,0.487791690404643,-1.599393730813791,-2.209440840654689,-2.132116736849713,-1.6291654111776601,-1.3347802197287504,-1.1688801080580498,-0.7934977687137506,-0.0766730482242339,1.551031326675146,1.668893554693641,2.4828518436604154,2.1984183670925628,1.1455630566249142,-0.7480357540104162,3.3458543927085875,3.255111130831705,1.8639538148252122,2.438262100683521,2.0359386652056846,3.2398148043249346,-0.7272286130742436,1.1627962571063033,-0.2313179802630117,1.3900388248710698,1.8306686501350447,-0.44281701622741965,0.0981939408515512,2.4005381270024126,1.1674051533059213,1.0822810526492592,1.3143737143282581,2.4383379441643775,0.7933323369824867,-0.16832094813486784,0.8575244768238384,-1.3202281536966005,1.3167563600314864,-0.25013006654000336,-1.232406746452277,-0.4317337834325327,-0.8435047122955582,-0.4254315251547651,-0.3201323606167422,0.5361394689607109,2.0838940891745237,-2.12791286823338,-0.8186017652121036
-1.1919286848671558,-0.3900458162213587,-0.6344094423949114,0.39963778852171206,-0.3287916350758797,-0.907611631917868,-0.2929182708830978,0.5330593817047724,-0.6918233261152726,-2.25105522641641,-2.118244911686557,-1.9522020772498263,-1.6967319017232807,-1.5345219932597303,-2.107354960043782,-0.626978587046735,0.0816827070336984,2.9594449393295315,0.7457638077253588,2.000000000000001,0.2530680305918859,0.2536322219070256,0.6088691174100942,0.2800968092683126,-1.5758836838260804,-1.322366710286234,-1.3102985444657764,-2.017985401331837,-1.4776889860087241,-2.229727255475484,-2.1170116719926764,-0.49162584858971736,-0.41550705255718234,1.4506558491033994,-0.3818070181829949,0.4035024153151262,-2.3015120472141932,-2.1622963572726577,-2.0277888637395627,-2.012496313352753,-0.6317458246873501,-2.5423458634824603,-1.5928313072107823,-2.5398883083718817,0.013470538805915408,-2.1291173462683552,-1.3329042321047964,0.6878056314601151,-0.9655857068229696,-1.0843782202582788,1.6591583644534837,-0.2787758678752129,1.2569647714155152,0.2935369740444283,-0.32228855299195147,-0.5149145922686617,0.5628682784827714,-0.1438137319636692,-1.9180524898515734,-1.6295128489715978,-1.6460962613157675,-1.1767748192985816,-1.6705589362846158,-0.915158281283162,-0.26790106807463687,-2.005863822651692,-0.7551007391352006,0.1160953615639652,1.4418301240470592,2.748816900266838,2.011793016821135,-0.5853302355916888,1.092130769177317,-2.292403662240541,-0.7713821310105435,-1.0268804487905203,-0.2547866742819309,-0.7630763873200885,-0.7459607647132764,0.2308349237464552,1.1315423005082574,0.6600858619685173,0.3442890489040633,-0.9047452012065014,0.8359370490051077,-0.6501990356563984,-1.703907037855502,-2.0779089001060225,1.2845831467862494,-0.5083711013440925,-1.283508359333002,-0.9038008961021622,-2.403684752257786,-1.9381309504215372,-2.3400668604606514,-2.4440399654988356,-1.9213785325095007,1.1755181530972036,-0.41628417562523046,-1.267164208129349
-1.6048930623479518,-0.5110752748067624,-0.4169645538533455,-0.4579682951437025,-0.1459924703876554,0.0844177701446773,-1.6562665357624526,0.421907900341624,0.7178664332205762,0.7331078256503318,1.1456324734030294,1.60513433465611,1.6281045178497635,2.3516197647994788,1.7518277550303074,-1.1928356996935783,2.8152565342140106,0.41480100295179545,2.2473360609448503,0.2530680305918859,2.0,1.1319280618319931,2.033109778453328,2.3176252814867944,1.0653030080281232,2.0404011156490713,0.8240152514174295,1.15934950062432,1.9908450746767747,1.384140099961739,-1.2651431402716067,-0.4918745822800575,-1.4615298455458694,-1.1096655863851028,-1.2424696702100824,-1.654154298973117,-1.3536235423668068,0.8789667563818165,-1.1891282270945238,-0.970519100269805,-1.8958223448931992,-1.0053812294861741,-0.9221832504400538,-0.6333413777496696,-1.7304493311814009,-1.1971184781795545,-1.7502135976913524,-1.594351334351972,-2.1566140962036155,-1.8253053211405685,-1.1313669103563002,-0.5767238242140577,0.3358074736923164,-0.7017642575421019,-0.051068803321055595,0.047670544157488996,-0.3107788541557699,0.5764151851833592,0.11402459850220571,1.0650887270740574,1.3539286778587822,2.0828597757451677,2.2674681487228323,1.803710999759113,2.92828735023371,2.0558516301459018,-1.0317758405168036,2.4198302439033696,1.681858000981739,0.6736657229845917,2.8425933869045714,0.44116301888950415,1.8697778878317175,-0.473017714640681,2.452727941816999,1.301490016608979,2.5251966096424505,2.6208266650460548,-1.3738447446862856,-0.6222265365967419,2.0771558377024766,-1.144576695112797,-0.6878591731740584,-0.3821339876655617,0.988298484303659,-1.3774818466177638,-0.7835721149829029,0.191133605927841,-2.099416017514358,-0.4662393412263223,-1.0795915138460912,0.05586869855414511,-1.0292135610896327,-1.3554210053304176,-0.9454682973277471,-0.6888750667784418,-0.720879965497242,0.026050389847779104,-2.4858483105788913,-1.8281171351366154
-1.4365261418550284,-1.8708348601493563,-1.790541600654263,-1.3322039686721472,-2.2530287458064215,-1.5067704387518979,-0.7786245918356632,-2.0023451314492218,-1.4224539203870026,-0.06334451479776071,-0.31076051819862516,0.2751232539136862,1.5748835537670454,1.8411066692193812,1.6709064178561608,0.9014076912801888,1.5564743074676033,1.3745540480474026,2.6586412272754836,0.2536322219070256,1.1319280618319931,1.9999999999999993,3.0082659309583932,0.7781598609621216,-0.8464921575175015,0.7984647423308612,1.413388502834961,1.6967842609404442,0.5566053880846501,1.6903503700417608,-0.9150779634988528,-1.63548512932614,1.0692004306546503,2.2011925842543856,2.145264812388711,-2.4701406583060437,-0.5106545127993538,-0.4918125966568634,0.41438404844440957,0.2614971440533977,0.314434974741918,0.1271135013245866,1.3299507386998817,0.0478024467535295,1.1579507400443618,0.6048254173820835,1.0647121723585353,1.6200445787252755,-1.8387772552998318,-0.6587465451439979,-0.0155216378681903,-2.1093450913570924,-0.7785840614777251,-1.5391754798018513,-1.8991803184309544,-1.7289719495327285,-2.246501336733002,-2.053086889441381,-1.0319391665115059,-1.4505973519637714,-0.1812290711900767,1.6795989837941465,1.4476934465774316,1.635693544698447,0.5910654683582113,1.4886320855141009,-0.7542566452419636,1.8824665287369506,2.1112516916685466,1.3079163540141943,1.0375958636859632,2.6932204656607084,2.502139409350037,0.09167478760860297,-0.10796505470249629,-0.6849804219398978,0.3686721802971842,1.5966252144390474,-0.7793265486948093,-0.940939090708123,1.0644369117595305,1.3422747615618844,1.4570810710041875,1.78253166290675,2.414834557930996,1.592414357821954,-0.5202098416359335,1.7846511619467682,-1.7891724771880062,0.9567655200769549,-0.6375486060036519,-1.5641927661201058,0.483651046262983,-0.59600133587465,0.33386577222784325,0.12227301611253949,0.9985321219070686,2.4474781020146184,-1.44847319446151,-0.8669718343868885
-1.7045865946068206,-1.9119256253687484,-1.5780317817147478,-1.474977044362512,-2.1491684069624033,-1.4809580332063368,-1.0823377878400162,-1.118555179070303,-1.0264999732984912,0.3147522627955352,0.1835012104816355,0.6967047302914974,1.4297708675833607,2.327893825127438,1.690258043821701,-0.3610454508601233,2.1522742246300486,1.5033536538464114,2.94173957500867,0.6088691174100942,2.033109778453328,3.0082659309583932,1.9999999999999998,1.4029906292376033,-0.0966925623492577,1.2682092121515143,1.4265902387279663,1.5421949907224646,0.8952082829359441,1.763719551199348,-1.4157525302436031,-1.1820764903865353,0.0559169819061686,1.1218185375957175,1.1791303402345255,-2.21119252508472,-0.9785001566874644,0.1153971130240116,-0.2100040741933622,-0.3627164348117844,-0.607431024858794,-0.2329462796731074,0.40943898622969904,-0.17579670155902238,0.12183655090385428,0.2246877388208651,-0.0032048836470464012,0.8961649371499237,-2.3243161894190867,-1.1612354743833588,-0.2841388414052066,-2.0174374948834872,-0.35679067122667407,-1.8409803564753653,-1.8263314883413742,-1.4266135857533486,-1.5200584510842208,-1.2576523503345396,-0.6141728947302267,-0.5666498276411939,0.2011917282522292,1.8198169844370387,1.9692850438076044,2.4046499770861054,1.9532311964549538,1.6111972374639674,-0.8188678938479408,2.708417775126227,2.3590853031241865,1.5817871976675744,2.0206137964169604,2.282460125691462,3.422686949051335,-0.15335998001826862,0.947737419467191,0.1131789547162889,1.3313218079808333,2.438150383603387,-1.258338177118286,-0.3693822313632793,1.6593490983863015,0.486036073381887,0.2773228662402296,1.225613839874717,2.175329181435682,0.7093873805550059,-0.6627084400549859,1.4907720348090885,-1.7238536576944368,0.5666004088794143,-0.35679611186726845,-0.8362511079129007,0.04519209469247132,-0.5733727534884301,-0.1310334943984888,-0.1894760430959313,0.8839294457220621,2.2485285888110544,-1.8340039058949222,-1.2529525756822322
-1.04952390438466,0.1995558269305894,-0.0676975246634468,0.017377960065849594,0.7197178593075472,-0.0853066033927319,-1.8915459439167024,1.1838640861875258,0.6140641686502859,1.44718453891292,1.0165743156135059,2.0868768335242684,1.343090673693964,0.7477419544764681,0.1538402264650273,-1.0733046448269323,3.246162246801327,0.3055685139417028,1.5057512023534572,0.2800968092683126,2.3176252814867944,0.7781598609621216,1.4029906292376033,2.0,1.8283790022974533,2.706450680498519,1.6551003163664795,1.283100353316675,1.8442978946926893,1.278983993889753,-0.7531769301436229,0.6130818140687242,-2.0694188959141426,-1.0367712357871657,-1.8138992409606065,-0.7737696158555896,-0.4186379428807236,0.5693942031222671,-1.7637830842860236,-1.6934602276743942,-2.2594219895527745,-0.5146721426852301,-1.641543901410327,-0.8165217988104476,-1.5409104292821598,-1.1589985022390599,-2.1794775586531197,-1.7072625744824228,-1.9221453769201635,-2.0166282168083667,-1.3085813095076997,-0.052393129699749706,0.501593719051854,-0.1825973190965175,0.0789788773080723,-0.08486391983487068,0.4399918371816107,1.393480810738347,1.151009128062483,1.6757358050206026,2.1169837713601547,1.3838909027070643,1.8724602449397971,0.198156241897321,2.0808159438058946,0.4356307559504064,-1.5917710602022148,1.2786848489618312,1.7639267686286888,0.6810522672342858,2.1915555159727065,0.5356919008608594,1.593828743360793,-0.4389848028646127,3.1753730428536415,2.7888443447785494,2.803187879870931,2.9534873720210153,-0.34560361711477,0.8368657085814976,3.149232526551861,-1.3474101044495124,-0.8755974666257669,-0.720711701881699,1.6182699367529745,-1.514766060465497,0.6434899543147314,0.7439576830043007,-1.3557194259267216,0.19974309526921258,-0.4162697797784545,0.8126757560339378,-0.8550960502378357,-0.7650590749564037,-0.8739728184819572,-0.8617834663746793,-0.3845365213611157,0.39106637995091853,-2.470431914177856,-1.8160932326093502
1.39423541496886,1.3467247779135332,1.6934277669523707,0.2842870707396317,1.7810134206673405,1.4627335205271148,-1.2330498873234887,1.7190101758925846,1.7669344216687581,2.801118986810586,2.529409407735702,2.586362591505404,1.522401462721572,0.7497693559679347,0.6953824068252489,-1.091398761406093,1.242253099474966,-1.8167351815062973,-0.5625567287047677,-1.5758836838260804,1.0653030080281232,-0.8464921575175015,-0.0966925623492577,1.8283790022974533,2.0,2.832318404451181,1.5814648479049762,2.0539159591522282,2.1594012646019856,1.832709978499324,0.7431892028893152,2.101464476867987,-1.5756304262750436,-2.5415261328805414,-1.9354353557536483,0.8613744689807447,0.8411569008194406,2.55587967582529,-0.7433441476447344,-0.7499964172181581,-2.0848490637967556,1.0988762121946154,-1.2993848165925905,0.5019328899076645,-1.9242273399413485,-0.2068990292009257,-1.4272820544821219,-1.9391263121783728,-0.363434803635793,-1.1631836057352083,-1.228976956134897,1.2076942858320265,-0.8192518233635749,0.40370653923863653,1.5702057754941856,1.2480224034006864,0.9642394210066998,2.2581805575322527,3.3276064887533012,3.04396942703576,3.1464591523620995,1.3580878605895688,2.052193091268978,-0.0510803305495519,1.3322690278199663,0.9483826486014946,-0.8627231552873653,-0.0451119514659246,-0.7306057333666991,-1.8516320882434656,-0.04881670246941261,-0.7253093770450939,-0.2968034126336567,0.9791511943910695,2.7289034252475357,3.3582640503801953,2.046154934803699,2.199675795542768,-0.18704439795893169,1.2015484258265008,0.8344489615544443,-2.514543166579606,-1.5824434732131403,-1.5158370446609593,-0.2882640210481146,-1.6978348084251693,1.4427165063343392,1.2554311830234237,-1.3415145524791916,-0.7628288550808169,1.2619678971367065,2.879468368684001,0.7306081030094611,0.37048513314902715,0.019814089736334903,0.22411786184948634,4.5918971153441346e-05,-1.4279243054400648,-1.1692552222248016,-0.8945204048159383
0.1645528402086338,0.8808302520482112,0.9452094157766671,-0.0507342146857753,0.9452325304748266,1.1457542740619684,-1.6055366552040375,1.2178687951026832,1.4905558260844072,2.5551305919646583,2.5089770426194073,2.9976385677243904,2.254633619495631,1.6906262706333366,1.3827975236415764,-0.8118019927324533,2.2952938270953904,-0.9778312252037942,0.6978576846565618,-1.322366710286234,2.0404011156490713,0.7984647423308612,1.2682092121515143,2.706450680498519,2.8323184044511813,1.9999999999999996,2.638196173232615,2.998042860451908,2.880544270442546,2.72497001546334,-0.1799606717184625,1.3213264849538962,-1.423137597957907,-2.0521232131444664,-1.0654021074218787,-0.2649603936603535,0.570913389804599,2.0334014006844163,-0.6275616429113234,-0.5941775993120906,-2.1402177518670356,0.8232506524506408,-0.5177766477396701,0.5246160044847397,-1.56927466831741,-0.1200633152382971,-1.270197364199631,-1.6463709816491556,-1.1472586574515549,-1.6603600789874307,-1.4825121038703988,0.6907161952841594,-0.5619869409087157,-0.2096002487948025,0.9262838115081212,0.8521232675382282,0.42376250505921254,1.5480745774114395,2.3922298219078884,2.567422937544227,3.075592716023128,2.2334574963434304,2.8478635235381655,0.7509283936017922,1.958924993497876,1.7471083775481475,-1.3757791278437592,0.9969633508928268,0.297997113469363,-0.8835345665563756,0.9887929248338833,0.7207165596852106,0.9099527631901941,0.7370893357814513,3.0827406766014818,3.1000661051958707,2.9073191133410594,3.322743541863404,-1.1554939346682036,0.4926907432937977,1.5930675791347924,-2.181695900348725,-1.5527488615391531,-0.4681511394092251,0.8916595263180515,-1.3697267037281833,1.2747954994149695,2.111544486620413,-2.146911775302131,-0.53108860895159,0.189641397859131,1.668889783831243,0.2611873373311617,-0.144687066415825,0.32030578032531265,0.22044369993160648,0.1315424327144664,-0.3603352966099417,-1.9412127176949565,-1.4644685436514622
0.19552884389822028,-0.5072730424329857,0.5326797257466578,-1.7097992528142665,-0.8122472961413107,0.5222738583875391,-1.2431327310154954,-0.15545013914490202,0.9609714523538763,2.028905061672786,1.3906740799302195,1.8092743047601338,1.834841555082086,1.3707947292522982,1.4993347450513093,-0.42820908940191604,1.4024531366146027,-1.0870156798700894,0.758995079739555,-1.3102985444657764,0.8240152514174295,1.413388502834961,1.4265902387279663,1.6551003163664795,1.5814648479049764,2.638196173232615,2.0,2.7341316454970324,1.8883033061195182,2.296278740126434,0.5889644364666855,0.03524157552528122,-0.2975118047816487,-0.5635791853175347,0.7806324569235054,-0.28220026079623173,0.6097701502301947,0.8942445833721793,0.08684067077528079,0.1491015003449911,-0.3573366096631807,1.4395832217426927,0.6314233054418136,1.2422201916676532,0.7866767772613514,1.5113569971119343,0.4686618989155164,0.3995231627617522,-0.7471113874301825,-0.660855711997056,-0.8582706677236657,-0.5685700005649839,-1.6331899391183313,-1.7719988210684863,-0.1032781007930964,0.2220363676128301,-0.9772594001211888,0.2057055273248394,1.1342255038692308,0.9183542944421735,1.4651870674420084,1.5870799741546178,2.0015878617209,0.6218929896181582,0.8379308371483368,1.4776551249173675,-0.845927130163399,0.9261467002443398,0.2162368449743913,-1.0436354060153747,0.1558549103822517,1.336423935953022,0.7406469864352674,0.7935819196454021,1.4649644612198691,1.4929231270465833,1.4946786045268563,2.180539276252374,-0.224199166910449,-0.2929818530585011,0.8324852501891371,-0.5628193869402206,-0.298889619831036,0.9890937994527451,1.7830723496913639,0.1893654419435562,0.8934954485168399,2.7883284870929197,-1.63495362215242,-0.0074801029724978,0.1046807975083711,0.27972690932836497,0.8662859071336413,0.5543927499604593,0.6673549354026321,1.0029294095753385,1.6455108254635773,1.1093585298399287,-1.1576164153380515,-0.831311797180299
0.32825409771238157,0.13945389803769814,0.7660215187012797,-0.9994074105590899,-0.23496607537576408,1.063999332187355,-0.8783099776331533,-0.2790424620682242,1.0287322340718843,2.641177135818682,2.3445638951679664,2.614720324320936,2.76256998652691,2.2790690681766574,2.401101981219691,0.27990417260465217,1.3084626221375886,-1.6030468237268933,0.6546543331323055,-2.017985401331837,1.15934950062432,1.6967842609404442,1.5421949907224644,1.283100353316675,2.0539159591522282,2.998042860451908,2.7341316454970324,2.0,2.504167524913201,3.294609656108697,0.5518507738420952,0.04782014331883071,0.24690808013882937,-0.9939697140844475,0.7355819381729843,-0.5086434669131377,1.2430871633483889,1.9070421280083236,1.0309801847365083,0.9179242699259664,-0.4857982932166407,1.8256452023630234,1.2502076837279292,1.7613860904823968,-0.0955783917283601,1.5382262690187316,0.7188282857221592,0.09494857927682969,-0.28144779153823457,-0.48394583322110574,-1.4293794602996526,-0.074646921393663,-1.420245410699404,-1.0791705058474514,0.36375710693078706,0.7345115074282802,-0.9084994583677293,0.1352123973756392,1.877083268349328,1.5725116754873483,2.317647010616164,2.456687542111314,2.7818480704479724,1.2906054936865146,1.0027043597310334,2.3252297641511537,-0.5778694501134413,1.114708817289587,-0.07759212446837101,-1.4492904183189315,-0.1070554927237391,1.5068683039246904,0.6128490746215358,1.5057092823592555,1.6229193077462307,1.6572109099014443,1.6406234030712559,2.4839919472738714,-0.8982796675434539,-0.5870886273484572,0.3018744328253164,-1.0458446417877418,-0.5703140609321654,0.8520960384247049,0.9717304891295792,0.0365108267836391,1.094935690116396,3.078786597120716,-2.2003743795970054,-0.1620356012252365,0.10496723203705072,0.5965537506918555,1.4389094610190383,0.6177187324761066,1.4533903768143548,1.3741174453413458,1.4408816012009686,0.42854616805824625,-0.885324914649725,-0.7153157385029423
0.6163461654135698,0.6979816251052864,0.5523692008133659,-0.006395797384702195,0.5701990019351466,1.043188806697066,-0.05626643946740434,0.3517531512603219,1.0848858883850792,2.4072115972590504,2.3509307842427822,2.5989515605625604,2.5323907940621404,2.1832129883250135,2.3058478198185473,0.126950315486038,1.360546883240264,-1.7486861352864382,0.2768414160266345,-1.4776889860087241,1.9908450746767747,0.5566053880846501,0.8952082829359441,1.8442978946926893,2.1594012646019856,2.880544270442546,1.8883033061195182,2.504167524913201,2.000000000000001,2.6450114290216,0.7226655859538905,0.7203756179313068,-0.38214819489816687,-1.7503453595024558,-0.2760504772809099,-0.27964952985563907,1.2025916376235546,1.959376999374311,0.6077192648472575,0.7799888143086304,-0.5259455383408517,1.693193364308778,0.7489133976968609,1.4385567669096628,-0.6616522581234829,0.7553970290399674,-0.0023988388361445012,-0.8383456343825821,-0.1528003096766045,0.06188526451505058,-0.4472667382388144,0.21307168057564088,-0.7258699901812273,-0.2333315343299424,0.5858551360935347,0.7861484592112389,-0.2207880803898693,0.5777051398659835,1.897539472446007,1.5614375427577203,2.229628540105253,2.184227831574603,2.494893207155641,0.8634827323852663,1.0632777579732307,2.290892876391017,0.5722701129628436,0.6819290567707864,-0.674748322876913,-1.5718151514733119,0.2646468391273719,1.1697038202746899,0.0867291696345147,1.7891217673890234,2.0726414533429662,1.9963622282101405,2.452192203270862,2.54302598968265,-0.1885162782677579,0.21901096434142397,0.4924165570462395,-1.3628585039863663,-0.931621753458093,0.2256639623576884,0.3289539331993327,-0.3245075763284282,1.471918198785825,1.9483841055230127,-1.362011070262454,0.37780993135673324,0.29545778961910407,0.9432951507268893,1.1133697779428262,0.734292559790837,1.1284947703410781,1.3492976998102866,0.7647666771913981,-0.1594476028751857,-0.8443654989397944,0.033473301438373904
0.42046061433905746,0.015082925987590617,-0.0044067919697330996,-0.5412368564588792,-0.263323942112631,0.364918335475773,-0.2844732466916944,-0.7125042449408376,0.3187971148020624,2.6341625110475273,2.0052056015248727,2.6750543470168475,3.036075110232827,2.749509226768067,2.8191180637405866,0.5797620315267267,1.3439775968907832,-1.8011671223866412,0.6518480466608958,-2.229727255475484,1.384140099961739,1.690350370041761,1.763719551199348,1.278983993889753,1.832709978499324,2.72497001546334,2.296278740126434,3.294609656108697,2.6450114290216,1.9999999999999996,0.8872143982726222,0.0948779240799383,0.10425831178749359,-1.0682161951830471,0.7259335732495501,-1.1522629659832797,1.2747274992110242,2.3096297273867132,1.3935513539106426,1.3951609045358104,-0.2180648860776196,2.0328626340431697,1.4443565455917027,1.9911490820981004,-0.17566832314915148,1.817758225634493,0.9335914329547603,-0.209173705602139,-0.3877963788573935,0.049379356970791904,-1.4774141175723898,-0.3496712280217156,-1.547240551758236,-0.6981580103612754,-0.1959741084385916,0.1412803987618699,-1.0198470548386278,-0.33198352382146734,1.8647103185280185,1.469733901045248,2.1448916037799455,2.611303885838666,2.986536209073826,1.779053792975964,1.0494606981158692,2.709547469101134,0.15601605632849053,1.0944260991417023,-0.3681725381758762,-1.6333944373280327,-0.4270027619720013,1.6658461272772007,0.6715146919634971,2.3930632543118575,1.5921082784197265,1.4741978519770316,1.3389032806219574,2.548726436502721,-0.5357000694897298,-0.562621741621314,-0.030075312882519106,-1.1937816186814647,-0.9099194995797892,0.8155054373884308,0.3437467793737266,0.1595262514607398,0.8535156841567835,2.560380777178115,-2.62220672803386,0.3107554169785166,0.4932293423703791,0.7931237659454049,2.043220373757755,0.9114583474223836,1.7271805030795175,1.6808332019079253,1.5811805580782377,0.008364270820087802,-0.8530274177268192,-0.1994029582434101
1.8195958393328295,0.2669976611311874,0.530738950943441,-0.206984108203817,0.1681334863164598,0.5136957501232264,1.3328698392196814,-0.6832509058189044,0.1303872548142196,1.3200810876517433,0.8515462239390605,0.7033036541682595,0.6353185149152184,0.12466699932179659,0.6892998546269395,0.7205066715106796,-0.8578333811714596,-2.245227612638822,-1.262639234365137,-2.1170116719926764,-1.2651431402716067,-0.9150779634988528,-1.4157525302436031,-0.7531769301436229,0.7431892028893152,-0.1799606717184625,0.5889644364666855,0.5518507738420952,0.7226655859538905,0.8872143982726222,1.9999999999999996,0.1084949475915989,0.5934664987834334,-0.6697391250202276,0.6629561829407411,0.639529124811429,2.1200331430351103,1.510900351701877,1.9043247933188923,1.8300548265222873,1.5161914563309136,2.687721612764229,1.6516723163958016,2.769785495428307,1.5115246934311655,2.305120665653803,1.572876931109314,0.2951124618019556,1.9078980527185314,2.2100957958519967,0.04509723604692161,0.2528913599730859,-1.1908941141684855,-0.07780804815381871,0.1888325898543522,0.4075877869888016,-0.4524411081703991,-0.1974572719910004,1.0102561170466602,0.5607278172621855,0.5222486697616999,0.1057361025377774,0.2532967130082217,-0.0750419667678033,-0.8845879705825479,0.4654487766186517,1.6985972480470881,-0.640420819788265,-1.6933145940384988,-2.230663890080383,-2.076711106764432,0.1701881223348034,-1.7037583914762617,2.0754950267182823,-0.1760720581232732,0.009699396771758906,-0.97956530145711,-0.5547179589651299,2.929269966643527,0.1410740403887045,-1.4994325299418394,0.0832295496716976,0.2007507186351435,0.748427850882101,-1.2733484463387839,0.6208830039776299,1.355973683878887,1.047200214599859,0.0442306352979171,0.6233389494929977,1.3615582435460198,0.3409988709330197,2.186959670066653,3.0022589912219697,2.1985867813831668,2.7497523795550776,1.8629334173689451,-0.8177623666434293,1.5881471104403087,2.0967935533687374
1.8666115562912533,2.112166717645452,1.5133120020301112,1.824451935503286,2.3771202399847557,1.1100627182960898,0.36418746974693367,2.3360653269868603,1.1298810162105644,1.3622402209877758,1.4724413327155452,1.2211431174044567,-0.08306534023700081,-0.7950549814134719,-1.0354711764968125,0.04293725375483992,-0.2136949519646996,-0.38017178354039605,-1.3410623543544853,-0.49162584858971736,-0.4918745822800575,-1.63548512932614,-1.1820764903865353,0.6130818140687242,2.101464476867987,1.3213264849538962,0.03524157552528122,0.04782014331883071,0.7203756179313068,0.0948779240799383,0.1084949475915989,2.0,-0.5002822633737765,-1.4573131431630149,-1.2473186048092106,1.4560346060049798,0.6147486959756152,1.3642953253597454,-0.4137726057476826,-0.49180438223737577,-1.0188734972617925,0.4869507816557818,-1.1506950184334555,-0.46130778315997867,-1.3817594878518689,-0.9226319795621019,-1.037571479325596,-1.5942913273784065,0.2143379129024674,-0.6004076638634592,0.3488403935547747,2.0254538895627188,0.5856880591577539,1.8786476825331784,1.590991146211468,0.8886438865152613,2.181174858288933,2.090358063723321,2.270715139866737,1.728183982984524,1.4710652205113386,-0.3158031542565451,0.29112521403518765,-1.0774081711689856,-0.1360870806438431,-0.7000383836151229,-0.04376162778259929,-1.4274414915124967,-1.2069056674665974,-0.6891809638398715,-0.5860423023257287,-0.7588505845148954,-0.8752369812376464,0.49178632774209224,1.0825914172143645,1.9113989775120974,1.0585471957995698,0.3767450609476079,-0.1514235519229765,2.56026761210957,-0.060604858865428796,-1.7536944085818706,-1.6358667755765022,-1.2692298563825484,-1.1503699194497883,-0.9992897224931427,1.2702736383071238,-0.4972665875056886,0.2311406974423982,-0.5611251245851464,1.4490558379294025,2.6699975251125525,0.1137247953969214,0.19444910929232923,-0.1872992911176486,-0.5997525319042174,-1.135261663788776,-1.7068035890813085,-0.13102084329653996,-0.1552688881281516
0.7360667219504586,-0.9792113962678597,-0.7447449873934817,-0.6912331002441077,-1.3836974293633235,-0.6463497878280589,1.3517412337847112,-1.9281889975489888,-0.9908204194029608,-0.28200701866121936,-0.30938959296942903,-0.7668381029508013,0.3077321932724009,0.22042117186978122,0.752354589268946,2.2624915397663052,-1.4136247768002277,-0.22114271551166362,0.003740745766792895,-0.41550705255718234,-1.4615298455458694,1.0692004306546503,0.0559169819061686,-2.0694188959141426,-1.5756304262750436,-1.423137597957907,-0.2975118047816487,0.24690808013882937,-0.38214819489816687,0.10425831178749359,0.5934664987834334,-0.5002822633737765,1.9999999999999996,2.0980842237191673,2.8116003534632528,-0.5230114408015378,1.058004840431085,-0.6813782735860083,2.6245070765842065,2.1467549811065005,2.878619017566468,1.2396107116310373,2.486980609265224,1.1266927181307005,2.020353224785797,1.6721172121823644,2.924191355169934,2.579752152091255,0.795942579909238,1.6843042149719634,1.6458801610853928,-1.031322224681042,-0.8290112411587058,-0.7099709986265632,-0.9486124374450008,-0.5896859089077251,-1.7524993281135859,-1.9055427402775322,-0.6860533326900142,-1.7714127590027644,-0.9899537893689507,0.1436358126267094,-0.15632755521399377,0.3699088841414218,-1.9556537183847236,0.4679816501844452,1.6558420147389412,-0.3576337800156064,-0.4910144398168732,-0.4388998902341525,-1.4779389574343007,1.7272571014284814,-0.4442652220175567,0.8505080237026064,-2.1515747157330916,-2.0715252255404324,-1.4639502512059384,-1.2623364415482188,0.6587642903021015,-0.05197429423314376,-1.4423267227768775,2.492853758911205,1.8390287738206696,2.2450436134187663,0.35018428068980934,2.6646909449608254,0.3478842467117709,1.0105799480174467,0.5868009736023792,1.45009101278331,0.6237115899345596,-1.5893994830282268,1.828822044305827,1.0059381881883973,1.7388959729224895,1.2435025350130764,1.481003631159234,1.5208402260625056,1.4094137328156555,1.3658006106204814
-1.0743886992823892,-2.216688794470449,-2.280450732953035,-0.8855622741684281,-2.3056190429199916,-2.4310165679751137,0.33628188081072896,-2.1861129259433003,-2.4356151963239587,-1.897062591205751,-2.1058015862443913,-2.0827835756402875,-0.7070276664281365,-0.5711175062613192,-0.6342091250858787,1.206967894863852,-0.2776940464120028,2.1235292090066773,1.5569758443477164,1.4506558491033994,-1.1096655863851028,2.2011925842543856,1.1218185375957175,-1.0367712357871657,-2.5415261328805414,-2.0521232131444664,-0.5635791853175347,-0.9939697140844475,-1.7503453595024558,-1.0682161951830471,-0.6697391250202276,-1.4573131431630149,2.0980842237191673,1.9999999999999996,2.42140401270093,-1.5964073394163742,-0.5521493904808484,-2.3619641927080304,0.33039676040072613,-0.006497960478785397,1.878567526799178,-0.6683821685897082,0.8830121791223,-0.8226880532965797,2.0506774456023398,0.18397045193831357,1.5758653226652939,2.5512768717435006,-1.0272970008918452,0.5049017767617763,1.5137435300631972,-2.392855165836842,-0.0626270702499164,-0.9150319974244137,-2.5018179097447795,-2.5491859736558276,-1.8864601477553202,-2.5635212052176013,-2.3384471498215493,-3.0425411087450245,-2.233918687614336,-0.6611801644263008,-1.0827040358046807,0.0717186449013208,-1.4697806245738074,-1.0493056352452133,0.11804642028970891,0.36118805014606387,1.8364862423608124,2.0607649799241843,-0.06424129062753299,1.8626236454517107,1.4266480883132675,-0.9665000201435119,-2.2717240009105506,-2.4007212796327932,-1.738571341105423,-1.1634541233088393,0.5525684510584721,-0.1200084093706138,0.2775363309062059,3.1586205206789875,2.5663801055489373,1.753801878282283,1.9057451686728253,2.61250295995245,-0.6283388868443573,0.0469327162813995,0.7016357708737517,1.7444721166588077,-0.09259922592986569,-2.3034551107079038,-0.0828517859410726,-0.5261694451195312,-0.15358997477484893,-0.3742172165530119,0.5723415793545048,2.608898463332925,0.001093846431597989,0.3673284986051257
0.10195559140297139,-1.579227783260169,-1.140925889277645,-1.374914775296944,-2.397288860432898,-1.0635247968879638,1.4069460297191372,-2.3331270249863643,-1.3803854206162969,-0.46855904223601097,-0.5590305658391272,-0.9500056215825451,0.4005312059804275,0.8767644745406202,1.259966792925362,1.8822610621963385,-1.185420860038321,0.33896277114302764,0.7380246671444678,-0.3818070181829949,-1.2424696702100824,2.145264812388711,1.1791303402345255,-1.8138992409606065,-1.9354353557536483,-1.0654021074218787,0.7806324569235054,0.7355819381729843,-0.2760504772809099,0.7259335732495501,0.6629561829407411,-1.2473186048092106,2.8116003534632528,2.42140401270093,1.9999999999999998,-1.0269311082841035,0.6576961605924806,-0.5817433993619634,2.498520784034824,2.2200954289237944,2.7589406355496915,1.6376057398702095,3.1679679600824846,1.6375415504492894,2.7474151731624183,2.405605011295544,3.2887684233680017,2.9990774543864522,0.4987208506731084,1.7329316097025236,1.1817068239963597,-1.70792722429916,-1.1106730030349334,-1.5934889650616977,-1.7862418089978163,-1.1299081675110005,-2.1656295883731715,-2.5671143815026145,-1.2912975711867283,-2.285221420360094,-1.5039673111049199,0.39083536232466964,0.0029622787747554113,1.0579806940582897,-1.4577208659004364,0.9058838063940166,1.4092360392748067,0.4519159348457387,-0.09179825479476919,-0.009064778110131698,-1.2381048683789655,2.598627558557132,0.48539409052032456,1.1370069937050107,-2.175605177589607,-2.3812264886404595,-1.5909095709573804,-0.8312841373991985,0.48401027479544434,-0.8271308745666095,-1.5187451172141242,2.2826839142001347,1.6566521473439129,3.013856728740773,0.7797558903357902,2.9466070349510143,-0.150132383314419,1.640420945237196,-0.06044187523616909,1.2573793161262024,0.2041267621024973,-1.961013865638656,1.8499924295407597,1.3776573517743662,2.095170626626376,1.6650542707683451,2.0927624988507776,2.0253012085001085,1.1317117921568864,1.346428306305116
2.0770690695312055,2.1698155617630146,2.730580503333843,0.9321041211557087,1.9482167668466004,2.3312889098876592,1.0303850219508126,1.9217459038256233,1.978111191271104,0.3603931032981346,0.2962985174950698,-0.18338630254967372,-1.2360722347543587,-2.064422886127046,-1.582109828396442,-0.07590887870835329,-1.8446092124910276,-0.715820317077812,-2.624234455881888,0.4035024153151262,-1.654154298973117,-2.4701406583060437,-2.21119252508472,-0.7737696158555896,0.8613744689807447,-0.2649603936603535,-0.28220026079623173,-0.5086434669131377,-0.27964952985563907,-1.1522629659832797,0.639529124811429,1.4560346060049798,-0.5230114408015378,-1.5964073394163742,-1.0269311082841035,1.9999999999999998,0.4720421297595848,0.0696878614458872,-0.1768379261599505,-0.026289176944922905,-0.24206428493479099,0.1833990259813419,-0.6530863181880544,-0.0901564956290981,-0.1655724615978288,-0.2420914926675239,-0.37356277388734926,-0.2650409342199517,2.3446081268954373,0.4714077197059402,0.7664163241502849,2.33114995975542,0.3263985991876483,1.0239620436739116,2.3544820921900955,2.501044421706148,1.8251315272633701,1.8855791480552975,1.0984254999457033,1.015641555349153,0.3321073231111989,-1.2997350695456409,-1.4613507076897045,-2.3288336015684994,-1.4608280981616113,-1.4663518995893405,0.58472970748184,-2.156814284600973,-2.2561675163712493,-1.0757065506272865,-1.1217960124586013,-2.035098843309716,-2.263639649893581,0.1462059955501367,-0.3133483721442778,0.6235132312380135,-0.3233491494929159,-1.2933168271472661,0.209413304132743,0.5647163435488478,-1.3224592862197238,-1.2331309497288907,-1.1774483698109126,-1.3007692077131368,-1.7350804125532866,-1.409753412772474,0.43188345034044473,-0.8718127171766871,2.2423434305866947,-1.5931735885317961,0.1357315177667351,1.2939053762975172,-0.18666812410823921,0.5853628169963236,-0.21615218464228897,-0.3058372531153813,-0.814912294485303,-1.4815807498274454,2.105581867109468,0.4788302260082239
1.5827183881021374,0.46769966142236197,-0.1355333801031352,0.33225254452646874,0.38377602589658893,-0.27307094797710474,1.6334017980201094,-0.6246599335030671,-0.6891809815852572,1.7192067813688092,1.1570966574011745,1.0426004297013753,0.8824364873219046,0.0027635547454597092,0.4998468235204594,1.3127701259142721,-0.5091312166970805,-2.243853804192238,-0.7686495273766014,-2.3015120472141932,-1.3536235423668068,-0.5106545127993538,-0.9785001566874644,-0.4186379428807236,0.8411569008194406,0.570913389804599,0.6097701502301947,1.2430871633483889,1.2025916376235546,1.2747274992110242,2.1200331430351103,0.6147486959756152,1.058004840431085,-0.5521493904808484,0.6576961605924806,0.4720421297595848,1.9999999999999993,1.6712687084253077,2.144223119813316,2.049867861716923,1.5593553265538076,2.5771974915622953,1.590651638505053,2.535904135289186,0.5761039658204922,2.2079248928231214,1.636095250148457,0.311752460669106,1.4968192060130767,2.413389370601928,0.0161774549182068,0.1814425619200469,-0.3691060425182916,0.46264134586817335,-0.4156616096202787,-0.3806660546876575,-0.08506997864636738,-0.24298477053360779,1.5847375032116124,0.6095351355070244,0.9193695397018782,0.2464870744258753,0.6404355172707774,-0.0813978379576761,-0.9613567769012871,0.12459007568849739,1.8874501911836614,-0.621609750413598,-1.1120892846032489,-1.8101690657519425,-2.175736378347499,1.0668272859437486,-1.0994495346352007,2.4135842625040125,0.1245149249319481,0.5786703131072104,0.0517571310495879,-0.0020442015305894845,1.7283707178203458,1.0432668413215545,-0.775518328370861,0.3451269529335043,0.0868322028097364,1.154177238238723,-0.4952897764894264,1.3186547121153118,3.384186692666116,1.8601039234480825,0.6803988702264849,1.7600931019332726,2.0485016055366336,0.8105732775527184,2.464179428112962,2.2788599212010032,2.548870029395278,2.7444043961812024,2.14209056244917,-0.1980330085431658,1.4101905594025232,2.6253246354221913
1.1507592416622885,1.2212230602201495,0.9232279270610418,0.7417974098665419,1.2919075419873947,1.0311069806048454,0.4702918817669621,0.6800451668842381,0.7768243861428319,2.7851657299865606,2.468443236376732,2.405235654794965,1.7191940697607222,1.6438157568856846,1.6117184980105617,0.0444625133514764,0.41435360930055853,-2.049413096557925,-0.5093627063253284,-2.1622963572726577,0.8789667563818165,-0.4918125966568634,0.11539711302401148,0.5693942031222671,2.55587967582529,2.0334014006844163,0.8942445833721793,1.9070421280083236,1.959376999374311,2.3096297273867132,1.510900351701877,1.3642953253597454,-0.6813782735860083,-2.3619641927080304,-0.5817433993619634,0.0696878614458872,1.6712687084253077,1.9999999999999996,1.1846119941809272,1.2190399547724615,-0.6351032470750555,2.204555572041287,0.6238375047954391,2.0883896215524995,-0.8636636460448683,1.3686313518513729,0.0964973150420071,-1.2046297204025622,0.5652495265268178,0.5729516469714927,-1.4526596806709025,1.1057467330748307,-0.5914379743089212,0.7683060364817094,0.9084598246715436,0.7589156072873686,0.7671828563629884,1.0070096742333832,2.4952874968724683,2.14222899962174,2.079791047699483,1.341200564350528,1.7925658730833822,1.2033171311588116,1.0682363578818164,1.6536119365755366,0.5870914859799193,0.3605195790279735,-1.0723241608913423,-1.7323816534729053,-0.6195895667981264,-0.0817378713159039,-0.3909925127052241,2.268495974892798,1.628484836888475,1.6604913207387937,1.0213317118507916,1.3217334686457645,0.2429743538901328,0.5021241247642185,-0.558970210437962,-1.9861754728039713,-1.720797944220835,-0.409255431607239,-1.2352290400784904,-0.8550986696596488,1.4508955283110354,1.3220494396043372,-1.7030708203092768,-0.4514377950616645,1.4037393023025193,2.3067967009424355,1.703078419661001,1.5632260776758944,1.5189030730973845,1.6633482793495067,0.9885345971102866,-1.507583568135758,-0.1248684344577882,0.568043068019012
1.093976028682823,-0.19933344676962328,-0.1904204612463274,-0.2877011278371607,-0.7300301618835647,0.04255631650099369,2.281209675071258,-1.6840449287441124,-0.5827499827715368,0.8319483116623608,0.7602467739424627,0.2926116244003103,0.8691654800251867,1.2208828892652546,1.761530518605477,2.1801203102357882,-1.4023169819700922,-1.7846400855247169,-0.565325327819286,-2.0277888637395627,-1.1891282270945238,0.41438404844440957,-0.2100040741933622,-1.7637830842860236,-0.7433441476447344,-0.6275616429113234,0.08684067077528079,1.0309801847365083,0.6077192648472575,1.3935513539106426,1.9043247933188923,-0.4137726057476826,2.6245070765842065,0.33039676040072613,2.498520784034824,-0.1768379261599505,2.144223119813316,1.1846119941809272,1.9999999999999998,3.6587778179546424,2.953025196793809,2.6850177536946847,3.440813098745907,2.98559534896088,1.8078047505161683,3.1188572698555186,3.284681084649595,1.5505150305962392,2.0608996007562466,2.852951038605622,0.1349943968551586,-0.2442291564594049,-0.7088715251385959,-0.3588808983662889,-0.5328721032761223,0.15025900952954926,-1.1308704906451328,-1.552755635005846,0.3221003385098711,-0.5154750160564594,-0.23112284757997342,0.5023920451231666,0.3944148084045792,0.9505126086917645,-1.3518640198719878,1.378607889802942,2.6503744060798877,-0.2056127833835147,-1.5520492193428947,-1.861136961031975,-2.2951609650020828,1.6198956521985128,-1.0826648220236064,2.733575026134097,-1.2742511014433964,-1.4264066926254317,-1.1872528876902535,-0.8337702547547088,1.164179042606246,-0.45068726226158173,-2.1862516051766647,1.1792501862432863,0.6446321462494327,2.384700138775866,-0.9897107296724248,2.127002581389201,1.030937472627417,1.5088022784246513,0.1583588907396236,1.3942364197119925,1.0941305721747419,-0.7383585945177505,3.1357902942271982,2.565210105635821,3.29536377850847,2.891681330242462,2.51887698750349,0.1432828753175852,2.1274821981080945,2.511820133648415
1.0860524243491407,-0.1210275745068985,-0.1348157610829303,-0.201472811208307,-0.6389669323754505,0.2291980948274974,2.497611708864806,-1.6756634288113794,-0.4877313304414007,0.8355397971199134,0.7448908584214056,0.4346167119305675,0.8974248969952929,1.2324792394746786,1.8919073231035344,2.1708360395387136,-1.4800203690779536,-1.8690651071299795,-0.7212950838818535,-2.012496313352753,-0.970519100269805,0.2614971440533977,-0.3627164348117844,-1.6934602276743942,-0.7499964172181581,-0.5941775993120906,0.1491015003449911,0.9179242699259664,0.7799888143086307,1.3951609045358104,1.8300548265222873,-0.49180438223737577,2.1467549811065005,-0.006497960478785397,2.2200954289237944,-0.026289176944922905,2.049867861716923,1.2190399547724615,3.6587778179546424,2.0,2.7664315784228704,2.5830321783698054,3.3127087710160987,2.8031531076133556,1.5886896450909314,2.969151431133693,3.1199318033966446,1.299465070637414,2.2149088813750506,2.870856393858193,-0.022165517490859016,-0.1577329495633769,-0.4875603401783276,-0.2663251377678411,-0.4387965810068934,0.3380046466878771,-1.036686702059861,-1.5668475745383172,0.2144924053391918,-0.33853536332518097,-0.1836912975381184,0.6264238537387776,0.28249926124567093,0.7481875562917291,-1.2344799952501129,1.478821515903211,2.7731487778008255,-0.2756032823737838,-1.7325960324101999,-1.99845184474973,-2.2620305663688987,1.3200618224010936,-1.3166318654393852,2.8601027716013365,-1.15560367975256,-1.4811804870573235,-1.152289880847281,-0.8145742345034332,0.9313991725551887,-0.8286283001235779,-2.287276797395382,0.7881865896704858,0.4610641479682981,2.18874949032599,-1.1864580849958508,1.8089808528974256,0.9053808954869998,1.3053352995741163,0.11472017008420371,1.0690604747065051,0.646644484368612,-0.7140158101579062,2.9103232385622277,2.324533858334755,3.040668362458689,2.7829468730140605,2.2908320014518515,-0.17479231513625212,2.1170407989806064,2.4723385119577967
0.5167159091820309,-1.2947615915045974,-1.2520182784444627,-0.7885541206381275,-1.6941119598600842,-1.1508768455628324,2.2741246393707946,-2.251536098457204,-1.482092927399127,-0.7465260181582154,-0.8821948412861302,-1.3434430211902246,-0.31479126241406774,-0.112569865811444,0.4964623095932589,1.9031478924660332,-1.8132049472947553,-0.6990626047619978,-0.3973332949882713,-0.6317458246873501,-1.8958223448931992,0.314434974741918,-0.607431024858794,-2.2594219895527745,-2.0848490637967556,-2.1402177518670356,-0.3573366096631807,-0.4857982932166407,-0.5259455383408517,-0.2180648860776196,1.5161914563309136,-1.0188734972617925,2.878619017566468,1.878567526799178,2.7589406355496915,-0.24206428493479099,1.5593553265538076,-0.6351032470750555,2.953025196793809,2.7664315784228704,1.9999999999999991,1.7382344747322036,3.002180996852968,2.0480869816585954,2.7869796692706186,2.670601289845945,3.4748674750158988,2.656861061861025,1.6505619620237844,3.196544400787335,1.3068055918466812,-1.4614453432388754,-0.6005087040356035,-0.8308356917686814,-1.681525893132822,-1.0688087987540027,-1.7595058278399849,-2.400508266816025,-1.2010844012693105,-2.1449069908494365,-1.7397752933168076,-0.6224252608885827,-0.9889545264887252,0.0345848940831771,-2.25687983826389,-0.0182717597355848,2.7532674690016394,-0.6743639909758773,-0.9455936123546423,-0.8675034687175439,-2.232601335688187,1.5545151584811325,-1.033418453724043,1.502315569715587,-2.570492660276714,-2.6244363383846103,-2.207611951592091,-2.0767647151862882,1.8093390208829185,-0.3053223494896307,-1.970584910703415,2.7873102652062984,1.8554423526288746,2.5181071748586485,-0.20050574744102373,2.965268071973881,0.6266642358033604,0.677364655786747,1.4311697313489105,2.0984128995027014,0.9225169428320841,-1.8515858178003926,2.1999904941627504,1.9382233750607445,2.330045020352772,2.341189331051563,2.2642487185061655,1.265878810814534,2.3313624339333265,2.7696229643293
1.6813521600692307,-0.014025535447409095,0.2675551918959288,-0.6225996923306121,-0.39934010438918066,0.3103474305981297,1.4210164904586429,-0.8576105978918251,0.0239428754732074,1.9692931904324746,1.5587145266106113,1.1738452666398378,1.3749860947606845,1.121520644247935,1.6717481631390616,1.3092593699800736,-0.797472604487347,-2.2962106728182228,-0.9562005342506338,-2.5423458634824603,-1.0053812294861741,0.1271135013245866,-0.2329462796731074,-0.5146721426852301,1.0988762121946154,0.8232506524506408,1.4395832217426927,1.8256452023630234,1.6931933643087778,2.0328626340431697,2.687721612764229,0.4869507816557818,1.2396107116310373,-0.6683821685897082,1.6376057398702095,0.1833990259813419,2.5771974915622953,2.204555572041287,2.6850177536946847,2.5830321783698054,1.7382344747322036,2.0,2.5168605692349333,3.226239757160527,1.2888034596042033,3.0104621180227302,2.294545242019665,0.8690686770233602,1.4539536526630918,2.0667764529263355,-0.11219071121183062,-0.11744294490682909,-1.575395861415779,-0.6691404727153961,-0.12172365076618971,0.13963319825494042,-0.8197366626472553,-0.4962123716223087,1.512096962169283,0.3455255476788094,0.8652979405478354,0.8420185192521901,1.193850824795683,0.5550645733133085,-0.66831668953213,1.402823436166764,1.7466387154230434,-0.4630687747278206,-1.6665819169134437,-2.3220030168479417,-2.227153863190915,1.4644654159520387,-0.9689135474824737,2.7146542871505486,-0.0815402386213645,0.4289876932869714,-0.2234422942841488,0.41954462232045103,1.684833940259519,0.20139766678364882,-1.3709407056858742,-0.07309602181622181,0.11003743826195869,1.7769758598979826,-0.4930265234767126,1.4853936333645827,1.970509781446001,2.5448020500965494,-0.4736171920243102,0.9085205791460408,1.433154652922171,0.6324129564155383,2.8459204070516,3.0891981106694217,2.994623164442236,3.1098478139304384,2.6298794154551457,-0.020737582456914393,1.1589021563489716,1.9481782144199231
0.4149688942042414,-0.768782098426227,-0.638073803252976,-0.8371196962933448,-1.5166702312731961,-0.20778683230147343,2.0167379150667273,-2.0208480480231357,-0.7210001364614719,0.25208367356698996,0.2961863501842661,-0.044610096123705006,0.9629737668435092,1.4821876910093654,2.0710855808323836,2.058278336075448,-1.2442349573649443,-1.1012528651103373,-0.011205235873232501,-1.5928313072107823,-0.9221832504400538,1.3299507386998817,0.40943898622969904,-1.641543901410327,-1.2993848165925905,-0.5177766477396701,0.6314233054418136,1.2502076837279292,0.7489133976968608,1.4443565455917027,1.6516723163958016,-1.1506950184334555,2.486980609265224,0.8830121791223,3.1679679600824846,-0.6530863181880544,1.590651638505053,0.623837504795439,3.440813098745907,3.3127087710160987,3.002180996852968,2.5168605692349333,2.000000000000001,2.9152781009662005,2.438205957541271,3.1045067989043607,3.4471040451450348,2.169373723718881,1.55340179861425,2.554569684304536,0.3339904894551442,-0.9408872613453051,-0.9695239738909587,-1.022420474307807,-1.0035091106386744,-0.238024435640704,-1.6869255199272497,-2.0462746006868007,-0.5382444471375822,-1.2699995733847607,-0.725878076494252,0.7459600257447677,0.4377953065625306,1.24856780681813,-1.198824096832267,1.696554990181389,2.249870762774526,0.22036575316009277,-1.1062067067272463,-1.311990452543091,-1.7656127301220055,2.2701229533510188,-0.5139437562597254,2.231487323265401,-1.5160604676661653,-1.8429059302925874,-1.1430990418792502,-0.6067877395161819,0.9305063314179642,-1.0673963222186162,-1.9806308457986346,1.4273333176180136,1.06379772843631,2.820651311701875,-0.25816760948284234,2.3751788327151786,0.4969548953318923,1.899755589867942,-0.21038218014986126,1.2740820947909814,0.2999433564945956,-1.507109784225569,2.5910951490776153,2.3157084937330104,3.209383620533502,2.894070887632947,2.471716230004184,0.8700579537288434,1.644964241115185,2.1096620719356713
1.03485060384663,-0.2526247904227371,-0.0423579726698766,-0.8221702848175618,-0.6106747401673311,0.2713541542943724,1.540824208513483,-1.171736085054333,-0.030560306635910722,1.469504918535524,1.1963585250559732,0.7546932339734188,1.1962791655000666,1.272926561886272,1.8512772043649988,0.975372363293459,-0.6850623229298908,-2.4247047656469607,-0.5930353935913821,-2.5398883083718817,-0.6333413777496696,0.0478024467535295,-0.17579670155902238,-0.8165217988104476,0.5019328899076645,0.5246160044847397,1.2422201916676532,1.7613860904823968,1.4385567669096628,1.9911490820981004,2.769785495428307,-0.46130778315997867,1.1266927181307005,-0.8226880532965797,1.6375415504492894,-0.0901564956290981,2.535904135289186,2.0883896215524995,2.98559534896088,2.8031531076133556,2.0480869816585954,3.226239757160527,2.9152781009662005,2.0,1.5825173752553452,3.446603022752734,2.400642046506784,0.8826071983826219,1.7680605049816085,2.6020244092558875,-0.574773707805412,-0.3681548522075158,-1.31059517967688,-0.9147006632706371,-0.42471066228630483,0.1943720663248994,-0.9871998912515438,-0.7535417827559574,0.9149447900871344,0.3384970275251727,0.4930137066258353,0.6720991511713494,0.9132446695484001,1.0762763919891287,-0.43617488944630944,1.509071511158096,2.091984758414686,0.16541877208056988,-1.506097085303207,-2.2331985760072808,-1.8299540155952485,1.3344311252235435,-0.886660899983424,2.674876618077565,-0.1666882243773412,-0.086637828565959,-0.5499916535119381,0.108787607337925,1.829392509447096,-0.220709866680657,-1.657766778460364,0.09608513401211041,0.059509396102976286,1.7743580418792795,-0.8284057590605185,1.136773315599728,1.5248102502273593,2.3290326237737946,-0.4771042164950272,1.0141184525801545,1.5368754553152224,0.23373754238669242,2.776283627954621,3.204966700132219,3.2408185610554536,3.701233642541602,2.92533050943339,-0.0440201540194087,1.48542619237116,2.337804469376669
0.21030326304464642,-1.1516082957833427,-0.9004091366026995,-0.9479116682970565,-1.7563289304598562,-0.7593103407836956,1.5487021219585397,-1.905881193662727,-1.191822287738896,-0.7841685050806965,-1.233912218211936,-1.5059206177525173,-0.5391365036078476,-0.331701919988053,0.1782333393810837,1.4003508044151551,-1.2500712211267402,0.018021792464267,0.10335401124658129,0.013470538805915408,-1.7304493311814009,1.1579507400443618,0.12183655090385428,-1.5409104292821598,-1.9242273399413485,-1.56927466831741,0.7866767772613514,-0.0955783917283601,-0.6616522581234829,-0.17566832314915148,1.5115246934311655,-1.3817594878518689,2.020353224785797,2.0506774456023398,2.7474151731624183,-0.1655724615978288,0.5761039658204922,-0.8636636460448683,1.8078047505161683,1.5886896450909314,2.7869796692706186,1.2888034596042033,2.438205957541271,1.5825173752553452,1.9999999999999991,2.3329982187257063,2.600829122274821,2.8130741737340053,1.1258859356792794,2.050398783862027,1.3359883770630097,-1.3665430925849997,-0.9471568522494678,-1.0749880723950507,-1.2972697348423337,-0.9236349007745432,-1.6128163531811899,-2.018875788203939,-1.3801331719399503,-2.1438459930434104,-1.8612258739864809,-0.7271029883183591,-1.0696340081174227,0.0430278716993909,-1.8416014907537934,-0.25365349380909596,1.415314286762069,-0.1443362444225575,-0.3322688924777038,-0.2063911234523854,-1.3799716859591065,1.290810358193669,-0.20199942182694208,0.716943449141509,-2.0734425367101568,-2.157687183303272,-1.896830389874912,-1.4117129311456165,1.7750023649021283,-0.3332168409665921,-1.3646888576940088,2.208293168834085,1.7823197880878943,1.8068113423060332,0.8169360186843548,2.174859892877339,-0.07440706862041091,1.0785065785620411,0.8234553357762588,1.3037716069345582,0.5711739714448836,-1.605446535451331,1.3951762983746012,1.5518862931183597,1.233176863399919,1.7577783534139615,2.107560892619744,1.7744156356911345,1.626728867967595,1.69531178448996
0.8644472171097726,-0.8757385727071495,-0.3629190536823679,-1.357050417201307,-1.3641557639785402,-0.27247086366134643,1.5199379167905103,-1.8292024269501463,-0.4950711202044169,1.1359557593584781,0.42115918210638104,0.2572457729582835,1.0168940075671453,1.0417375951786436,1.735113811718124,1.2348621540626552,-0.9683727409973815,-2.0401806573613417,-0.4356297451461032,-2.1291173462683552,-1.1971184781795545,0.6048254173820835,0.2246877388208651,-1.1589985022390599,-0.2068990292009257,-0.1200633152382971,1.5113569971119343,1.5382262690187316,0.7553970290399674,1.817758225634493,2.305120665653803,-0.9226319795621019,1.6721172121823644,0.18397045193831357,2.405605011295544,-0.2420914926675239,2.2079248928231214,1.3686313518513729,3.1188572698555186,2.969151431133693,2.670601289845945,3.0104621180227302,3.1045067989043607,3.4466030227527336,2.3329982187257063,2.0000000000000004,3.132910744200169,1.908305754640308,1.5951643605519363,2.6704890841456,-0.31954202055953185,-1.0156003040306534,-1.7150716757864846,-1.4902253241453751,-1.0661835659028414,-0.2427583609890836,-1.6925764411475668,-1.4856955561991212,0.3742980441172831,-0.44184266058949206,-0.05072443346087921,0.5797371903764033,0.6285414573032999,0.8959835118176487,-0.9352878202233392,1.3535449547806429,2.017177938231599,0.0699743929670707,-1.2269347320711004,-1.999816053220166,-2.1118768931089598,1.648851082089851,-0.6012023790343499,2.5744664819269403,-0.8670763273286258,-0.7891939994956392,-1.0814714141211337,-0.1829566577329821,1.667611754558362,-0.6397064700482137,-1.6740496855753721,1.0154212702567622,0.7887006510635644,2.3364298890232433,-0.0962897580794216,1.989901198964068,1.2150474912354068,2.4691270397990803,-0.2006782619378063,1.3376635510063672,1.3417193547182453,-0.5299776463428609,3.0253592927198603,2.878844326156945,3.071082412645699,3.371423226065687,3.48657512145674,0.906814249050197,1.6628828412823173,2.250635461802723
0.9220470343119,-1.039616636056011,-0.678151763617692,-1.0614615137056724,-1.6776253157401373,-0.5682082012579794,1.87979221735211,-2.2741789456376997,-0.9979504429254811,0.11191706617146449,-0.2552172741120352,-0.54679532818325,0.6652703938367194,0.635389112179227,1.423788124141762,1.9781003298836313,-1.7646439714215165,-1.1632293333413788,-0.3951188352049158,-1.3329042321047964,-1.7502135976913524,1.0647121723585353,-0.0032048836470464012,-2.1794775586531197,-1.4272820544821219,-1.270197364199631,0.4686618989155164,0.7188282857221592,-0.0023988388361445012,0.9335914329547603,1.572876931109314,-1.037571479325596,2.924191355169934,1.5758653226652939,3.2887684233680017,-0.37356277388734926,1.6360952501484567,0.0964973150420071,3.284681084649595,3.1199318033966446,3.4748674750158988,2.294545242019665,3.4471040451450348,2.400642046506784,2.600829122274821,3.132910744200169,2.0,2.8183062346682948,1.5821645969512064,2.756214437204202,0.8062711722487532,-1.2555903005773046,-1.586398044407545,-1.1797912547022655,-1.2993266621046948,-0.5790538121001463,-2.0596538299851166,-2.300044755159198,-0.4700406224284932,-1.674726994980233,-0.9370746897329213,0.3646729849536196,-0.0244041145413762,0.5837435000751967,-2.0329212921135693,1.010455093633155,2.1865999821648954,-0.4255283491776368,-1.2592271829188326,-1.5012185396490008,-2.4132603593212947,1.9167949941145603,-0.8619856464960146,2.1157461719925847,-2.2214528445593187,-2.192754837933752,-1.8508836421747659,-1.3222321013218847,1.1787326239139995,-0.8861176548559839,-2.2497534380550444,2.1368892559349164,1.6831687884319146,2.714541005237231,-0.0419962233048666,2.986116251298999,0.6036222659079831,1.7575282342127456,0.371204515467611,1.4743187272228027,0.7222933252707736,-1.4989307512273895,2.803740766113599,2.0512982477691275,2.8074508389419135,2.5487453783357075,2.641278050379803,1.2663902467606436,1.9861654496629524,2.2341025478951084
0.1448429335201141,-1.7901470403049577,-0.9023067804424882,-1.6722009421356785,-2.3706361633026307,-1.0585131951102125,0.8774203412076094,-2.0710837867918235,-1.1446118038569624,-0.6424679337146821,-1.181011548890588,-1.3059961169277021,0.028789892759386967,-0.17480415054577358,0.3570785779530232,1.097732385738508,-1.2366697598763836,0.5463451591178966,0.3992319738342096,0.6878056314601151,-1.594351334351972,1.6200445787252757,0.8961649371499237,-1.7072625744824228,-1.9391263121783728,-1.6463709816491556,0.3995231627617522,0.09494857927682969,-0.8383456343825821,-0.209173705602139,0.2951124618019556,-1.5942913273784065,2.579752152091255,2.5512768717435006,2.9990774543864522,-0.2650409342199517,0.311752460669106,-1.2046297204025622,1.5505150305962392,1.299465070637414,2.656861061861025,0.8690686770233602,2.169373723718881,0.8826071983826219,2.8130741737340053,1.908305754640308,2.8183062346682948,1.9999999999999998,0.46449129091056507,1.4340801988424967,1.6069953290246097,-1.9345014103732296,-1.513690649883214,-1.8423308831712888,-1.5815635900484215,-0.9488559851695841,-2.209821747224715,-2.2079426510793123,-1.4137441508149018,-2.4903981831481077,-1.464645974956381,-0.086425931444498,-0.6528935246257268,0.3237132427371131,-1.7115808584433196,-0.0660945264355948,0.9896446403498024,-0.005423980027374105,-0.0076098393811249165,0.12899941270909648,-0.9713226027660107,1.552551566611882,0.3352931857078061,0.2330351037075972,-2.3067050776069555,-2.311924324411029,-1.7553912669604248,-1.1942333800974767,0.5998817653147579,-0.6897461551991069,-1.0943503685324478,2.6257096972664424,2.335533211230202,2.0042068910962474,1.174289071361628,2.5057819767905123,-0.378085683798643,1.2255731623725454,0.8545349940106957,0.9778913138913128,0.03210486122757851,-2.006659236033295,1.1980691553911702,0.940949880484685,1.0488112769012408,0.9501398619091433,1.9170384867067858,2.7255054693509617,1.395521283130135,0.8936365578149041
1.936991138743486,1.6651180687796587,1.6270202031619845,0.9126068258161661,1.116780453069007,1.8302974131472092,2.4096442375448612,0.034181869703801195,0.6693817120018317,0.3822544919713864,0.3603120205293862,-0.3072150098709697,-0.5583560781244464,-1.1167017167821214,-0.31480569026868643,1.308042497752613,-2.588157879001513,-1.7120906578610897,-2.5412689048824317,-0.9655857068229696,-2.1566140962036155,-1.8387772552998318,-2.3243161894190867,-1.9221453769201635,-0.363434803635793,-1.1472586574515549,-0.7471113874301825,-0.28144779153823457,-0.1528003096766045,-0.3877963788573935,1.9078980527185314,0.21433791290246748,0.795942579909238,-1.0272970008918452,0.4987208506731084,2.3446081268954373,1.4968192060130767,0.5652495265268178,2.0608996007562466,2.2149088813750506,1.6505619620237844,1.4539536526630918,1.55340179861425,1.7680605049816085,1.1258859356792794,1.5951643605519363,1.5821645969512064,0.46449129091056507,2.0000000000000004,2.5064083812659463,0.4384930304698992,1.8006144981029075,0.19509874711365655,0.981523040953286,1.5155154212364457,1.9803770615812617,0.7753884029502728,0.03982923653424541,0.47411081305123026,0.4260087533959648,-0.3545019177772353,-0.884833318142656,-1.5442220128337558,-1.3361250300620966,-2.096527096506014,-0.5680313418637368,2.0819365116177444,-1.775218849358445,-2.8535789525207904,-1.866665618108963,-2.3894942952656555,-1.1130714289248007,-2.770171988980473,1.6461238580424595,-1.3660295165290277,-0.8931238977060942,-1.6846081127648382,-2.1253209005059954,1.1177699619480026,-0.1371489655896297,-2.8043756190975073,-0.3652675681309284,-0.6061609722548145,-0.008106199964649802,-2.497897844423104,-0.07626723804822917,0.6229560844419995,-0.3430925245799637,1.6697499081368616,-0.5057498201974279,0.4443007303507497,0.3069158755595741,1.404290527155698,1.9434836127359192,1.544374853998321,1.6316972202377311,0.6687521465902528,-1.4764656496950768,3.3883172025699038,2.2934395539803902
1.1076557735342436,-0.3186536101835319,-0.8563913573998216,0.09971799182482183,-0.6436845115339863,-0.68586351397531,2.9565909746445564,-1.7216881818083216,-1.481074837526504,-0.1254320765592406,-0.39811906639993844,-0.8534651323383571,-0.2780569269794996,-0.22882513197966997,0.3671439385125184,1.6056074742567454,-1.8185960415342057,-1.493700399217911,-0.8918635364686984,-1.0843782202582788,-1.8253053211405685,-0.6587465451439979,-1.1612354743833588,-2.0166282168083667,-1.1631836057352083,-1.6603600789874307,-0.660855711997056,-0.48394583322110574,0.06188526451505058,0.049379356970791904,2.2100957958519967,-0.6004076638634592,1.6843042149719634,0.5049017767617763,1.7329316097025236,0.4714077197059402,2.413389370601928,0.5729516469714927,2.852951038605622,2.870856393858193,3.196544400787335,2.0667764529263355,2.554569684304536,2.6020244092558875,2.0503987838620263,2.6704890841456,2.7562144372042026,1.4340801988424967,2.5064083812659463,2.0,0.9818160066870334,-0.49491943463037646,-0.06841714750580194,0.17618163930147498,-1.0967170939755115,-0.6296855863513631,-0.7394138528932179,-1.7404176132201696,-0.272859666457175,-0.9936796748353101,-1.1565379661320627,-0.6696470506973184,-1.0467254388169225,-0.009677047832928887,-1.9037821334499943,-0.2179945704897909,3.304962802700761,-0.6874203115397162,-1.5963246233664856,-1.430422087056611,-2.4885666114047913,0.824498184245799,-1.4767359818849708,2.437449250637915,-1.7211215237369402,-1.7136638650108793,-1.8674203757647203,-1.889005517787993,2.3091614200023787,0.30215127324736146,-2.2409692644595265,1.3971931115878435,0.7171983860075797,1.5732683182273437,-1.3159574367734574,1.9126564146295615,1.5442555965092344,0.4527140378663659,1.6693898412923718,1.958408082575283,1.652474498933537,-0.4552705190710694,2.466887316710798,2.5705123855700505,2.606976909250844,2.986919479576198,2.2147780245803874,0.025990334572173007,2.8629291282098954,3.717385859032622
1.0477033969124314,-0.33928195358146873,-0.31382169455219006,0.0839720655293518,-0.6562286539117461,-0.7779751326064808,1.0721315778025593,-0.5435227714944769,-0.9495565844690533,-1.2611702556104656,-1.1207383612842026,-1.5085615263210201,-0.8955765352020202,-1.1403352403135876,-1.0747039737173307,0.7675059021743539,-1.2066375862640442,1.140787634860983,-0.015277474760932302,1.6591583644534837,-1.1313669103563002,-0.0155216378681903,-0.2841388414052066,-1.3085813095077,-1.228976956134897,-1.4825121038703988,-0.8582706677236657,-1.4293794602996526,-0.4472667382388144,-1.4774141175723898,0.04509723604692161,0.3488403935547747,1.6458801610853924,1.5137435300631972,1.1817068239963597,0.7664163241502849,0.0161774549182068,-1.4526596806709025,0.1349943968551586,-0.022165517490859016,1.3068055918466812,-0.11219071121183062,0.3339904894551442,-0.574773707805412,1.3359883770630099,-0.31954202055953185,0.8062711722487532,1.6069953290246097,0.4384930304698992,0.9818160066870334,1.9999999999999991,-0.22529332782458308,0.1348885906070601,0.10449232336695481,-0.3494306965105055,-0.3132709012125626,-0.2790190910193895,-0.6437437656467575,-0.6849404910066998,-1.5605755031462647,-1.0463576247466615,-0.5901447688637325,-0.8211928532765305,-0.4918564245201343,-1.2123902937160485,-1.0016993535808116,1.0571196038540274,-0.27538070454309527,-0.2047804088858397,0.4944065770992002,-0.19714608888308283,0.3609757461844479,-0.0466355847244421,-0.27941791940872784,-1.1761961322620982,-1.0358648337416851,-0.444683400413958,-0.9187727269842331,0.8564398038419079,1.3361909442933417,-0.4034040441036857,1.277351669101787,0.9964543889764502,0.40499513672667786,0.310292519559292,1.00448444958915,0.30413304682571746,-0.5726344792406919,1.651532042826152,0.5813726971707419,0.616172179645585,-0.4565769438183902,0.12780758892999936,0.16751665741720037,-0.3042345029302398,-0.1203795479576268,-0.13142667604812572,1.0577066789899348,0.9899944604797631,0.8131164437665128
1.611914996587306,3.634500667181703,2.94663907515849,2.641473601671643,3.390964229929123,2.816242807716754,0.6614547820410617,2.9085192654854235,2.2186814986000343,0.8624452310562305,1.003332821366619,0.8236104840151975,-0.7377396212290999,-1.0727909752882892,-0.9918853328843684,0.33539768750564825,-1.204640650687789,-0.5344924098264686,-2.4075734024666473,-0.2787758678752129,-0.5767238242140577,-2.1093450913570924,-2.0174374948834872,-0.052393129699749706,1.2076942858320265,0.6907161952841594,-0.5685700005649839,-0.074646921393663,0.21307168057564088,-0.3496712280217156,0.2528913599730859,2.0254538895627188,-1.031322224681042,-2.392855165836842,-1.70792722429916,2.33114995975542,0.1814425619200469,1.1057467330748307,-0.2442291564594049,-0.1577329495633769,-1.4614453432388754,-0.11744294490682909,-0.9408872613453051,-0.3681548522075158,-1.3665430925849997,-1.0156003040306534,-1.2555903005773046,-1.9345014103732296,1.8006144981029075,-0.49491943463037646,-0.22529332782458308,2.0,1.1971226307646226,2.7669692428357546,3.3178424518056473,2.8631428858626427,3.173170681903324,2.7065818686183847,1.7064599773661975,2.0296921127254084,0.9026000194536521,-0.9681302226966675,-0.8095786471003901,-1.5816013394441015,-0.4752767246969615,-0.6119230916124125,-0.3124303025654415,-1.929040175109992,-2.1729766380173308,-0.8090648928584793,-0.5721504028898912,-2.297843849665289,-2.2258933817667086,0.2473362101332219,0.5686312599855131,1.2717859503213076,0.4429282548130119,-0.637215670944658,-0.6806461662141619,0.6120388555896913,-1.1502988845275346,-2.4882936253031938,-2.291756441445433,-2.0293523118860746,-2.3414173753267833,-2.180680165904355,0.2090371339375753,-1.3078553713274448,0.32576254907347457,-2.0136262708625643,-0.15197421266461614,2.092291135938874,-0.4151993752615507,-0.15081591381136222,-0.4671561433824437,-0.736016506766491,-1.7510292444529183,-2.857728396276022,0.9252564589364283,-0.2978654886609089
-1.1006489545223328,1.0407521124905952,-0.12329801352983788,1.9874357524283965,1.1083873423729642,-0.2104403037761461,1.3474009199906198,1.3017168969700772,-0.4986992743678027,-1.1019524829201786,-0.5194739161215628,-0.7669926589041027,-1.8122670689454998,-0.7170087605074639,-1.3717431996165048,0.8044389616938119,0.24133556934918224,1.7265845877074897,0.487791690404643,1.2569647714155152,0.3358074736923164,-0.7785840614777251,-0.35679067122667407,0.501593719051854,-0.8192518233635749,-0.5619869409087157,-1.6331899391183313,-1.420245410699404,-0.7258699901812273,-1.547240551758236,-1.1908941141684855,0.5856880591577539,-0.8290112411587058,-0.0626270702499164,-1.1106730030349334,0.3263985991876483,-0.3691060425182916,-0.5914379743089212,-0.7088715251385959,-0.4875603401783276,-0.6005087040356035,-1.575395861415779,-0.9695239738909587,-1.31059517967688,-0.9471568522494678,-1.7150716757864846,-1.586398044407545,-1.513690649883214,0.19509874711365655,-0.06841714750580194,0.1348885906070601,1.1971226307646226,2.0,1.7289232111162454,0.1812148497439388,-0.06719498714042639,1.9672868753896144,0.4872161619293096,-0.7341497371217764,0.06444782432028646,-0.8927974530607465,-1.2845053166201146,-1.223444188357097,-0.5366084848123145,0.3823947125462396,-1.3195984078426823,0.7363276106618963,0.2710025149549178,0.9004733564644456,1.7971976820965725,0.9706333995613621,-0.30038513881282275,0.2973305546976047,-0.5298457904174074,0.2542758515928305,-0.1112195397465356,0.29283703071917117,-0.43192044003152,-0.3110171824248688,1.0109092007025107,0.7115814310995935,-0.2556550999501579,-0.9141373467470152,-0.3497237039499721,-0.4675938510921626,-0.7223315475275326,0.09554305248075387,-1.737469538329179,1.0096730913820544,0.40854603471683487,-0.2409104587964357,0.176299361132195,-1.12548305000065,-0.6759595264433091,-0.7558091425129867,-0.7559094326262956,-1.2391383994184118,-0.8044682904703485,0.09765317016927941,0.43721682133473194
0.797051600802636,3.059525858887967,0.9020383690266851,3.751043515327918,3.1856453230509656,0.8837274092796708,1.3633737009526803,1.96648930769916,0.10081102884074211,0.009920305184004895,0.05690490482410811,0.0974468447481682,-1.0305805284138394,-1.2967071819454434,-1.5107494214423354,1.0512137972628526,-0.9100360998834738,0.2524902545114098,-1.599393730813791,0.2935369740444283,-0.7017642575421019,-1.5391754798018513,-1.8409803564753653,-0.1825973190965175,0.40370653923863653,-0.2096002487948025,-1.7719988210684863,-1.0791705058474514,-0.2333315343299424,-0.6981580103612754,-0.07780804815381871,1.8786476825331784,-0.7099709986265632,-0.9150319974244137,-1.5934889650616977,1.0239620436739116,0.46264134586817335,0.7683060364817094,-0.3588808983662889,-0.2663251377678411,-0.8308356917686814,-0.6691404727153961,-1.022420474307807,-0.9147006632706371,-1.0749880723950507,-1.4902253241453751,-1.1797912547022655,-1.842330883171289,0.981523040953286,0.17618163930147498,0.10449232336695481,2.7669692428357546,1.7289232111162454,2.0,1.5532149294292465,0.5851824575320783,2.8109460484688795,1.343152659248303,1.0205198084659868,0.9326583072196444,-0.0021819522906279115,-1.3935583428800047,-1.2412394276329062,-1.229844016925092,-0.8896327412651052,-1.3639754767238415,0.2462206490291936,-1.6736724288442701,-1.1544810361476943,0.19781676618398927,-0.7690454423174614,-1.6301614431140785,-1.4683347803584434,0.3266452854227838,0.009893561430708298,0.44104685779209085,-0.134226986958922,-0.994995795563506,-0.1008453553833438,1.3732308743767996,-0.7738977888177685,-1.4404200392869086,-1.6092637314419305,-2.052750326506518,-1.9399380216920263,-1.2107333900174433,0.5536335230932846,-1.9237975284006765,0.37891477718335276,-0.37814092161012214,0.5982995229210584,1.7870392782842566,-0.4213849737674351,-0.6610240377999301,-0.6862418566971387,-0.8080987081910613,-1.9574099402531497,-2.4213101830031705,0.4609692611235801,0.5010797634564651
1.5740210140778155,3.0572293297040396,3.4366333418376813,1.5855623187647427,2.9320670708444156,3.441752443224448,-0.1449470793238469,2.6540176920119714,2.991308734827809,1.0314885372110758,1.1922113625518738,0.9924976039916187,-0.2116513950541629,-0.6033108195504093,-0.3890190947790302,-0.2713169531020704,-0.9074049085649879,-0.9268938145326022,-2.209440840654689,-0.32228855299195147,-0.051068803321055595,-1.8991803184309544,-1.8263314883413742,0.0789788773080723,1.5702057754941856,0.9262838115081212,-0.1032781007930964,0.36375710693078706,0.5858551360935347,-0.1959741084385916,0.1888325898543522,1.590991146211468,-0.9486124374450008,-2.5018179097447795,-1.7862418089978163,2.3544820921900955,-0.4156616096202787,0.9084598246715436,-0.5328721032761223,-0.4387965810068934,-1.681525893132822,-0.12172365076618971,-1.0035091106386744,-0.42471066228630483,-1.2972697348423337,-1.0661835659028414,-1.2993266621046948,-1.5815635900484215,1.5155154212364457,-1.0967170939755115,-0.3494306965105055,3.3178424518056473,0.1812148497439388,1.5532149294292465,1.9999999999999998,3.403318160931197,2.304233290217453,2.8285002691136287,1.824893844020809,2.1497068592370314,1.3804427811457094,-0.27939860719907217,-0.2615697050787737,-1.2779967792249929,-0.09996596473884971,0.10582661636083228,-0.7892378594614231,-1.5613583617955573,-2.0531465191576737,-1.2571793311433441,-0.15404463666834317,-2.477256254823229,-2.159335008542002,-0.0880764767930279,0.8160345103289041,1.507202899561766,0.779965015531609,-0.158979202990823,-0.9769277628312799,0.1728396885650585,-0.887257554857382,-2.449915896697001,-1.906590241242374,-2.206421498598645,-1.8872543820221122,-2.4470649278456817,-0.31034579403909923,-0.7606741353486663,-0.047324055943070105,-2.4766418857293293,-0.49087416398934136,1.8518702445123745,-0.5520081053437154,-0.27884067240748733,-0.7947287256770253,-0.9191796569503434,-1.7622263649860597,-2.418460755263769,0.6430079930626155,-1.0322159599856024
1.4973669893714139,2.600205674423118,3.512188411896921,0.7567779482872549,2.2579708539677488,3.6078579408021585,0.007673813702975502,2.11680377632041,3.2741426944628333,1.1620868773738955,1.4234999982376797,1.1257264262414106,0.1884911222409714,-0.15621412773677779,0.2658398665840207,-0.16919799163100302,-1.0251251745381484,-1.2450726146677755,-2.132116736849713,-0.5149145922686617,0.047670544157488996,-1.7289719495327285,-1.4266135857533486,-0.08486391983487068,1.2480224034006864,0.8521232675382282,0.2220363676128301,0.7345115074282802,0.7861484592112389,0.1412803987618699,0.4075877869888016,0.8886438865152613,-0.5896859089077251,-2.5491859736558276,-1.1299081675110005,2.501044421706148,-0.3806660546876575,0.7589156072873686,0.15025900952954926,0.3380046466878771,-1.0688087987540027,0.13963319825494042,-0.238024435640704,0.1943720663248994,-0.9236349007745432,-0.2427583609890836,-0.5790538121001463,-0.9488559851695841,1.9803770615812617,-0.6296855863513631,-0.3132709012125626,2.8631428858626427,-0.06719498714042639,0.5851824575320783,3.4033181609311973,2.0,1.484009422611182,2.2922639859014193,1.320968093521727,1.8437095623249466,1.3497704215704711,0.22101654310880636,-0.012620948838176695,-0.9920440125724395,-0.0807861180830407,0.7015255757464678,-0.1360190899329337,-1.1222741530266616,-2.198619515104066,-1.5413761590650021,-0.054064424427230195,-1.9018777945795422,-2.035806315293868,0.2224753945846587,0.6317684224960478,0.967038962002825,0.5637172974336733,-0.0483792566090956,-0.8738040973079015,-0.6005649980622857,-1.1759524993194674,-1.967097505672839,-1.4554902899398598,-1.2642044050090433,-1.7706222634274296,-2.0188729515374506,-0.6525274261614085,-0.35795847917784307,0.2370090895084712,-2.393963121665088,-0.8998144727570427,0.9689387835855541,-0.08042217426888928,0.2090924994556587,-0.0761544084071882,-0.3249488283608136,-0.8286212757296623,-1.7356603531308237,1.1624590528049097,-0.7909865614166969
0.6437341606664599,3.0757251705601174,1.8897252434438596,2.9378480599476178,3.1675517914351206,1.5300904271042066,0.7659134495954164,3.4177536168372233,1.3989112028689712,0.12055411647565831,0.3846325665845889,0.12890415277573838,-1.5967430629101418,-1.3542064808540362,-1.7604505554873362,-0.2637611580161494,-0.6774304834681113,0.5153030211417826,-1.6291654111776601,0.5628682784827714,-0.3107788541557699,-2.246501336733002,-1.5200584510842208,0.4399918371816107,0.9642394210066998,0.42376250505921254,-0.9772594001211888,-0.9084994583677293,-0.2207880803898693,-1.0198470548386278,-0.4524411081703991,2.181174858288933,-1.7524993281135859,-1.8864601477553202,-2.1656295883731715,1.8251315272633701,-0.08506997864636738,0.7671828563629884,-1.1308704906451328,-1.036686702059861,-1.7595058278399849,-0.8197366626472553,-1.6869255199272497,-0.9871998912515438,-1.6128163531811899,-1.6925764411475668,-2.0596538299851166,-2.2098217472247152,0.7753884029502728,-0.7394138528932179,-0.2790190910193895,3.173170681903324,1.9672868753896144,2.8109460484688795,2.304233290217453,1.484009422611182,2.0,2.85454287032524,1.1556548666997561,1.5373674345198751,0.256527913800089,-1.7874290652072073,-1.206960253799008,-1.369977286614052,0.0633295255490032,-1.5365841154162472,-0.38175767272482,-1.5173775579731088,-1.092161663536354,0.44685721222064606,0.18719125670498088,-2.0997106287320153,-1.1537271515108998,-0.523245177730947,0.7367264980406605,1.3276438876228838,0.6677107070404389,-0.5187257816040515,-0.618436831415131,1.3329097457763373,-0.2340563823641374,-2.2261688497002377,-2.3050486744261733,-2.2549043938757927,-1.849710160977811,-2.1344097216341775,0.2378113687314862,-1.8724628108204726,0.7195405880546404,-1.4307310201526628,0.1343683307252273,2.157499003532362,-1.2672821445016609,-0.45335693204025346,-1.0799849087029825,-1.1784899736142078,-2.1217552404188926,-2.5478914009270026,0.14102492271193562,-0.28029290029870413
0.8797492879716019,2.673226484839549,2.685840280124582,1.4356291537520294,3.050339831395269,2.3190313010850545,-0.8890425549445324,3.599500722221263,2.9034918618590817,1.1481961482910208,1.1074333544828656,1.1525761746685421,-0.4364814003847519,-0.7795615683207163,-0.8805844855141627,-1.1219489074193318,0.36540561105817393,-0.38343029045353294,-1.3347802197287502,-0.1438137319636692,0.5764151851833592,-2.0530868894413814,-1.2576523503345396,1.3934808107383472,2.2581805575322527,1.5480745774114395,0.2057055273248394,0.1352123973756392,0.5777051398659835,-0.33198352382146734,-0.1974572719910004,2.090358063723321,-1.9055427402775322,-2.5635212052176013,-2.5671143815026145,1.8855791480552975,-0.24298477053360779,1.0070096742333832,-1.552755635005846,-1.5668475745383172,-2.400508266816025,-0.4962123716223087,-2.0462746006868007,-0.7535417827559574,-2.018875788203939,-1.4856955561991212,-2.300044755159198,-2.2079426510793123,0.03982923653424541,-1.7404176132201696,-0.6437437656467575,2.7065818686183847,0.4872161619293096,1.343152659248303,2.8285002691136287,2.292263985901419,2.85454287032524,2.000000000000001,2.092890003281995,2.4116661676658016,1.7949513087237479,-0.5614476125523273,0.23993277455931192,-1.1300571751541817,0.8394739408129246,-0.3197415952444228,-1.2442910040991038,-1.1734643393216013,-1.0112582679772462,-0.582142870984136,0.8347794664051249,-2.1358848851783225,-1.0891910789146142,-0.7471137376166155,1.9324803529670442,2.62830796332658,1.7611377024925778,0.7050414058313765,-0.5611090977005566,1.0934888116075339,0.6281626933000403,-2.4921462122311264,-1.846997227498922,-2.256264793113014,-1.1069908634389667,-2.645710394405321,0.2415078944956412,-0.7673567949898047,0.016375879304707117,-1.8891065113197634,0.0921024287472748,2.3632205607610963,-1.0810812641424246,-0.3978857452930709,-1.108223217701846,-1.1541933680554943,-1.6338972133844143,-2.1199165334936025,-0.6936004827781624,-1.3803223357444514
1.9898452537078735,1.937598322598313,1.8748287713297254,0.9177329661841256,2.198711723839946,1.5773176144585181,-0.1708066512619827,1.5060666925499082,1.4805472673768123,3.18921273504011,2.6119168720376136,2.6915363343380303,1.5523624193786878,0.4877670960051659,0.6154212538015313,-0.1937333713514492,0.4455414469741238,-2.2682129347240005,-1.1688801080580498,-1.9180524898515734,0.11402459850220571,-1.0319391665115059,-0.6141728947302267,1.151009128062483,3.3276064887533012,2.3922298219078884,1.1342255038692308,1.877083268349328,1.897539472446007,1.8647103185280187,1.0102561170466602,2.270715139866737,-0.6860533326900142,-2.3384471498215493,-1.2912975711867283,1.0984254999457033,1.5847375032116124,2.4952874968724683,0.3221003385098711,0.2144924053391918,-1.2010844012693103,1.512096962169283,-0.5382444471375822,0.9149447900871344,-1.3801331719399503,0.3742980441172831,-0.4700406224284932,-1.4137441508149018,0.47411081305123026,-0.272859666457175,-0.6849404910066998,1.7064599773661975,-0.7341497371217764,1.0205198084659868,1.824893844020809,1.320968093521727,1.1556548666997566,2.092890003281995,1.9999999999999993,2.982901207340308,3.1331948230491293,1.1978772563487714,1.7838683807234972,-0.19307939561767917,0.18537326309017219,0.7671519002605447,-0.06763373077642759,-0.6856452775991819,-1.4816481409395508,-2.367343716212714,-1.1124650995641492,-0.6187272651836183,-1.0488410693147359,1.995199555994232,2.135686484536265,2.8690316840228847,1.5590284774144982,1.4333697537595258,0.034635882945351,1.5732767325583752,-0.0759080057288743,-2.1444459217491088,-1.60354516425995,-1.3061702664657915,-0.8745212023833113,-1.1452210431163308,1.9611577608538593,1.3043240241299094,-0.9045271349431767,-0.2949437401643814,1.9094313414890247,3.067849486576022,1.7399451562660475,0.8407113257789351,0.7036627264704373,0.5788655532600606,0.2752412945659511,-1.6483615648688705,-0.1507435754310057,-0.0166381943438995
0.9352380309366382,2.0014713641223745,1.9885126601085252,0.8869672380248883,2.3360798373424934,2.119696336346795,-0.8367764564495406,1.8747343809558044,1.9936007918398853,2.6441762694219553,2.5784620126039948,2.888023272951595,1.3550842557511316,0.7481175569456389,0.5931230268049468,-0.9720207860052015,1.2148920503346352,-1.85197723608343,-0.7934977687137506,-1.6295128489715978,1.0650887270740574,-1.4505973519637714,-0.5666498276411939,1.6757358050206026,3.04396942703576,2.567422937544227,0.9183542944421735,1.5725116754873483,1.5614375427577203,1.469733901045248,0.5607278172621855,1.728183982984524,-1.7714127590027644,-3.042541108745024,-2.285221420360094,1.015641555349153,0.6095351355070244,2.14222899962174,-0.5154750160564594,-0.33853536332518097,-2.1449069908494365,0.3455255476788094,-1.2699995733847607,0.3384970275251727,-2.1438459930434104,-0.44184266058949206,-1.674726994980233,-2.4903981831481077,0.4260087533959648,-0.9936796748353101,-1.5605755031462647,2.0296921127254084,0.06444782432028646,0.9326583072196444,2.1497068592370314,1.8437095623249466,1.5373674345198751,2.4116661676658016,2.982901207340308,2.0,3.1437565892718897,1.349179966985234,1.7253140867122518,0.0524396826036239,1.5028209748822767,0.9675705929512008,-0.8453139761665424,0.09545171555425003,-0.9708985724068713,-1.7515134911230672,0.028124729068576895,-1.4180707592152264,-0.7667910986254982,0.8828134469153293,2.941385666235493,2.9486797448523445,2.0008691219450854,1.7352460054805054,-0.6577469352380074,0.8723474580767028,0.43193972249001567,-2.936510351326265,-2.5029288202448647,-1.880798375978424,-1.2311100590340551,-2.380640897849484,1.0813318331106132,0.5023844526926006,-1.2149249141192036,-1.1656099205925878,0.6424351861431634,2.54950361597862,0.2996611551622135,0.02154202633907809,-0.07738725449484739,-0.07283349104610112,-0.5886787590818912,-2.309416063965964,-0.6347550315727659,-0.7867466225757151
1.1372481217451793,1.0397495538539858,1.5101500920523505,-0.05708112280115529,1.4452409622396194,1.4856726628908996,-1.3832284852447823,0.9938440632947292,1.7023059226396224,3.0864851533180646,2.760461378645498,3.4040142572873466,2.625833841028,1.1636439274132861,1.2345915389009618,-0.7633703653801801,1.7632934600200032,-1.8944799622685533,-0.0766730482242339,-1.6460962613157675,1.3539286778587822,-0.1812290711900767,0.2011917282522292,2.1169837713601543,3.1464591523620995,3.075592716023128,1.4651870674420084,2.317647010616164,2.229628540105253,2.1448916037799455,0.5222486697616999,1.4710652205113386,-0.9899537893689507,-2.233918687614336,-1.5039673111049199,0.3321073231111989,0.9193695397018782,2.079791047699483,-0.23112284757997342,-0.1836912975381184,-1.7397752933168076,0.8652979405478354,-0.725878076494252,0.4930137066258353,-1.8612258739864809,-0.05072443346087921,-0.9370746897329213,-1.464645974956381,-0.3545019177772353,-1.1565379661320627,-1.0463576247466615,0.9026000194536521,-0.8927974530607465,-0.0021819522906279115,1.3804427811457094,1.3497704215704711,0.256527913800089,1.7949513087237479,3.1331948230491293,3.1437565892718897,1.9999999999999998,2.5115665278904595,2.7140582726031504,0.22201722173724453,1.238841072476264,1.5459145116576716,-0.8451397085308285,0.3257680324956112,-0.3962013423905414,-1.8280165261057182,0.21814719472467128,-0.1235261486932406,-0.19408058450520752,1.1997444028618531,2.8507829216099068,2.9731077991973893,2.2543081871548596,2.4934813093429673,-0.47656859713280786,0.642426636300856,1.0518749191193626,-1.9038257136151302,-1.0707182006826317,-0.9519687567183586,0.08545082686413001,-1.4187528522098776,1.471752043812324,1.5782270762083854,-1.5183744982581033,-0.5409181311274157,0.6157929295921857,1.9514877386791736,0.9907505654668802,0.22517318257255797,0.48500723364854575,0.1537159880925478,0.1655053502201152,-0.8944675526235263,-1.0329298090772636,-1.0087161631761328
-0.010471158023445615,-0.8682361256545064,-0.1365503089470827,-1.4000339893856484,-0.8657019196220384,0.33791507690075834,-1.2118823654727597,-1.1750204995994615,0.303022103576399,2.1531198477384534,1.818440007141492,2.740701732523939,3.566549416246031,2.5522340608754885,2.6059582266414,-0.15801606681762947,1.9774630299275302,-1.1201205953237654,1.551031326675146,-1.1767748192985816,2.0828597757451677,1.6795989837941465,1.8198169844370387,1.3838909027070643,1.3580878605895688,2.2334574963434304,1.5870799741546178,2.456687542111314,2.184227831574603,2.611303885838666,0.1057361025377774,-0.3158031542565451,0.14363581262670946,-0.6611801644263008,0.39083536232466964,-1.2997350695456409,0.2464870744258753,1.341200564350528,0.5023920451231666,0.6264238537387776,-0.6224252608885827,0.8420185192521901,0.7459600257447677,0.6720991511713494,-0.7271029883183591,0.5797371903764033,0.3646729849536196,-0.086425931444498,-0.884833318142656,-0.6696470506973184,-0.5901447688637325,-0.9681302226966675,-1.2845053166201146,-1.3935583428800047,-0.27939860719907217,0.22101654310880636,-1.7874290652072073,-0.5614476125523273,1.1978772563487714,1.349179966985234,2.5115665278904595,2.000000000000001,3.271831072155191,1.7797152629373882,1.5217033762146384,2.6850382433472544,-0.4051454064180976,2.0357001641277903,0.6511085970298025,-0.9731883983389498,0.8894456790170613,1.5006894120867817,1.1187244391922837,1.2547896905263505,1.915258087935618,0.9154185584372004,1.6259714325602217,2.4391352106356514,-0.7979092853502097,-0.7480348931308489,0.9394847761498275,-0.6398719314433147,-0.041452506844241205,0.767326105501069,1.016930896266798,-0.0072521054841459005,0.3858026306815778,1.811280913481756,-2.0375591225367273,-0.0625432075322464,-0.513762985663428,-0.1345164162387849,1.0537664728195932,-0.166709927909773,0.8017404354301734,0.4268074750057684,0.6869492094988616,0.5183003426973412,-1.0989788971520174,-0.8310222793630042
-0.03111697373075442,-0.6168627629303127,-0.0256807654888001,-1.1870708873864548,-0.525701674489369,0.18000992392285478,-1.443324288216031,-0.3769449663233879,0.6384305070027477,2.565947757624688,2.2996469133526163,3.017419671951503,3.2883154609111678,2.8813453069911694,2.6649278548840876,-0.39803012045087893,2.372641457733192,-1.285447728194197,1.668893554693641,-1.6705589362846158,2.2674681487228323,1.4476934465774316,1.9692850438076044,1.8724602449397971,2.052193091268978,2.8478635235381655,2.0015878617209,2.7818480704479724,2.494893207155641,2.986536209073826,0.2532967130082217,0.29112521403518765,-0.15632755521399377,-1.0827040358046807,0.0029622787747554113,-1.4613507076897045,0.6404355172707774,1.7925658730833822,0.3944148084045792,0.28249926124567093,-0.9889545264887252,1.193850824795683,0.4377953065625306,0.9132446695484001,-1.0696340081174227,0.6285414573032999,-0.0244041145413762,-0.6528935246257268,-1.5442220128337558,-1.0467254388169225,-0.8211928532765305,-0.80957864710039,-1.223444188357097,-1.2412394276329062,-0.2615697050787737,-0.012620948838176695,-1.206960253799008,0.23993277455931192,1.7838683807234972,1.7253140867122518,2.7140582726031504,3.271831072155191,1.9999999999999998,2.2538473654769495,2.135899673585014,2.870187420046757,-0.6539063935753012,2.1032966777861763,0.7921500578003764,-1.1359679144192587,0.9163626105417315,1.5903201330651187,1.4561549524901207,1.2282354084207947,2.4662799630651415,1.7590742522688447,2.3553322928478213,3.0517147038262102,-0.7661177401435761,-0.2880680707683333,1.356951320826219,-0.9077665501941821,-0.32973709126423634,0.7506208756447069,1.2707079677745148,0.01787821887427911,0.8760643068526829,2.2998618089205514,-2.4739220512925164,0.1683077748363001,-0.005022884926841102,0.4717183143894508,1.1197295543782768,0.049114980600282805,0.8931144787264589,0.6898081650942692,0.9321978060582943,0.3603310214753972,-1.8797706107050427,-1.0703586656288808
-1.2383284467066271,-1.4395656228183753,-1.1898460458699711,-1.152925108352,-1.6577178920640385,-1.0161680650405434,-0.49401592789203763,-1.2574100533480932,-0.8900043037136526,0.6643219203747692,0.8791086912999357,1.0479522729184296,1.7058347556934776,3.0310915196020822,2.5472118696825348,-0.2706283604676336,1.4993700611184455,-0.0910477756525294,2.4828518436604154,-0.915158281283162,1.803710999759113,1.635693544698447,2.4046499770861054,0.198156241897321,-0.0510803305495519,0.7509283936017922,0.6218929896181582,1.2906054936865146,0.8634827323852663,1.779053792975964,-0.0750419667678033,-1.0774081711689856,0.3699088841414218,0.0717186449013208,1.0579806940582897,-2.3288336015684994,-0.0813978379576761,1.2033171311588116,0.9505126086917645,0.7481875562917291,0.0345848940831771,0.5550645733133085,1.24856780681813,1.0762763919891287,0.0430278716993909,0.8959835118176487,0.5837435000751967,0.3237132427371131,-1.3361250300620966,-0.009677047832928887,-0.4918564245201343,-1.5816013394441015,-0.5366084848123145,-1.229844016925092,-1.2779967792249929,-0.9920440125724395,-1.369977286614052,-1.1300571751541817,-0.19307939561767917,0.0524396826036239,0.22201722173724453,1.7797152629373882,2.2538473654769495,2.0,2.2968271300009597,2.4094686020523497,0.005812209058889101,2.9359805488137303,1.2061794836753448,0.06907839662603531,1.049872001232178,1.214705762693188,2.0464518638366482,0.6268617093646586,0.8688756170303495,-0.3893212588146288,1.0198374968986856,1.3596383168349133,-0.555835123285796,-0.4752996444577659,0.37000353416532805,0.05256806883561721,-0.23346239638208763,0.9986568742893844,0.5610754760794296,0.5260513725753175,-0.3704428521816451,1.138804727575617,-2.023357443485642,0.4777601037492361,0.1792712681989167,-0.44993119708311646,0.7528552121194354,0.4452399550064919,0.7796970987702041,0.9013824849163958,1.0261752126306838,0.6627124220609305,-1.0882168670537962,-0.1716442255037153
-1.5180078643668984,-0.573779294389604,-0.1653394817736586,-0.773494594364837,-0.3995514776464882,-0.1182765885390711,-1.929197687019762,0.6406841996004753,0.4610669653351343,0.797674560941759,1.2195280825800183,1.6139326070816002,1.1448044089411988,2.1961919724458134,1.410901504771658,-1.821602962004564,2.7724517760599268,0.3270575698694448,2.1984183670925628,-0.26790106807463687,2.92828735023371,0.5910654683582113,1.9532311964549538,2.0808159438058946,1.3322690278199663,1.958924993497876,0.8379308371483368,1.0027043597310334,1.0632777579732307,1.049460698115869,-0.8845879705825479,-0.1360870806438431,-1.9556537183847236,-1.4697806245738074,-1.4577208659004364,-1.4608280981616113,-0.9613567769012871,1.0682363578818164,-1.3518640198719878,-1.2344799952501129,-2.25687983826389,-0.66831668953213,-1.198824096832267,-0.43617488944630944,-1.8416014907537934,-0.9352878202233392,-2.0329212921135693,-1.7115808584433196,-2.096527096506014,-1.9037821334499943,-1.2123902937160485,-0.4752767246969615,0.3823947125462396,-0.8896327412651052,-0.09996596473884971,-0.0807861180830407,0.0633295255490032,0.8394739408129246,0.18537326309017219,1.5028209748822767,1.238841072476264,1.5217033762146384,2.135899673585014,2.2968271300009597,1.9999999999999996,1.7875793461795866,-1.517092382953709,2.768917317318807,1.8978839216698271,0.6912963751267514,2.6064774785652993,-0.039716607657886684,2.2130417458322666,-0.7927682488596658,2.6100987333461596,1.483448381046132,2.4348295836736105,2.514077118638661,-1.1723982442532503,-0.2015855552967592,2.106821176785929,-1.3727940464677024,-1.1441914820165102,-0.4904835009602224,0.9044696874654753,-1.3470740953527753,-0.3560500972199076,0.366832772220773,-1.8895702205351794,-0.5762588399614558,-0.663889257327726,0.356047780573701,-1.0364238293554182,-0.7809909140632318,-0.8834712748000688,-0.5830231482567692,-0.2693127002660112,0.005559306759561004,-2.340422638552965,-1.6404103986522567
-0.2032230646691392,-0.41737291726032677,0.2742297080017304,-1.2392839808094733,-0.7803790444105725,0.904520199816089,-0.6262474697674923,-0.8138865348917519,1.0337910019595173,1.7519283929167155,1.8788830457274042,2.137689814933618,2.735079130684858,3.3726680454839255,3.7249277161235086,0.30682781875909576,1.0713904482204983,-1.3821259905228667,1.1455630566249142,-2.005863822651692,2.0558516301459018,1.4886320855141009,1.6111972374639674,0.4356307559504064,0.9483826486014946,1.7471083775481475,1.4776551249173675,2.3252297641511537,2.290892876391017,2.709547469101134,0.4654487766186517,-0.7000383836151229,0.4679816501844452,-1.0493056352452133,0.9058838063940166,-1.4663518995893405,0.12459007568849739,1.6536119365755366,1.3786078898029417,1.478821515903211,-0.0182717597355848,1.402823436166764,1.696554990181389,1.509071511158096,-0.25365349380909596,1.3535449547806429,1.010455093633155,-0.0660945264355948,-0.5680313418637368,-0.2179945704897909,-1.0016993535808116,-0.6119230916124125,-1.3195984078426823,-1.3639754767238415,0.10582661636083228,0.7015255757464678,-1.5365841154162472,-0.3197415952444228,0.7671519002605446,0.9675705929512008,1.5459145116576716,2.6850382433472544,2.870187420046757,2.4094686020523497,1.7875793461795866,2.0,0.058781279594725705,1.6002596435532102,-0.2185540805596076,-1.3739583722409847,0.5474611296065908,1.077173677288977,0.605921886066866,1.2992729876217983,1.0606696415864787,0.4083116252193051,1.4274414843413321,1.8900814190132404,-0.93750742324752,-1.4973149521089684,-0.2715573793826044,-0.5742440898667154,-0.08980873858045671,1.0767744456499848,0.3204866247590994,0.2727626237283617,-0.2629260733338431,1.887688454936024,-2.3770999556743053,-0.2936993244553409,-0.5884204729172346,-0.3563821214470857,1.291339627910347,0.43504549408300275,1.2384759672725791,1.1775372481523516,1.1223315494926234,0.046249658866414606,-0.9858471057209319,-0.5093605251885689
1.231004771479875,-0.1387814939738092,-0.5323730481659855,0.2973816504938605,-0.35941844669928946,-0.47680088393923387,3.220021058489906,-1.1645390786711298,-0.9542559210991859,0.041447841286288714,-0.13581143489954378,-0.6379211490651655,-0.304965974988914,0.23715723027621952,0.6410303606405734,1.9205814306594737,-1.5483451566923676,-1.1548871902086295,-0.7480357540104162,-0.7551007391352006,-1.0317758405168036,-0.7542566452419636,-0.8188678938479408,-1.5917710602022148,-0.8627231552873653,-1.3757791278437592,-0.845927130163399,-0.5778694501134413,0.5722701129628436,0.15601605632849053,1.6985972480470881,-0.04376162778259929,1.6558420147389412,0.11804642028970891,1.4092360392748067,0.58472970748184,1.8874501911836614,0.5870914859799193,2.6503744060798877,2.7731487778008255,2.7532674690016394,1.7466387154230434,2.249870762774526,2.091984758414686,1.415314286762069,2.017177938231599,2.1865999821648954,0.9896446403498024,2.0819365116177444,3.304962802700761,1.0571196038540274,-0.3124303025654415,0.7363276106618963,0.2462206490291936,-0.7892378594614231,-0.1360190899329337,-0.38175767272482,-1.2442910040991038,-0.06763373077642759,-0.8453139761665424,-0.8451397085308285,-0.4051454064180976,-0.6539063935753012,0.005812209058889101,-1.517092382953709,0.058781279594725705,2.0,-0.5684101566491327,-1.5587687881009296,-1.215705820712815,-1.7772345523096327,0.963268486962293,-1.308566075615165,2.5569102397043153,-1.2046143432784566,-1.2824901459795979,-1.1969727349952721,-1.2855703264600065,1.8202736848258847,0.47653597045413193,-1.8331282981330528,0.9834613527666156,0.435631900478791,1.5240149515015085,-1.4405299951079666,1.4579060813658309,1.0953700992331008,-0.09053042327639563,1.5631034771906522,1.8709847702868898,1.5010879028949236,-0.1468140355127865,2.312257955651576,2.231606133042834,2.254610883504718,2.4333093887337554,1.6669059759929556,-0.2598884381789015,2.456704445583856,3.1655072642305453
-1.8754315935341497,-1.9750398585466942,-1.3672502648828315,-1.6069868755342103,-1.9789849431337405,-1.2573945457392028,-1.1098253269354266,-1.2928045740006353,-1.0226396518818737,0.35124547059912287,0.5596936094251631,0.9064757261619386,1.5331069033103342,2.4300285433516438,1.7217253299841022,-0.812223663213204,2.58936726911745,0.6294275472023592,3.3458543927085875,0.1160953615639652,2.4198302439033696,1.8824665287369506,2.708417775126227,1.2786848489618312,-0.0451119514659246,0.9969633508928268,0.9261467002443398,1.114708817289587,0.6819290567707864,1.0944260991417023,-0.640420819788265,-1.4274414915124967,-0.3576337800156064,0.36118805014606387,0.4519159348457387,-2.156814284600973,-0.621609750413598,0.3605195790279735,-0.2056127833835147,-0.2756032823737838,-0.6743639909758773,-0.4630687747278206,0.22036575316009277,0.16541877208056988,-0.1443362444225575,0.0699743929670707,-0.4255283491776368,-0.005423980027374105,-1.775218849358445,-0.6874203115397162,-0.27538070454309527,-1.929040175109992,0.2710025149549179,-1.6736724288442701,-1.5613583617955573,-1.1222741530266616,-1.5173775579731088,-1.1734643393216013,-0.6856452775991819,0.09545171555425003,0.3257680324956112,2.0357001641277903,2.1032966777861763,2.9359805488137303,2.768917317318807,1.6002596435532102,-0.5684101566491327,2.0000000000000004,2.526708246066756,0.9618548705106411,2.234470806390387,1.4274906066650788,2.799091561407822,-0.1796299931689333,1.6827397984911676,-0.07695813936216951,1.5042379160937922,1.945483522796116,-0.45139309374245995,-0.2454490259277217,1.835111643225885,0.2273378583553005,0.11530220058413018,0.9758363371028393,1.6648767382695786,0.1622911900025936,-0.2766173526046119,0.9873149083262742,-1.5618571133132186,0.6009281450220026,-0.3116817818208656,-0.8703796171487896,-0.1143465074457362,-0.3793359228583372,-0.1252081870146474,0.2049130325959002,0.7614280417555208,1.3591370759203314,-1.625490211945832,-0.7137935815887059
-2.524252078631207,-2.2494408221299,-2.135575518149366,-1.1891648192708917,-1.8025836906481194,-2.2804771969374524,-1.7678255896084218,-0.9554568613303507,-1.6753652601389093,-0.9746013824280054,-0.8864851032441137,-0.33842171510241587,0.1549460942568207,0.6867262761639581,-0.195976314896196,-0.7987349934874526,2.621789181659139,2.193260761857139,3.255111130831705,1.4418301240470592,1.681858000981739,2.1112516916685466,2.3590853031241865,1.7639267686286888,-0.7306057333666991,0.297997113469363,0.2162368449743913,-0.07759212446837101,-0.674748322876913,-0.3681725381758762,-1.6933145940384988,-1.2069056674665974,-0.4910144398168732,1.8364862423608124,-0.09179825479476919,-2.2561675163712493,-1.1120892846032489,-1.0723241608913423,-1.5520492193428947,-1.7325960324101999,-0.9455936123546423,-1.6665819169134437,-1.1062067067272463,-1.506097085303207,-0.3322688924777038,-1.2269347320711004,-1.2592271829188326,-0.0076098393811249165,-2.8535789525207904,-1.5963246233664856,-0.2047804088858397,-2.1729766380173308,0.9004733564644456,-1.1544810361476943,-2.0531465191576737,-2.198619515104066,-1.092161663536354,-1.0112582679772462,-1.4816481409395508,-0.9708985724068713,-0.3962013423905414,0.6511085970298025,0.7921500578003764,1.2061794836753448,1.8978839216698271,-0.2185540805596076,-1.5587687881009296,2.526708246066756,1.9999999999999993,2.815061613656085,2.6830054912292987,1.4260834590557838,3.2650980477332023,-1.7912414062564115,0.9613691716450286,-0.011356349285032697,1.0253050701066995,1.4392453656303852,-0.44400139171094755,0.14602499876744246,3.165673974195654,1.2992691037130104,1.049356446474064,0.6358358226463681,2.820217450564183,0.38891280726948835,-0.3434406070851408,0.1657469166818688,-0.6877420525359652,1.1082062004800277,-0.573295589678708,-1.2601184680449153,-1.4338408054356409,-1.5527994492776482,-1.3270644786845833,-1.25550143085792,-0.1590677020361459,2.1523417909838605,-2.2986004888572795,-1.3876451479984582
-2.267200469148007,-0.9730598697651608,-1.5629064713842722,0.31074091267355153,-0.8669064528739249,-1.6965424133712517,-0.6314557793328586,0.0746475414428831,-1.4599238565313506,-2.2070458601463234,-1.8392864260270907,-1.6706717124581525,-1.4206701870397012,-0.6763593529416946,-1.5167059967873198,-0.2060969465855515,0.9521222300687003,3.543922241133064,1.8639538148252122,2.748816900266838,0.6736657229845917,1.3079163540141943,1.5817871976675744,0.6810522672342858,-1.8516320882434656,-0.8835345665563756,-1.0436354060153747,-1.4492904183189315,-1.5718151514733119,-1.6333944373280327,-2.230663890080383,-0.6891809638398715,-0.4388998902341525,2.0607649799241843,-0.009064778110131698,-1.0757065506272865,-1.8101690657519425,-1.7323816534729053,-1.861136961031975,-1.9984518447497297,-0.8675034687175439,-2.3220030168479417,-1.311990452543091,-2.2331985760072808,-0.2063911234523854,-1.999816053220166,-1.5012185396490005,0.12899941270909648,-1.866665618108963,-1.430422087056611,0.4944065770992002,-0.8090648928584793,1.7971976820965725,0.19781676618398927,-1.2571793311433441,-1.5413761590650021,0.44685721222064606,-0.582142870984136,-2.367343716212714,-1.7515134911230672,-1.8280165261057182,-0.9731883983389498,-1.1359679144192587,0.06907839662603531,0.6912963751267514,-1.3739583722409847,-1.215705820712815,0.9618548705106411,2.815061613656085,1.9999999999999996,2.383082120857215,0.4757848597644343,2.344675014029405,-2.5002603586155434,-0.558389229609629,-0.882645140322514,-0.05423251413205521,-0.06594344316515849,-0.9080893452188872,0.243563557574694,1.7659903436127509,0.9638303871713796,0.3265494830965499,-0.0664112684999965,1.4114409190697592,-0.10291873184093579,-1.2946421652506404,-1.4247815092379685,0.40916703759186757,0.04901886229139431,-1.0948891536523275,-1.1844166656252368,-2.438304359427549,-1.7585021683700521,-1.903842124689914,-1.9671910965934125,-1.4615881949006462,1.4027059551602354,-1.1694831691351948,-1.1658602739908115
-2.09214856114061,-0.7009198065794863,-0.3851945554901919,-0.5751082496703028,-0.403260889075083,-0.3018698679543447,-2.006469921756434,0.8696046529690824,0.43555921635658573,-0.6551688374123904,-0.29034588928575683,0.2304482350053088,0.2861720061631534,0.7862973283079671,0.0864339824212929,-1.5107946961441074,2.5173350809573236,2.137631543489851,2.438262100683521,2.011793016821135,2.8425933869045714,1.0375958636859632,2.0206137964169604,2.1915555159727065,-0.04881670246941261,0.9887929248338833,0.1558549103822517,-0.1070554927237391,0.2646468391273719,-0.42700276197200143,-2.076711106764432,-0.5860423023257287,-1.4779389574343007,-0.06424129062753299,-1.2381048683789655,-1.121796012458601,-2.175736378347499,-0.6195895667981264,-2.2951609650020828,-2.2620305663688987,-2.232601335688187,-2.227153863190915,-1.7656127301220055,-1.8299540155952485,-1.3799716859591062,-2.1118768931089598,-2.4132603593212947,-0.9713226027660107,-2.3894942952656555,-2.4885666114047913,-0.19714608888308283,-0.5721504028898912,0.9706333995613621,-0.7690454423174614,-0.15404463666834317,-0.054064424427230195,0.18719125670498088,0.8347794664051249,-1.1124650995641492,0.028124729068576895,0.21814719472467128,0.8894456790170613,0.9163626105417315,1.049872001232178,2.6064774785652993,0.5474611296065908,-1.7772345523096327,2.234470806390387,2.6830054912292987,2.383082120857215,2.0,0.06040191843161589,2.524649584541652,-2.239561215014267,1.701822952980525,0.6818363212587893,2.0511035443383925,1.7760246356487523,-1.37398746780709,-0.11718803337814089,2.7507976657899094,-0.4008481826064672,-0.2595022139091612,-0.5696067126389593,1.6875930675632935,-1.5147243251278981,-1.39225186063311,-0.7252218890982483,-0.8872069391045643,-0.8046154074756884,-1.5483430248295718,-0.5711942811624747,-2.424482732539659,-1.9297426488796896,-2.061238534795927,-1.9490150217008921,-1.4189629055280386,1.0032286568708968,-2.3810932383283774,-2.3966444454536817
-0.6834511465686359,-2.0357717441537426,-2.051900730947797,-1.4339610266829563,-2.248942802877819,-1.8817829284612202,0.4921425623493641,-1.9777037483387252,-1.6536013135154985,0.18592966533815813,0.07962799746016541,0.2671885103692245,1.4331594500074458,1.701850375797766,1.5511269262558411,1.310455187428973,1.0198664307541525,0.407391406242002,2.0359386652056846,-0.5853302355916888,0.44116301888950415,2.6932204656607084,2.282460125691462,0.5356919008608594,-0.7253093770450939,0.7207165596852106,1.336423935953022,1.5068683039246904,1.1697038202746899,1.6658461272772005,0.1701881223348034,-0.7588505845148954,1.7272571014284814,1.8626236454517107,2.598627558557132,-2.035098843309716,1.0668272859437486,-0.0817378713159039,1.619895652198513,1.3200618224010936,1.5545151584811325,1.4644654159520387,2.2701229533510188,1.3344311252235435,1.290810358193669,1.648851082089851,1.9167949941145603,1.552551566611882,-1.1130714289248007,0.824498184245799,0.3609757461844479,-2.297843849665289,-0.30038513881282275,-1.6301614431140785,-2.477256254823229,-1.9018777945795422,-2.0997106287320153,-2.1358848851783225,-0.6187272651836183,-1.4180707592152264,-0.1235261486932406,1.5006894120867817,1.5903201330651187,1.214705762693188,-0.039716607657886684,1.077173677288977,0.963268486962293,1.4274906066650788,1.4260834590557838,0.4757848597644343,0.06040191843161589,2.0,1.8872575500440625,1.17968412570425,-0.032507854424442206,-0.4556159601570597,0.3902373372334901,1.3889669413248142,0.5007429202471393,0.023815784578503196,0.8715637422826569,1.698369023355201,1.413162975924133,3.055241439550772,1.9746409660336584,2.537541469075869,0.9780222960889493,2.205617485910773,-0.6489848867529534,2.374098757765076,0.3944114955033602,-1.420441606122152,1.5309806870752412,1.0041469575136464,2.1432636343873672,1.654676881207478,2.03903333414429,2.2677629408393685,-0.5676519857700457,0.8224832760289483
-2.177596883459797,-2.162297171281323,-2.0389997752592572,-1.3246491845969623,-2.0313803611802204,-2.0994109046525837,-1.490823562457417,-0.8790809939955712,-1.5197268806693471,-0.4477117755168379,-0.34332580014993147,0.0731357004773638,0.6937263944597807,1.5381058014811777,0.6572447643085185,-0.8776009540308842,2.4113573948970877,2.0207487940635236,3.2398148043249346,1.092130769177317,1.8697778878317175,2.502139409350037,3.422686949051335,1.593828743360793,-0.2968034126336567,0.9099527631901941,0.7406469864352674,0.6128490746215358,0.0867291696345147,0.6715146919634971,-1.7037583914762617,-0.8752369812376464,-0.4442652220175567,1.4266480883132675,0.48539409052032456,-2.263639649893581,-1.0994495346352007,-0.3909925127052241,-1.0826648220236064,-1.3166318654393852,-1.033418453724043,-0.9689135474824737,-0.5139437562597254,-0.886660899983424,-0.20199942182694208,-0.6012023790343499,-0.8619856464960148,0.3352931857078061,-2.770171988980473,-1.4767359818849708,-0.0466355847244421,-2.2258933817667086,0.2973305546976047,-1.4683347803584434,-2.159335008542002,-2.035806315293868,-1.1537271515108998,-1.0891910789146142,-1.0488410693147359,-0.7667910986254982,-0.19408058450520752,1.1187244391922837,1.4561549524901207,2.0464518638366482,2.2130417458322666,0.605921886066866,-1.308566075615165,2.799091561407822,3.2650980477332023,2.344675014029405,2.524649584541652,1.8872575500440625,2.0,-1.140513723328748,1.0791974575038623,0.2165730350983808,1.3517269809085999,2.154131663204459,-0.9895317464394857,0.3279687670712832,2.5025041716613687,0.700769747003816,0.3667630194144841,0.7854499446456726,2.5590623222171245,0.4929771394880277,-0.4996108027059205,0.7828128835149676,-1.1209488380851018,0.7882022233504898,-0.20840917670792675,-0.7990070764990342,-0.8758832923639992,-1.055865582122027,-0.8639164311006451,-0.7777580417456642,0.305872210876014,2.293343968269168,-2.1975437624836025,-1.3180810098139295
1.7861975875184144,0.5739810697026166,0.2057866841666548,0.34402546807925277,0.2641108100413422,0.2558806345283597,2.188207226829217,-0.996702348546466,-0.42106397927880884,2.1908419465364153,1.3526672157839037,1.4462636736272412,1.6037818298699558,1.3232621711196577,1.792836640566176,1.6964231326614283,-0.5937214625973023,-2.4492471439276535,-0.7272286130742436,-2.292403662240541,-0.473017714640681,0.09167478760860297,-0.15335998001826862,-0.4389848028646127,0.9791511943910695,0.7370893357814513,0.7935819196454021,1.5057092823592555,1.7891217673890234,2.3930632543118575,2.0754950267182823,0.49178632774209224,0.8505080237026064,-0.9665000201435119,1.1370069937050107,0.1462059955501367,2.4135842625040125,2.268495974892798,2.733575026134097,2.860102771601337,1.502315569715587,2.7146542871505486,2.231487323265401,2.674876618077565,0.716943449141509,2.5744664819269403,2.1157461719925847,0.2330351037075972,1.6461238580424595,2.437449250637915,-0.27941791940872784,0.2473362101332219,-0.5298457904174074,0.3266452854227838,-0.0880764767930279,0.2224753945846587,-0.523245177730947,-0.7471137376166154,1.995199555994232,0.8828134469153293,1.1997444028618531,1.2547896905263505,1.2282354084207947,0.6268617093646586,-0.7927682488596658,1.2992729876217983,2.5569102397043153,-0.1796299931689333,-1.7912414062564115,-2.5002603586155434,-2.239561215014267,1.17968412570425,-1.140513723328748,1.9999999999999998,0.33108548397383264,0.38171797820723785,-0.181748803210435,0.4096809176622748,1.1530950731528307,0.2798755958929902,-1.4961370754654206,-0.4957644262606214,-0.5252861479397618,1.0124232993678637,-1.1347581304380074,0.8783421863582146,1.7210408659047278,1.4646245109979787,-0.49322958309081966,1.3242135224515585,1.816103353004443,1.2247776859935133,3.319239519405035,2.2250151290731544,2.6302499206664907,2.580009215897104,2.051930207701057,-0.8083164713159465,1.467242873662813,2.237789736122411
-0.339589074863863,0.6937567578395536,0.6966039001443758,0.0773490072817903,1.2055888863559592,0.7231699965425968,-1.6411329189679456,1.4242471025485135,1.194496463646076,2.214179519139648,2.0348907264351803,2.820174052233508,1.7911644171935064,1.383971559447941,0.7933255752868089,-1.3895496681448432,3.002239394862378,-0.8251716328933401,1.1627962571063033,-0.7713821310105435,2.452727941816999,-0.10796505470249629,0.947737419467191,3.1753730428536415,2.7289034252475357,3.0827406766014818,1.4649644612198691,1.6229193077462307,2.0726414533429662,1.5921082784197265,-0.1760720581232732,1.0825914172143645,-2.1515747157330916,-2.2717240009105506,-2.175605177589607,-0.3133483721442778,0.1245149249319481,1.628484836888475,-1.2742511014433964,-1.15560367975256,-2.570492660276714,-0.0815402386213645,-1.5160604676661653,-0.1666882243773412,-2.0734425367101568,-0.8670763273286258,-2.2214528445593187,-2.3067050776069555,-1.3660295165290277,-1.7211215237369402,-1.1761961322620982,0.5686312599855131,0.2542758515928305,0.0098935614307082,0.816034510328904,0.6317684224960478,0.7367264980406605,1.9324803529670442,2.135686484536265,2.941385666235493,2.8507829216099068,1.915258087935618,2.4662799630651415,0.8688756170303495,2.6100987333461596,1.0606696415864787,-1.2046143432784566,1.6827397984911676,0.9613691716450286,-0.558389229609629,1.701822952980525,-0.032507854424442206,1.0791974575038623,0.33108548397383264,2.0000000000000004,3.137556909058149,3.1354900365553364,3.0759646475236617,-0.44732352329207703,1.024591675559432,2.4978596804468416,-2.249607051474401,-1.6409740996029583,-1.136683462550446,0.6248276975562833,-1.971977128739574,1.035405235440261,0.8548208645713584,-1.5761973658399322,-0.25358313377836317,0.266907826255115,1.694949803119324,-0.253076545538523,-0.4254632706766071,-0.4616850097878557,-0.377599024766012,-0.30563413826587327,-0.7248136008861543,-2.113883150493946,-1.4159164187228632
0.7061002397471657,1.4713222147436538,1.4292483275201957,0.5217995822475575,1.9830746454214876,1.1786574134998904,-1.492782098269838,2.1305206008437567,1.6751061036980643,2.2883873029424455,1.928922636128924,2.3412055619687973,1.1328922151298118,0.31936714877037975,0.10016903823640011,-1.164710294849553,1.9039815741520445,-1.0895643478792487,-0.2313179802630117,-1.0268804487905203,1.301490016608979,-0.6849804219398978,0.1131789547162888,2.7888443447785494,3.3582640503801953,3.1000661051958707,1.4929231270465833,1.6572109099014443,1.9963622282101405,1.4741978519770316,0.009699396771758906,1.9113989775120974,-2.0715252255404324,-2.4007212796327932,-2.3812264886404595,0.6235132312380135,0.5786703131072104,1.6604913207387937,-1.4264066926254317,-1.4811804870573235,-2.6244363383846103,0.4289876932869714,-1.8429059302925874,-0.086637828565959,-2.1576871833032714,-0.7891939994956392,-2.192754837933752,-2.311924324411029,-0.8931238977060942,-1.7136638650108793,-1.0358648337416851,1.2717859503213076,-0.1112195397465356,0.44104685779209085,1.507202899561766,0.967038962002825,1.3276438876228838,2.62830796332658,2.8690316840228847,2.948679744852345,2.9731077991973893,0.9154185584372004,1.7590742522688447,-0.3893212588146288,1.483448381046132,0.4083116252193051,-1.2824901459795979,-0.07695813936216951,-0.011356349285032697,-0.882645140322514,0.6818363212587893,-0.4556159601570597,0.2165730350983808,0.38171797820723785,3.137556909058149,1.9999999999999996,2.6510217602366337,2.6372112882075593,-0.33169795327044993,1.5597350302425066,1.8354110557225436,-2.4179757079372046,-1.718752719567585,-1.6249288323798492,0.30823098829577855,-2.006125310582392,1.5040492991604892,1.0491813923806677,-1.0306760880899695,-0.3633840062340531,0.998354878553112,2.6683024546037517,-0.0203968537762097,0.0027101152652131977,-0.388035155360383,-0.2638605286114601,-0.3377513766624764,-1.0462540360514143,-1.5762662386684954,-1.2114817718528739
-0.5419377786452129,0.6668240991098042,0.7138439677597654,0.0399063145010532,0.8780181991644254,0.678670600498544,-1.5646547416232273,1.5485273502489412,1.2733181767841646,1.6650117280369119,1.792086237083261,2.410189831981414,1.5973965422544127,1.4745030829216619,1.0152704659507255,-1.1727601696272694,2.594446361899333,-0.14121548020030159,1.3900388248710698,-0.2547866742819309,2.5251966096424505,0.3686721802971842,1.3313218079808333,2.803187879870931,2.046154934803699,2.9073191133410594,1.4946786045268563,1.6406234030712559,2.452192203270862,1.3389032806219574,-0.97956530145711,1.0585471957995698,-1.4639502512059384,-1.738571341105423,-1.5909095709573804,-0.3233491494929159,0.0517571310495879,1.0213317118507916,-1.1872528876902535,-1.152289880847281,-2.207611951592091,-0.2234422942841488,-1.1430990418792502,-0.5499916535119381,-1.896830389874912,-1.0814714141211337,-1.8508836421747659,-1.7553912669604248,-1.6846081127648382,-1.8674203757647203,-0.444683400413958,0.4429282548130119,0.29283703071917117,-0.134226986958922,0.779965015531609,0.5637172974336733,0.6677107070404389,1.7611377024925778,1.5590284774144982,2.0008691219450854,2.2543081871548596,1.6259714325602217,2.3553322928478213,1.0198374968986856,2.4348295836736105,1.4274414843413321,-1.1969727349952721,1.5042379160937922,1.0253050701066995,-0.05423251413205521,2.0511035443383925,0.3902373372334901,1.3517269809085999,-0.181748803210435,3.1354900365553364,2.651021760236633,1.9999999999999998,2.992378091305694,-1.1166298767433291,0.8081637939320871,2.3788865040906235,-1.4717329681793163,-1.2422345590768074,-0.521523277118568,1.3236694813568217,-1.155917901069043,1.182285498033309,1.1214292873652738,-1.1786502934875769,-0.13286068184026606,-0.3079278237025738,1.0101501841860676,-0.6059734703362811,-0.7953308957150345,-0.6323005475833299,-0.5861477622596144,-0.4112143013721956,0.0703803223310421,-2.19552414671357,-1.5287613056430636
-0.7164208959519588,-0.336798918967692,-0.0651606965567407,-0.776494060945575,-0.17103479014972342,0.045807537654007,-1.8477968078130809,0.3677219517262386,0.6318590620613419,1.9427995399693856,1.6698485536098957,2.5357786132695077,2.410946862201028,2.2428620783745417,1.7431289754643642,-0.8905900470315053,2.980896425917749,-0.2697008782978063,1.8306686501350447,-0.7630763873200885,2.6208266650460548,1.5966252144390474,2.438150383603387,2.9534873720210153,2.199675795542768,3.322743541863404,2.1805392762523734,2.4839919472738714,2.5430259896826497,2.5487264365027213,-0.5547179589651299,0.3767450609476079,-1.2623364415482188,-1.1634541233088393,-0.8312841373991986,-1.2933168271472661,-0.0020442015305894845,1.3217334686457645,-0.8337702547547088,-0.8145742345034332,-2.0767647151862882,0.41954462232045103,-0.6067877395161819,0.108787607337925,-1.4117129311456165,-0.1829566577329821,-1.3222321013218847,-1.1942333800974767,-2.1253209005059954,-1.889005517787993,-0.9187727269842331,-0.6372156709446581,-0.43192044003152,-0.994995795563506,-0.158979202990823,-0.0483792566090956,-0.5187257816040515,0.7050414058313765,1.4333697537595258,1.7352460054805054,2.4934813093429673,2.4391352106356514,3.0517147038262102,1.359638316834913,2.514077118638661,1.890081419013241,-1.2855703264600065,1.945483522796116,1.4392453656303852,-0.06594344316515849,1.7760246356487523,1.3889669413248142,2.154131663204459,0.4096809176622748,3.0759646475236617,2.6372112882075593,2.992378091305694,2.0,-0.9734448555453847,0.2881855697249715,2.408217443295864,-1.362704194048495,-0.8264985487377277,-0.0237577417666075,1.7243277930244805,-0.8082691415714738,0.7776514643672957,1.9929923441946755,-2.155124785440779,0.13199988204856128,-0.03826539403823831,0.7549239162796064,0.09865608363209818,-0.358862012233235,-0.09605749116211261,-0.014566546299840027,0.48433577056010824,0.729618267748868,-2.470155595597901,-1.6340117608285678
0.8871306626615008,-0.5701702898699792,-0.7375068572918981,-0.2490335741862581,-0.2753078666112187,-1.087587359799249,1.2367759667385538,-0.9321457834761987,-1.1094022181274745,0.066772455513223,-0.6654960386804344,-0.6241840970669572,-0.46165643102166243,-0.9804700337872552,-0.5927034962423411,0.5718825380672453,-0.3778268314244683,-0.9953155286302697,-0.44281701622741965,-0.7459607647132764,-1.3738447446862856,-0.7793265486948092,-1.258338177118286,-0.34560361711477,-0.18704439795893169,-1.1554939346682036,-0.224199166910449,-0.8982796675434539,-0.1885162782677579,-0.5357000694897298,2.929269966643527,-0.1514235519229765,0.6587642903021015,0.5525684510584721,0.48401027479544434,0.209413304132743,1.7283707178203458,0.2429743538901328,1.164179042606246,0.9313991725551887,1.8093390208829185,1.684833940259519,0.9305063314179642,1.829392509447096,1.7750023649021283,1.667611754558362,1.1787326239139995,0.5998817653147579,1.1177699619480026,2.3091614200023782,0.8564398038419079,-0.6806461662141619,-0.3110171824248688,-0.1008453553833438,-0.9769277628312799,-0.8738040973079015,-0.618436831415131,-0.5611090977005566,0.034635882945351,-0.6577469352380074,-0.47656859713280786,-0.7979092853502097,-0.7661177401435761,-0.555835123285796,-1.1723982442532503,-0.93750742324752,1.8202736848258847,-0.45139309374245995,-0.44400139171094755,-0.9080893452188872,-1.37398746780709,0.5007429202471393,-0.9895317464394857,1.1530950731528307,-0.44732352329207703,-0.33169795327044993,-1.1166298767433291,-0.9734448555453847,2.0,1.1622664014440351,-0.2238749461693256,1.1607232974114436,1.121793043357005,0.7703109504567647,-0.301954735449404,0.9591954499956027,1.4392891933050267,0.2120376069913662,1.1222233836796238,1.808741353801737,1.7205454066638086,-0.0916581547199099,1.4376532145869845,2.420621595653011,1.3938871326201923,2.023970652858678,1.65950424608164,0.1568652311476239,1.1570839056755022,2.130063192582782
0.9794551632610169,0.859298869338616,-0.06388270910058148,1.3172842106162075,1.2615543221703094,-0.5418003360854708,0.6088511135448721,1.1375570432736462,-0.607794280236766,0.6034282708528622,0.4043451597549419,0.163185173503509,-0.5905868821125203,-1.1374593196678404,-1.5299786360137346,0.11341959998601889,0.5771049122613094,0.30229487077375716,0.0981939408515512,0.2308349237464552,-0.6222265365967419,-0.940939090708123,-0.3693822313632793,0.8368657085814976,1.2015484258265008,0.4926907432937977,-0.2929818530585011,-0.5870886273484572,0.21901096434142397,-0.562621741621314,0.1410740403887045,2.56026761210957,-0.05197429423314376,-0.1200084093706138,-0.8271308745666095,0.5647163435488478,1.0432668413215545,0.5021241247642185,-0.45068726226158173,-0.8286283001235779,-0.3053223494896307,0.20139766678364882,-1.0673963222186162,-0.220709866680657,-0.3332168409665921,-0.6397064700482137,-0.8861176548559839,-0.6897461551991069,-0.1371489655896297,0.30215127324736146,1.3361909442933417,0.6120388555896913,1.0109092007025107,1.3732308743767996,0.1728396885650585,-0.6005649980622857,1.3329097457763373,1.0934888116075339,1.5732767325583752,0.8723474580767028,0.642426636300856,-0.7480348931308489,-0.2880680707683333,-0.4752996444577659,-0.2015855552967592,-1.4973149521089684,0.47653597045413193,-0.2454490259277217,0.14602499876744246,0.243563557574694,-0.11718803337814089,0.023815784578503196,0.3279687670712832,0.2798755958929902,1.024591675559432,1.5597350302425066,0.8081637939320871,0.2881855697249715,1.1622664014440351,2.0,0.7056790245324677,-0.2150087015655947,-0.6408164682586545,-0.6190291745640837,-0.05183864868135141,-0.08556677277300381,1.871938637308184,-0.082621280649609,0.9192576314171694,1.2946577795612018,2.669496299458854,1.9590649160227274,0.49907454321820965,0.6912122659456597,-0.051846717486712005,0.16436753261030368,0.00988268336725251,-0.03591132026652702,0.121599046137267,0.8470498733428357
-1.7941084107550997,-1.1069551394138513,-1.015891117330386,-0.7417163809593961,-0.4092164061646005,-1.2837730267571141,-2.2874957136240743,0.4480376426806523,-0.3364059098762811,0.0672715822070645,-0.0431559275322047,0.7934635881807827,0.5798352173741699,0.35505062155113687,-0.46396658808775754,-1.3079880993514101,3.1825325672314975,1.31596836020201,2.4005381270024126,1.1315423005082574,2.0771558377024766,1.0644369117595305,1.6593490983863015,3.149232526551861,0.8344489615544443,1.5930675791347924,0.8324852501891371,0.3018744328253164,0.4924165570462395,-0.030075312882519106,-1.4994325299418394,-0.060604858865428796,-1.4423267227768775,0.2775363309062059,-1.5187451172141242,-1.3224592862197238,-0.775518328370861,-0.558970210437962,-2.1862516051766647,-2.287276797395382,-1.970584910703415,-1.3709407056858742,-1.9806308457986346,-1.657766778460364,-1.3646888576940088,-1.6740496855753721,-2.2497534380550444,-1.0943503685324478,-2.8043756190975073,-2.2409692644595265,-0.4034040441036857,-1.1502988845275346,0.7115814310995935,-0.7738977888177685,-0.887257554857382,-1.1759524993194674,-0.2340563823641374,0.6281626933000402,-0.0759080057288743,0.43193972249001567,1.0518749191193626,0.9394847761498275,1.356951320826219,0.37000353416532805,2.106821176785929,-0.2715573793826044,-1.8331282981330528,1.835111643225885,3.165673974195654,1.7659903436127509,2.750797665789909,0.8715637422826569,2.5025041716613687,-1.4961370754654206,2.4978596804468416,1.8354110557225436,2.3788865040906235,2.408217443295864,-0.2238749461693256,0.7056790245324677,2.0,0.07605110576298707,0.3036682506929598,-0.1988380761271588,2.6031161982568243,-0.6866439741024781,0.4101562324803639,0.303288911834896,-0.6295349864897661,0.828073319964935,-0.4215370827208766,-0.1689594891020606,-1.4769313429520643,-1.4601994747545093,-1.4348262280134465,-1.465459552442368,-0.47868896148887574,1.4150880535264887,-2.6870525264913168,-1.854016006244824
-0.6588351866415847,-2.464064405461948,-1.983907416884981,-1.526947632066449,-2.5219065793212807,-2.225671274082421,0.4520697707956843,-2.4005314043610118,-2.0004220407109594,-1.573161571191253,-1.6741471508037806,-1.8464368169811722,-0.6874964497285376,-0.4251081629852711,-0.17597792413517482,0.8604094997223807,-0.5098420906969952,0.9757931761782672,1.1674051533059213,0.6600858619685173,-1.144576695112797,1.3422747615618844,0.486036073381887,-1.3474101044495124,-2.514543166579606,-2.181695900348725,-0.5628193869402206,-1.0458446417877418,-1.3628585039863663,-1.193781618681465,0.0832295496716976,-1.7536944085818706,2.492853758911205,3.1586205206789875,2.2826839142001347,-1.2331309497288907,0.3451269529335043,-1.9861754728039713,1.1792501862432863,0.7881865896704858,2.7873102652062984,-0.07309602181622181,1.4273333176180136,0.09608513401211041,2.208293168834085,1.0154212702567622,2.1368892559349164,2.6257096972664424,-0.3652675681309284,1.3971931115878435,1.277351669101787,-2.4882936253031938,-0.2556550999501579,-1.4404200392869086,-2.449915896697001,-1.967097505672839,-2.2261688497002377,-2.4921462122311264,-2.1444459217491088,-2.936510351326265,-1.9038257136151302,-0.6398719314433147,-0.9077665501941821,0.05256806883561721,-1.3727940464677024,-0.5742440898667154,0.9834613527666156,0.2273378583553005,1.2992691037130104,0.9638303871713796,-0.4008481826064672,1.698369023355201,0.700769747003816,-0.4957644262606214,-2.249607051474401,-2.4179757079372046,-1.4717329681793163,-1.362704194048495,1.1607232974114436,-0.2150087015655947,0.07605110576298707,1.9999999999999998,3.055439573640313,2.4080067332000605,1.7972878597067923,3.0738243337066327,0.10584726640028853,0.434134853916916,1.3604008299137769,2.3407249996414623,0.1753765649286737,-2.7819986846857323,0.6793751966291621,0.39000818959394434,0.7286855000374506,0.6902683610750804,1.64717869383027,2.711982896232032,0.7803007536559545,1.2684860439063295
-0.4297103100877655,-2.2054235970899887,-1.4381061142065759,-1.7440775461437723,-2.049728363136616,-1.5341151434713538,-0.1164311232841238,-2.023442942069085,-1.1405823415113767,-1.1083555997892467,-1.2135573479589634,-1.3665647529298197,-0.035983801285143294,-0.147203086098769,0.2508682007186903,0.5808911523926571,-0.12080644424999,0.5679086430901039,1.0822810526492592,0.3442890489040633,-0.6878591731740584,1.4570810710041875,0.2773228662402296,-0.8755974666257669,-1.5824434732131403,-1.5527488615391531,-0.298889619831036,-0.5703140609321654,-0.931621753458093,-0.9099194995797892,0.2007507186351435,-1.6358667755765022,1.8390287738206696,2.5663801055489373,1.6566521473439129,-1.1774483698109126,0.0868322028097364,-1.720797944220835,0.6446321462494327,0.4610641479682981,1.8554423526288746,0.11003743826195869,1.06379772843631,0.059509396102976286,1.7823197880878945,0.7887006510635644,1.6831687884319146,2.335533211230202,-0.6061609722548145,0.7171983860075797,0.9964543889764502,-2.291756441445433,-0.9141373467470152,-1.6092637314419305,-1.906590241242374,-1.4554902899398598,-2.3050486744261733,-1.846997227498922,-1.60354516425995,-2.5029288202448647,-1.0707182006826317,-0.041452506844241205,-0.3297370912642362,-0.23346239638208763,-1.1441914820165102,-0.08980873858045671,0.435631900478791,0.11530220058413018,1.049356446474064,0.3265494830965499,-0.2595022139091612,1.413162975924133,0.3667630194144841,-0.5252861479397618,-1.6409740996029583,-1.7187527195675851,-1.2422345590768074,-0.8264985487377277,1.121793043357005,-0.6408164682586545,0.3036682506929598,3.055439573640313,2.0,1.8251337483511403,1.844963382380736,2.3660043617416413,-0.1263315614433887,0.7207128543461017,0.8002839545517357,1.612052690935418,-0.17066555088131768,-2.1679710814970803,0.5484716274119927,0.1407543323972397,0.5527966471100149,0.47474898034731466,1.3572278048130872,2.1551494524205563,0.1292126173081484,0.5774082665353331
-0.27180498973935663,-2.140210369101199,-1.421118097810027,-1.9447190014779778,-2.541526132760259,-1.4265548958936738,0.8762128609885771,-2.1922143470034863,-1.1954110631462849,-0.20775721930618568,-0.16601071331498143,-0.3660629223564667,0.6966481136093424,1.2667638713566571,1.5104619399161634,1.4643090945539325,-0.060985978477079206,-0.0054976203518462136,1.3143737143282583,-0.9047452012065014,-0.3821339876655617,1.78253166290675,1.225613839874717,-0.720711701881699,-1.5158370446609593,-0.4681511394092251,0.9890937994527451,0.8520960384247049,0.2256639623576884,0.8155054373884308,0.748427850882101,-1.2692298563825484,2.2450436134187663,1.753801878282283,3.013856728740773,-1.3007692077131368,1.154177238238723,-0.409255431607239,2.384700138775866,2.18874949032599,2.5181071748586485,1.7769758598979826,2.820651311701875,1.7743580418792795,1.8068113423060332,2.3364298890232433,2.714541005237231,2.0042068910962474,-0.008106199964649802,1.5732683182273437,0.40499513672667786,-2.0293523118860746,-0.3497237039499721,-2.052750326506518,-2.206421498598645,-1.2642044050090433,-2.2549043938757927,-2.256264793113014,-1.3061702664657915,-1.880798375978424,-0.9519687567183586,0.767326105501069,0.7506208756447069,0.9986568742893844,-0.4904835009602224,1.0767744456499848,1.5240149515015085,0.9758363371028393,0.6358358226463681,-0.0664112684999965,-0.5696067126389593,3.055241439550772,0.7854499446456726,1.0124232993678637,-1.136683462550446,-1.6249288323798492,-0.521523277118568,-0.0237577417666075,0.7703109504567647,-0.6190291745640837,-0.19883807612715892,2.4080067332000605,1.8251337483511403,1.9999999999999996,1.3596654073742118,2.9967637858981657,0.6277487199605015,1.9497654604135355,-0.005529473711543398,1.9479014618515489,-0.09519873845877691,-2.266797082956794,1.779489443239132,1.6393709476195713,2.56569835403319,2.11233175691966,2.597196811401697,2.027378688995221,0.493216881126433,1.3904776695841126
-1.4864467116982778,-2.164822892898711,-1.4335720499445765,-1.8911800933432912,-2.058685293240261,-1.6057011014569544,-1.7860498972412775,-1.1418998893171437,-0.9419207689422919,-0.142381120033383,-0.47645141105928235,0.020242145362796195,0.7851974783310687,0.6041545024313664,0.38749444734148564,-0.46638541840127956,1.9841367442916256,1.1888790828166735,2.4383379441643775,0.8359370490051077,0.988298484303659,2.414834557930996,2.175329181435682,1.6182699367529745,-0.2882640210481146,0.8916595263180515,1.7830723496913639,0.9717304891295792,0.3289539331993327,0.3437467793737266,-1.2733484463387839,-1.1503699194497883,0.35018428068980934,1.9057451686728253,0.7797558903357902,-1.7350804125532866,-0.4952897764894264,-1.2352290400784904,-0.9897107296724248,-1.1864580849958508,-0.20050574744102373,-0.4930265234767126,-0.25816760948284234,-0.8284057590605185,0.8169360186843548,-0.0962897580794216,-0.0419962233048666,1.174289071361628,-2.497897844423104,-1.3159574367734574,0.310292519559292,-2.3414173753267833,-0.4675938510921626,-1.9399380216920263,-1.8872543820221122,-1.7706222634274296,-1.849710160977811,-1.1069908634389667,-0.8745212023833113,-1.2311100590340551,0.08545082686413001,1.016930896266798,1.2707079677745148,0.5610754760794296,0.9044696874654753,0.3204866247590994,-1.4405299951079666,1.6648767382695788,2.820217450564183,1.4114409190697592,1.6875930675632935,1.9746409660336584,2.5590623222171245,-1.1347581304380074,0.6248276975562833,0.30823098829577855,1.3236694813568217,1.7243277930244805,-0.301954735449404,-0.05183864868135141,2.6031161982568243,1.7972878597067923,1.844963382380736,1.3596654073742118,1.9999999999999998,1.4143056430617462,0.33417883229443424,1.8068069902602024,-0.564971212721355,1.3768746535319956,-0.5346350433390981,-1.3898262124426481,-0.5067412020186507,-1.1602193824125808,-0.6999148495474012,-0.4955091069990579,1.0278837959383886,3.0005055387640063,-1.9972805417188555,-1.2682680876385648
0.07776300904532663,-1.9756088629298623,-1.828624638198591,-1.2001701146654775,-2.322075447757572,-1.9888502203224636,1.1663866098426132,-2.3694436251870465,-2.022041270492584,-0.5510050191271588,-0.712626411887773,-1.0276789792502627,0.156709042082126,0.4995075905010327,0.823344998233609,1.4973204344686168,-0.8184553468898803,0.037897826395254394,0.7933323369824867,-0.6501990356563984,-1.3774818466177638,1.592414357821954,0.7093873805550059,-1.514766060465497,-1.6978348084251693,-1.3697267037281833,0.1893654419435562,0.0365108267836391,-0.3245075763284282,0.1595262514607398,0.6208830039776299,-0.9992897224931427,2.6646909449608254,2.6125029599524505,2.9466070349510143,-1.409753412772474,1.3186547121153118,-0.8550986696596488,2.127002581389201,1.8089808528974256,2.965268071973881,1.4853936333645827,2.3751788327151786,1.136773315599728,2.174859892877339,1.989901198964068,2.986116251298999,2.5057819767905123,-0.07626723804822917,1.9126564146295615,1.00448444958915,-2.180680165904355,-0.7223315475275326,-1.2107333900174433,-2.4470649278456817,-2.0188729515374506,-2.1344097216341775,-2.645710394405321,-1.1452210431163308,-2.380640897849484,-1.4187528522098776,-0.0072521054841459005,0.01787821887427911,0.5260513725753175,-1.3470740953527753,0.2727626237283617,1.4579060813658309,0.1622911900025936,0.38891280726948835,-0.10291873184093579,-1.5147243251278981,2.537541469075869,0.4929771394880277,0.8783421863582146,-1.971977128739574,-2.006125310582392,-1.155917901069043,-0.8082691415714738,0.9591954499956027,-0.08556677277300381,-0.6866439741024781,3.0738243337066327,2.3660043617416413,2.9967637858981657,1.4143056430617462,2.0,0.9677173311211678,1.5645433050829571,0.6927988313430528,2.574409180949672,0.6840681450417196,-1.9809722581727263,1.8772736362659224,1.1160471208741594,1.87870446174615,1.7417052106148874,2.390114177330892,2.213665200378225,0.8097616899569477,1.8819727200309129
1.320350870302025,0.497425834538359,-0.1417390043007619,0.39611944067892607,0.5872897281355707,-0.4383256285688277,0.8121724567949857,-0.08846575538324769,-0.7047164617581249,1.8142355028318384,1.3392886569339,1.3652000242951556,0.8104966679711069,-0.24877220568782632,-0.06254932101578917,0.5612954202440495,0.49295683373245647,-1.6855671916418897,-0.16832094813486784,-1.703907037855502,-0.7835721149829029,-0.5202098416359335,-0.6627084400549859,0.6434899543147314,1.4427165063343392,1.2747954994149695,0.8934954485168399,1.094935690116396,1.471918198785825,0.8535156841567835,1.355973683878887,1.2702736383071238,0.3478842467117709,-0.6283388868443575,-0.150132383314419,0.43188345034044473,3.384186692666116,1.4508955283110354,1.030937472627417,0.9053808954869998,0.6266642358033604,1.970509781446001,0.4969548953318923,1.5248102502273593,-0.07440706862041091,1.2150474912354068,0.6036222659079831,-0.378085683798643,0.6229560844419995,1.5442555965092344,0.30413304682571746,0.2090371339375753,0.09554305248075387,0.5536335230932846,-0.31034579403909923,-0.6525274261614085,0.2378113687314862,0.2415078944956412,1.9611577608538593,1.0813318331106132,1.471752043812324,0.3858026306815778,0.8760643068526829,-0.3704428521816451,-0.3560500972199076,-0.2629260733338431,1.0953700992331008,-0.2766173526046119,-0.3434406070851408,-1.2946421652506404,-1.39225186063311,0.9780222960889493,-0.4996108027059205,1.7210408659047278,1.035405235440261,1.5040492991604892,1.182285498033309,0.7776514643672957,1.4392891933050267,1.871938637308184,0.4101562324803639,0.10584726640028853,-0.1263315614433887,0.6277487199605015,0.33417883229443424,0.9677173311211678,2.0,1.6820185189776689,0.8003357849249502,1.791506375970389,1.9599582796506114,1.1256172895328125,1.5267369530683552,1.3149950012589873,1.444323208641189,1.6084271890090693,1.400574312757567,0.1558698616061328,0.41756788941469336,1.8035500809210439
0.32062301225158574,-0.9968137638412757,-0.1346470588302363,-1.84093039652333,-1.3304102625176535,0.032631293086037794,-0.554589388096904,-1.195704866087066,0.1669868463497826,2.067475702004282,1.7319906577885704,1.6613832411091765,2.1311741855564263,1.7911697320854534,2.146368236708808,0.3087058784960103,0.9311825205477327,-1.5709454354601464,0.8575244768238384,-2.0779089001060225,0.191133605927841,1.7846511619467682,1.4907720348090885,0.7439576830043007,1.2554311830234237,2.111544486620413,2.7883284870929197,3.078786597120716,1.9483841055230127,2.560380777178115,1.047200214599859,-0.4972665875056886,1.0105799480174467,0.0469327162813995,1.640420945237196,-0.8718127171766871,1.8601039234480825,1.3220494396043372,1.5088022784246513,1.3053352995741163,0.677364655786747,2.5448020500965494,1.899755589867942,2.3290326237737946,1.078506578562041,2.4691270397990803,1.7575282342127456,1.2255731623725454,-0.3430925245799637,0.4527140378663659,-0.5726344792406919,-1.3078553713274448,-1.737469538329179,-1.9237975284006765,-0.7606741353486663,-0.35795847917784307,-1.8724628108204726,-0.7673567949898047,1.3043240241299094,0.5023844526926006,1.5782270762083854,1.811280913481756,2.2998618089205514,1.138804727575617,0.366832772220773,1.887688454936024,-0.09053042327639563,0.9873149083262742,0.1657469166818688,-1.4247815092379685,-0.7252218890982483,2.205617485910773,0.7828128835149676,1.4646245109979787,0.8548208645713584,1.0491813923806677,1.1214292873652738,1.9929923441946755,0.2120376069913662,-0.082621280649609,0.303288911834896,0.434134853916916,0.7207128543461017,1.9497654604135355,1.8068069902602024,1.5645433050829571,1.6820185189776689,2.0,-1.319555023910145,1.0093011724948386,0.8435912757851978,-0.0199934765855979,1.9368638278892116,1.4596172573719084,2.005287114474408,2.1459131516109826,2.6564105372907734,1.5879003532359304,-0.5150611915931961,0.2734190301441745
0.7498864733156141,0.1597415426698814,0.17006807700174392,0.33321010212362445,0.2037404823939196,-0.23599424047587972,1.6618967891995644,0.22294007431910498,-0.4733013486659834,-1.595384917497272,-1.498341487256989,-2.0459455696679805,-2.241391985532199,-2.4920597880480386,-2.201884009682332,0.17135534469639782,-1.744579526665874,0.40383959877850084,-1.3202281536966005,1.2845831467862494,-2.099416017514358,-1.7891724771880062,-1.7238536576944368,-1.3557194259267216,-1.3415145524791916,-2.146911775302131,-1.63495362215242,-2.2003743795970054,-1.362011070262454,-2.62220672803386,0.0442306352979171,0.2311406974423982,0.5868009736023792,0.7016357708737517,-0.06044187523616909,2.2423434305866947,0.6803988702264849,-1.7030708203092768,0.1583588907396236,0.11472017008420371,1.4311697313489105,-0.4736171920243102,-0.21038218014986126,-0.4771042164950272,0.8234553357762588,-0.2006782619378063,0.371204515467611,0.8545349940106957,1.6697499081368616,1.6693898412923718,1.651532042826152,0.32576254907347457,1.0096730913820544,0.37891477718335276,-0.047324055943070105,0.2370090895084712,0.7195405880546404,0.016375879304707117,-0.9045271349431767,-1.2149249141192036,-1.5183744982581031,-2.0375591225367273,-2.4739220512925164,-2.023357443485642,-1.8895702205351794,-2.3770999556743053,1.5631034771906522,-1.5618571133132186,-0.6877420525359652,0.40916703759186757,-0.8872069391045643,-0.6489848867529534,-1.1209488380851018,-0.49322958309081966,-1.5761973658399322,-1.0306760880899695,-1.1786502934875769,-2.155124785440779,1.1222233836796238,0.9192576314171694,-0.6295349864897661,1.3604008299137769,0.8002839545517355,-0.005529473711543398,-0.564971212721355,0.6927988313430528,0.8003357849249502,-1.319555023910145,1.9999999999999998,0.769318985447621,0.503221444769482,-0.49143165576334014,-0.278303880454062,0.4546126701219484,-0.0527351677886479,-0.0869231401482569,-0.0833558316117782,0.3588153839642731,2.2326240717916472,1.8070067189961612
-0.3143008728582728,-1.5284180435110915,-2.3017691856783205,-0.39117722513662123,-1.3306134201647573,-2.4793667701195794,1.2115232328250842,-1.835178970940425,-2.440704988637493,-0.2590198760845704,-0.7122756633825753,-0.5857304104796732,0.04228396886311871,0.40826668016914813,0.3332182809163652,1.2348232193449564,0.6354165919086127,-0.19037475669721068,1.3167563600314864,-0.5083711013440925,-0.4662393412263223,0.9567655200769549,0.5666004088794143,0.19974309526921258,-0.7628288550808169,-0.53108860895159,-0.0074801029724978,-0.1620356012252365,0.37780993135673324,0.3107554169785166,0.6233389494929977,-0.5611251245851464,1.45009101278331,1.7444721166588077,1.2573793161262024,-1.5931735885317961,1.7600931019332726,-0.4514377950616645,1.3942364197119925,1.0690604747065051,2.0984128995027014,0.9085205791460408,1.2740820947909814,1.0141184525801545,1.3037716069345582,1.3376635510063672,1.4743187272228027,0.9778913138913128,-0.505749820197428,1.958408082575283,0.5813726971707419,-2.0136262708625643,0.40854603471683476,-0.37814092161012214,-2.4766418857293298,-2.393963121665088,-1.4307310201526626,-1.8891065113197634,-0.2949437401643814,-1.1656099205925878,-0.5409181311274157,-0.0625432075322464,0.1683077748363001,0.4777601037492361,-0.5762588399614558,-0.2936993244553409,1.8709847702868898,0.6009281450220026,1.1082062004800277,0.04901886229139431,-0.8046154074756884,2.374098757765076,0.7882022233504898,1.3242135224515585,-0.25358313377836317,-0.3633840062340531,-0.13286068184026606,0.13199988204856133,1.808741353801737,1.2946577795612018,0.828073319964935,2.3407249996414623,1.612052690935418,1.9479014618515487,1.3768746535319956,2.574409180949672,1.791506375970389,1.0093011724948386,0.769318985447621,1.9999999999999998,1.931031154107783,-0.6421791007683949,1.7604415947268612,1.042387239566649,1.5786163382691487,1.6809775697624987,2.023503580554779,1.458603155019552,0.1977567673528086,2.0971877603757543
1.3847498977983677,0.2130046161940072,-0.41460619760120854,0.46142654983499,0.454040432289057,-0.8071895633740881,1.1351596401366586,-0.163977653882751,-0.9011090867283196,0.9721989180969746,0.5377309117203751,-0.05944947647289088,-0.17733472138234088,-0.3489014891801703,-0.316632725242812,0.4365832896462848,-0.24597952059868317,-1.109546596255182,-0.25013006654000336,-1.283508359333002,-1.0795915138460912,-0.6375486060036519,-0.35679611186726845,-0.4162697797784545,1.2619678971367065,0.189641397859131,0.1046807975083711,0.10496723203705072,0.29545778961910407,0.4932293423703791,1.3615582435460198,1.4490558379294025,0.6237115899345596,-0.09259922592986569,0.2041267621024973,0.1357315177667351,2.0485016055366336,1.4037393023025193,1.0941305721747419,0.646644484368612,0.9225169428320841,1.433154652922171,0.2999433564945956,1.5368754553152224,0.5711739714448836,1.3417193547182453,0.7222933252707736,0.03210486122757851,0.4443007303507497,1.652474498933537,0.616172179645585,-0.15197421266461614,-0.2409104587964357,0.5982995229210584,-0.49087416398934136,-0.8998144727570427,0.1343683307252273,0.0921024287472748,1.9094313414890247,0.6424351861431634,0.6157929295921857,-0.513762985663428,-0.005022884926841102,0.1792712681989167,-0.663889257327726,-0.5884204729172346,1.5010879028949236,-0.3116817818208656,-0.573295589678708,-1.0948891536523275,-1.5483430248295718,0.3944114955033602,-0.20840917670792675,1.816103353004443,0.266907826255115,0.9983548785531121,-0.3079278237025738,-0.03826539403823831,1.7205454066638086,2.669496299458854,-0.4215370827208766,0.1753765649286737,-0.17066555088131768,-0.09519873845877691,-0.5346350433390981,0.6840681450417196,1.9599582796506114,0.8435912757851978,0.503221444769482,1.931031154107783,1.9999999999999998,2.044428063104643,1.9134278734326755,1.5524574260832902,0.9556547307562835,1.4828860437660332,1.3598273005178247,-0.1726775348965904,0.748848888959498,1.7719877261169998
1.612828670296266,2.245660025064323,1.5511126857425297,1.726649893866249,2.5616602042039145,1.2665952695478195,0.2180556312194039,2.1770573185971402,1.1162006125761805,1.9055402005295383,1.6234829851755588,1.3137362184468315,0.10344485054265301,-0.4090226250383615,-0.5534044304322194,-0.453417202786461,0.0919528277942708,-1.1544120614166289,-1.232406746452277,-0.9038008961021622,0.05586869855414511,-1.5641927661201058,-0.8362511079129007,0.8126757560339378,2.879468368684001,1.6688897838312433,0.27972690932836497,0.5965537506918555,0.9432951507268893,0.7931237659454049,0.3409988709330197,2.6699975251125525,-1.5893994830282268,-2.3034551107079038,-1.961013865638656,1.2939053762975172,0.8105732775527184,2.3067967009424355,-0.7383585945177505,-0.7140158101579062,-1.8515858178003926,0.6324129564155383,-1.507109784225569,0.23373754238669242,-1.605446535451331,-0.5299776463428609,-1.4989307512273895,-2.006659236033295,0.306915875559574,-0.4552705190710694,-0.4565769438183902,2.092291135938874,0.176299361132195,1.7870392782842566,1.8518702445123745,0.9689387835855541,2.157499003532362,2.3632205607610963,3.067849486576022,2.54950361597862,1.951487738679174,-0.1345164162387849,0.4717183143894508,-0.44993119708311646,0.356047780573701,-0.3563821214470857,-0.1468140355127865,-0.8703796171487896,-1.2601184680449153,-1.1844166656252368,-0.5711942811624747,-1.420441606122152,-0.7990070764990342,1.2247776859935133,1.694949803119324,2.6683024546037517,1.0101501841860676,0.7549239162796064,-0.0916581547199099,1.9590649160227274,-0.1689594891020606,-2.7819986846857323,-2.1679710814970803,-2.266797082956794,-1.3898262124426481,-1.9809722581727263,1.1256172895328125,-0.0199934765855979,-0.49143165576334014,-0.6421791007683949,2.044428063104643,2.0,0.5911339579399687,0.35226921402606104,-0.3284207031019426,-0.015028366947314103,-0.65667863632099,-2.1534115985787063,-0.1501689618046792,0.007867472541539633
1.8525674694596819,-0.169312328579667,0.04286291485554092,-0.4643035380469604,-0.44033925159846266,-0.2062535776003666,1.6504073363886858,-1.4848605765291678,-0.6010264332100909,1.9341311488615403,1.127041121181695,1.042218834741722,1.4249494082173961,1.2267117506592662,1.8008556366256765,1.6256035026757285,-0.7025180489038912,-2.299350651803974,-0.4317337834325327,-2.403684752257786,-1.0292135610896327,0.483651046262983,0.04519209469247132,-0.8550960502378357,0.7306081030094611,0.2611873373311617,0.8662859071336413,1.4389094610190383,1.1133697779428262,2.043220373757755,2.186959670066653,0.1137247953969214,1.828822044305827,-0.0828517859410726,1.8499924295407597,-0.18666812410823921,2.4641794281129616,1.703078419661001,3.1357902942271982,2.9103232385622277,2.1999904941627504,2.8459204070516,2.5910951490776153,2.776283627954621,1.3951762983746012,3.0253592927198603,2.803740766113599,1.1980691553911702,1.404290527155698,2.466887316710798,0.12780758892999936,-0.4151993752615507,-1.12548305000065,-0.4213849737674351,-0.5520081053437154,-0.08042217426888928,-1.2672821445016609,-1.0810812641424246,1.7399451562660475,0.2996611551622135,0.9907505654668802,1.0537664728195932,1.1197295543782768,0.7528552121194354,-1.0364238293554182,1.291339627910347,2.312257955651576,-0.1143465074457362,-1.4338408054356409,-2.438304359427549,-2.424482732539659,1.5309806870752412,-0.8758832923639992,3.319239519405035,-0.253076545538523,-0.0203968537762097,-0.6059734703362811,0.09865608363209818,1.4376532145869845,0.49907454321820965,-1.4769313429520643,0.6793751966291621,0.5484716274119927,1.779489443239132,-0.5067412020186507,1.8772736362659224,1.5267369530683552,1.9368638278892116,-0.278303880454062,1.7604415947268612,1.9134278734326755,0.5911339579399687,1.9999999999999998,2.615991494151456,2.9677750699800027,2.853184064200107,2.8782447447294017,0.0902229260209437,1.5746539184677655,2.3144435757195425
1.6270724017021339,-0.143501998775138,0.2505970974934434,-0.5704146521342002,-0.3750118677447619,0.024006678503428698,1.776919968024826,-0.6772780634753434,-0.1947130618553995,1.127811117165697,0.8207295361343762,0.32064380547694193,0.3603895658036999,0.2861656186174966,0.8136431090320299,0.8839658461209503,-0.9359548488296207,-1.721317257666879,-0.8435047122955582,-1.9381309504215372,-1.3554210053304176,-0.59600133587465,-0.5733727534884301,-0.7650590749564037,0.37048513314902715,-0.144687066415825,0.5543927499604593,0.6177187324761066,0.734292559790837,0.9114583474223836,3.0022589912219693,0.19444910929232923,1.0059381881883973,-0.5261694451195312,1.3776573517743662,0.5853628169963236,2.2788599212010032,1.5632260776758944,2.565210105635821,2.324533858334755,1.9382233750607445,3.0891981106694217,2.3157084937330104,3.204966700132219,1.5518862931183597,2.8788443261569454,2.0512982477691275,0.940949880484685,1.9434836127359192,2.5705123855700505,0.16751665741720037,-0.15081591381136222,-0.6759595264433091,-0.6610240377999302,-0.27884067240748733,0.2090924994556587,-0.45335693204025346,-0.39788574529307097,0.8407113257789351,0.02154202633907809,0.22517318257255797,-0.166709927909773,0.049114980600282805,0.4452399550064919,-0.7809909140632318,0.43504549408300275,2.231606133042834,-0.3793359228583372,-1.5527994492776482,-1.7585021683700521,-1.9297426488796896,1.0041469575136464,-1.055865582122027,2.2250151290731544,-0.4254632706766071,0.0027101152652131977,-0.7953308957150345,-0.358862012233235,2.420621595653011,0.6912122659456597,-1.4601994747545093,0.39000818959394434,0.1407543323972397,1.6393709476195713,-1.1602193824125808,1.1160471208741594,1.3149950012589873,1.4596172573719084,0.4546126701219484,1.042387239566649,1.5524574260832902,0.35226921402606104,2.615991494151456,1.9999999999999993,2.9231167046154543,3.11352250508611,2.5728447762172433,-0.0842582833469673,1.9394998347128685,2.470838078126765
1.1238125797466805,-0.3781763606717597,-0.31921215018383253,-0.6419579185551774,-0.6670642080784777,-0.1625931614608448,1.7567101481362268,-1.344235657589668,-0.44015767522017324,1.1531087874087227,1.0904822735785447,0.7494640219559886,1.1374666142862255,1.2618855428907292,1.7074501479249566,1.4819337497255538,-0.7369868500141459,-1.9656190111260694,-0.4254315251547651,-2.3400668604606514,-0.9454682973277471,0.33386577222784325,-0.1310334943984888,-0.8739728184819572,0.019814089736334903,0.32030578032531265,0.6673549354026321,1.453390376814355,1.1284947703410781,1.7271805030795175,2.198586781383167,-0.1872992911176486,1.7388959729224895,-0.15358997477484893,2.095170626626376,-0.21615218464228897,2.548870029395278,1.5189030730973845,3.29536377850847,3.040668362458689,2.330045020352772,2.994623164442236,3.209383620533502,3.2408185610554536,1.233176863399919,3.071082412645699,2.8074508389419135,1.0488112769012408,1.544374853998321,2.606976909250844,-0.3042345029302398,-0.4671561433824437,-0.7558091425129867,-0.6862418566971387,-0.7947287256770253,-0.0761544084071882,-1.0799849087029825,-1.108223217701846,0.7036627264704371,-0.07738725449484739,0.48500723364854575,0.8017404354301734,0.8931144787264589,0.7796970987702041,-0.8834712748000688,1.2384759672725791,2.254610883504718,-0.1252081870146474,-1.3270644786845833,-1.903842124689914,-2.061238534795927,2.1432636343873672,-0.8639164311006451,2.6302499206664907,-0.4616850097878557,-0.388035155360383,-0.6323005475833299,-0.09605749116211261,1.3938871326201923,-0.051846717486712005,-1.4348262280134465,0.7286855000374506,0.5527966471100149,2.56569835403319,-0.6999148495474012,1.87870446174615,1.444323208641189,2.005287114474408,-0.0527351677886479,1.5786163382691487,0.9556547307562835,-0.3284207031019426,2.9677750699800027,2.9231167046154543,2.0,3.2500955263024496,2.653921943068436,0.1020695700290444,1.4859439759388446,2.395309081729748
0.9660369375646409,-0.5362037453866153,-0.4658915828214403,-0.7512866449523119,-0.8195709417005426,-0.2414757659539786,1.7682503911999214,-1.420926427647282,-0.5279933581139669,1.1004276199698462,0.8212308698515508,0.4215238655736529,0.9273921002318641,1.1348030925430097,1.698157210262306,1.1388647640970309,-0.6231171116246605,-2.148344895198623,-0.3201323606167422,-2.4440399654988356,-0.6888750667784418,0.12227301611253949,-0.1894760430959313,-0.8617834663746793,0.22411786184948634,0.22044369993160648,1.0029294095753385,1.3741174453413458,1.3492976998102866,1.6808332019079253,2.7497523795550776,-0.5997525319042174,1.2435025350130764,-0.3742172165530119,1.6650542707683451,-0.3058372531153813,2.7444043961812024,1.6633482793495067,2.891681330242462,2.7829468730140605,2.341189331051563,3.1098478139304384,2.894070887632947,3.701233642541602,1.7577783534139615,3.371423226065687,2.5487453783357075,0.9501398619091433,1.6316972202377311,2.986919479576198,-0.1203795479576268,-0.736016506766491,-0.7559094326262956,-0.8080987081910613,-0.9191796569503434,-0.3249488283608136,-1.1784899736142078,-1.1541933680554943,0.5788655532600606,-0.07283349104610112,0.1537159880925478,0.4268074750057684,0.6898081650942692,0.9013824849163958,-0.5830231482567692,1.1775372481523516,2.4333093887337554,0.2049130325959002,-1.25550143085792,-1.9671910965934125,-1.9490150217008921,1.654676881207478,-0.7777580417456642,2.580009215897104,-0.377599024766012,-0.2638605286114601,-0.5861477622596144,-0.014566546299840027,2.023970652858678,0.16436753261030368,-1.465459552442368,0.6902683610750804,0.47474898034731466,2.11233175691966,-0.4955091069990579,1.7417052106148876,1.6084271890090693,2.1459131516109826,-0.0869231401482569,1.6809775697624987,1.4828860437660332,-0.015028366947314103,2.853184064200107,3.11352250508611,3.2500955263024496,2.0,3.0817678102351684,0.1750832568506008,1.5622929993058343,2.798500707957212
0.535103201599742,-1.5546003341438175,-0.7976787085046824,-1.879293710974375,-1.854979123507909,-0.9664854470927892,0.8290000526604409,-1.9972676063298942,-0.8904720247954219,1.230013193165286,0.4780945514849333,0.3680873383960645,1.0426251012441805,1.144992102142715,1.6735694166682125,0.7727021845431927,0.012629014665260008,-1.636982490396198,0.5361394689607109,-1.9213785325095007,-0.720879965497242,0.9985321219070686,0.8839294457220621,-0.3845365213611157,4.5918971153441346e-05,0.1315424327144664,1.6455108254635773,1.4408816012009686,0.7647666771913981,1.5811805580782377,1.8629334173689451,-1.135261663788776,1.481003631159234,0.5723415793545048,2.0927624988507776,-0.814912294485303,2.14209056244917,0.9885345971102866,2.51887698750349,2.2908320014518515,2.2642487185061655,2.6298794154551457,2.471716230004184,2.92533050943339,2.107560892619744,3.48657512145674,2.641278050379803,1.9170384867067858,0.6687521465902528,2.2147780245803874,-0.13142667604812572,-1.7510292444529183,-1.2391383994184118,-1.9574099402531497,-1.7622263649860597,-0.8286212757296623,-2.1217552404188926,-1.6338972133844143,0.2752412945659511,-0.5886787590818912,0.1655053502201152,0.6869492094988616,0.9321978060582943,1.0261752126306838,-0.2693127002660112,1.1223315494926234,1.6669059759929556,0.7614280417555208,-0.1590677020361459,-1.4615881949006462,-1.4189629055280386,2.03903333414429,0.305872210876014,2.051930207701057,-0.30563413826587327,-0.3377513766624764,-0.4112143013721956,0.4843357705601081,1.65950424608164,0.009882683367252426,-0.47868896148887574,1.64717869383027,1.3572278048130872,2.597196811401697,1.0278837959383886,2.390114177330892,1.400574312757567,2.6564105372907734,-0.0833558316117782,2.023503580554779,1.3598273005178247,-0.65667863632099,2.8782447447294017,2.5728447762172433,2.653921943068436,3.0817678102351684,1.9999999999999998,1.7733454971616731,1.0321485736170524,1.9979090241784512
-1.2608953148784425,-2.660793296446653,-1.8345770098178682,-2.2922732338641048,-2.8650470051753616,-1.98137285220583,-0.7764400150843491,-2.057120806872952,-1.5462586642783762,-0.7334292366351602,-1.0686007627861862,-0.8167381491140765,0.4309262834938184,0.32114301311495297,0.2741584004512204,0.009806678556830498,0.9288252146748446,1.2771097148141426,2.0838940891745237,1.1755181530972036,0.026050389847779104,2.4474781020146184,2.2485285888110544,0.39106637995091853,-1.4279243054400648,-0.3603352966099417,1.1093585298399287,0.42854616805824625,-0.1594476028751857,0.008364270820087802,-0.8177623666434293,-1.7068035890813085,1.5208402260625056,2.608898463332925,2.0253012085001085,-1.4815807498274454,-0.1980330085431658,-1.507583568135758,0.1432828753175852,-0.17479231513625212,1.265878810814534,-0.020737582456914393,0.8700579537288434,-0.0440201540194087,1.7744156356911345,0.906814249050197,1.2663902467606436,2.7255054693509617,-1.4764656496950768,0.025990334572173007,1.0577066789899345,-2.857728396276022,-0.8044682904703485,-2.4213101830031705,-2.418460755263769,-1.7356603531308237,-2.5478914009270026,-2.1199165334936025,-1.6483615648688705,-2.309416063965964,-0.8944675526235263,0.5183003426973412,0.3603310214753972,0.6627124220609305,0.005559306759561004,0.046249658866414606,-0.2598884381789015,1.3591370759203314,2.1523417909838605,1.4027059551602354,1.0032286568708968,2.2677629408393685,2.293343968269168,-0.8083164713159465,-0.7248136008861543,-1.0462540360514143,0.0703803223310421,0.729618267748868,0.1568652311476239,-0.03591132026652702,1.4150880535264887,2.711982896232032,2.1551494524205563,2.027378688995221,3.0005055387640063,2.213665200378225,0.1558698616061328,1.5879003532359304,0.3588153839642731,1.458603155019552,-0.1726775348965904,-2.1534115985787063,0.0902229260209437,-0.0842582833469673,0.1020695700290444,0.1750832568506008,1.7733454971616731,1.9999999999999993,-0.5664230339099472,-0.2525910532262012
1.8326541660984987,0.7699313125435523,0.9183896391970869,0.4380242512253161,0.2490462299272182,0.8501561848897455,2.555442835537747,-0.6706436745275872,-0.1669957380198836,-0.31157706340236246,-0.4699858164142625,-1.1233025510988852,-0.9690387625654213,-1.385434434655614,-0.6746309091887474,1.2724150210361664,-2.7200948770370754,-1.0388831830224972,-2.12791286823338,-0.41628417562523046,-2.4858483105788913,-1.44847319446151,-1.8340039058949222,-2.470431914177856,-1.1692552222248016,-1.9412127176949565,-1.1576164153380515,-0.885324914649725,-0.8443654989397944,-0.8530274177268192,1.5881471104403087,-0.13102084329653996,1.4094137328156555,0.001093846431597989,1.1317117921568864,2.105581867109468,1.4101905594025232,-0.1248684344577882,2.1274821981080945,2.1170407989806064,2.3313624339333265,1.1589021563489716,1.644964241115185,1.48542619237116,1.626728867967595,1.6628828412823173,1.9861654496629524,1.395521283130135,3.3883172025699038,2.8629291282098954,0.9899944604797631,0.9252564589364283,0.09765317016927941,0.4609692611235801,0.6430079930626155,1.1624590528049097,0.14102492271193562,-0.6936004827781624,-0.1507435754310057,-0.6347550315727659,-1.0329298090772636,-1.0989788971520174,-1.8797706107050427,-1.0882168670537962,-2.340422638552965,-0.9858471057209319,2.456704445583856,-1.625490211945832,-2.2986004888572795,-1.1694831691351948,-2.3810932383283774,-0.5676519857700457,-2.1975437624836025,1.467242873662813,-2.113883150493946,-1.5762662386684954,-2.19552414671357,-2.470155595597901,1.1570839056755022,0.121599046137267,-2.6870525264913168,0.7803007536559545,0.1292126173081484,0.493216881126433,-1.9972805417188555,0.8097616899569477,0.41756788941469336,-0.5150611915931961,2.2326240717916472,0.1977567673528086,0.748848888959498,-0.1501689618046792,1.5746539184677655,1.9394998347128685,1.4859439759388446,1.5622929993058343,1.0321485736170524,-0.5664230339099472,2.0,2.732440456882908
1.2613183491729376,-0.0935180107865817,-0.8509592701330626,0.4193766300773798,-0.3144663342749735,-0.8016951749424905,2.947094023556537,-1.3416937697741276,-1.5784786437102272,-0.1175909403275061,-0.34253400675526646,-0.8852868211030438,-0.5751744412930235,-0.4525902468478089,0.039844975165224804,1.498446610870547,-1.5935462604388528,-1.3241587510658637,-0.8186017652121036,-1.267164208129349,-1.8281171351366154,-0.8669718343868885,-1.2529525756822322,-1.8160932326093502,-0.8945204048159383,-1.4644685436514624,-0.831311797180299,-0.7153157385029423,0.033473301438373904,-0.1994029582434101,2.0967935533687374,-0.1552688881281516,1.3658006106204814,0.3673284986051257,1.346428306305116,0.4788302260082239,2.6253246354221913,0.568043068019012,2.511820133648415,2.4723385119577967,2.7696229643293,1.948178214419923,2.1096620719356713,2.337804469376669,1.69531178448996,2.250635461802723,2.2341025478951084,0.8936365578149041,2.2934395539803902,3.717385859032622,0.8131164437665128,-0.2978654886609089,0.43721682133473194,0.5010797634564651,-1.0322159599856022,-0.7909865614166969,-0.28029290029870413,-1.3803223357444514,-0.0166381943438995,-0.7867466225757151,-1.0087161631761328,-0.8310222793630042,-1.0703586656288808,-0.1716442255037153,-1.6404103986522567,-0.5093605251885689,3.1655072642305453,-0.7137935815887059,-1.3876451479984582,-1.1658602739908115,-2.3966444454536817,0.8224832760289483,-1.3180810098139295,2.237789736122411,-1.4159164187228632,-1.2114817718528739,-1.5287613056430636,-1.6340117608285678,2.130063192582782,0.8470498733428357,-1.854016006244824,1.2684860439063295,0.5774082665353331,1.3904776695841126,-1.2682680876385648,1.8819727200309129,1.8035500809210439,0.2734190301441745,1.8070067189961612,2.0971877603757543,1.7719877261169998,0.007867472541539633,2.3144435757195425,2.470838078126765,2.395309081729748,2.798500707957212,1.9979090241784512,-0.2525910532262012,2.732440456882908,1.9999999999999998
