0,1,2,3,4,5,6,7,8,9,10,11,12,13,14,15,16,17,18,19,20,21,22,23,24,25,26,27,28,29,30,31,32,33,34,35,36,37,38,39,40,41,42,43,44,45,46,47,48,49,50,51,52,53,54,55,56,57,58,59,60,61,62,63,64,65,66,67,68,69,70,71,72,73,74,75,76,77,78,79,80,81,82,83,84,85,86,87,88,89,90,91,92,93,94,95,96,97,98,99
0.0,0.21537029863728258,0.11579653678132125,0.6790340864584254,-0.03170378480107107,-0.17882080595403255,0.671054507896749,0.4271232342039249,-0.12349227045453902,0.4560375749726856,-0.5158531587087897,-0.6499174312947771,-0.6594141712341026,-0.6695454924789246,-0.7214040996366075,0.797409269486001,0.4021569042642195,0.5489195620671619,0.4102075280840517,0.08517252917507881,0.16610212191436838,0.37805028289294007,0.1702486021131047,-0.5834500269608976,0.5986217137005239,-0.6499418258867798,-0.1979336798826923,-0.6251952064961948,-0.10892953174280312,-0.6812359098062325,0.13537246803341743,0.6306496803412232,0.7000479462273902,0.5361927071572213,-0.22030039551872174,0.046380183362818676,0.10959155935996587,0.02725114577098162,-0.31641075884230385,-0.01358989166982695,-0.05360649475983429,0.08161136256872707,-0.6678630008923411,-0.5683895774395367,-0.22365113347570775,-0.37548564203813545,-0.4004214714647202,-0.35082245820257524,-0.0438117094696897,-0.19660797052619097,0.14073343006942124,-0.0359702049023747,-0.3223547451014783,-0.7231103990987042,-0.2978439617509693,-0.2894613337620389,-0.26610995403980275,-0.0021956548233038197,-0.547869117419785,0.6735679358071484,0.6289246294423474,-0.6181258945798205,-0.5536869907419972,-0.3701648706160949,-0.3707155503278767,-0.6766433160794924,-0.26424009914644553,0.6712711095214099,0.480505543520617,0.5001665112535433,-0.1976780767338383,-0.1555771895790962,-0.5024534833162067,0.0807469462180951,0.6998585566128489,0.5383986603107134,-0.29913374521667735,-0.5734295022774243,0.07367092306252111,0.21366835803929735,0.508921525232376,0.3622539873220288,0.29039570802832054,-0.12487792904648264,-0.306757547834908,-0.20411809087681443,0.2613252549277314,-0.34839614876950004,0.25872520108120867,-0.019958140017655043,-0.5896288445513301,-0.2523341782702474,0.09376119348502464,0.48658922475395805,0.0032854717977388796,-0.5446146965490918,-0.38908727205789256,-0.43347579003596054,0.04701573267780773,-0.13713678862881318
0.21537029863728258,0.0,0.6898678521020314,-0.0366284212631613,0.7958358727310977,0.564427013883903,0.5788985003822023,0.6411431710249003,0.6213657902858764,0.11580448463394893,-0.03875438657740832,-0.07382156631865504,-0.046103480521479605,0.20315323260285392,0.1508875799656429,0.28638388670509024,0.611945719313765,0.5196238217530552,0.5604958567783664,0.45847475416255457,0.5909211009823412,0.4907005040994669,0.6458795704119902,0.21147666781880764,-0.29182402444469485,-0.15640367313583922,0.21924966348043798,-0.06436537009546656,0.43283882719819017,-0.05041200924617021,-0.03454146660036456,-0.1630840266742177,0.12012986200300826,0.3537329674623441,-0.08638169812843627,0.4154523634172422,0.2911293378498755,-0.18549019171456732,-0.2999418297913384,0.08130636094480354,-0.10322255341052769,-0.08118863389505052,-0.3781894678574269,-0.2040437104511728,-0.03221010248881345,-0.004475266603305778,-0.15269740068481005,0.08307179443333831,0.4411212037103005,-0.005771142681907748,-0.025285269614535012,0.6696316178622291,0.18416294277509804,-0.38256393238820074,0.5905691376436522,0.4041524964033783,0.4683262827153907,0.6850316258510419,-0.5171886481071656,0.13311732715848074,0.14209348086057766,-0.1632747765597381,0.20523013100572707,0.5575724935559438,0.511255502386139,0.2296341274566876,-0.13096825357840444,0.47587053788793354,0.4046832871906629,0.6268309289081848,0.6276121351375513,0.34513951082476413,0.4741536103728958,0.028110469142675915,0.3911596331842198,-0.1439898514160801,0.5648980251839693,0.11772572149921616,-0.23947658407668276,-0.20912727251596744,0.3771986188064938,0.135719752018673,0.1841662675680498,0.05632711718025448,0.36714173166686986,-0.009500288352072027,0.3450333593553253,0.12399884140804643,0.32442223975668605,-0.021126386570437423,-0.23781921175568435,-0.4922604669716993,-0.17883255727030567,-0.23469399906654095,-0.24832490781596156,-0.16710903280544975,0.056391155624592244,0.10505687353734147,0.4112001691991555,0.023102978783775128
0.11579653678132125,0.6898678521020314,0.0,-0.266506606077364,0.8829309704799931,0.8301233352432003,0.4785647515072087,0.7572016597758652,0.8469545237435552,-0.034047801294508226,0.13744058088619823,0.06482790960734723,0.023237539851472692,0.18999221618185988,0.11887098693797747,0.06365515842634688,0.450832606299278,0.3222300385399067,0.40968278590251156,0.3553496763052247,0.3949422447146417,0.21403710899776068,0.48512603114089975,0.14484172074989773,-0.2361995441375235,-0.014010400075932622,0.06735691214140398,-0.09517826067693295,0.45320138986993547,-0.10879404752959351,-0.467309266853156,-0.40761772699283527,-0.15328898466260862,-0.009484933916654175,-0.46949907392042556,0.43985580213219544,0.1421218490309884,-0.47063894984218135,-0.4966192635906444,-0.15904841956575017,-0.36785771366819553,0.13344898365511598,-0.5566270130500608,-0.3548004575870341,-0.24601456391099744,-0.22040674970502827,-0.3747259315227294,-0.14115465081729076,0.6270236528495277,-0.08108073422267831,-0.13718871327119112,0.8524327523983786,-0.059882440831850216,-0.45589225350050966,0.8360001760500653,0.6753575815214052,0.5309405940453128,0.8785009079469656,-0.5564264240823642,0.3872126802160616,0.43833440953880326,-0.0719125877327451,0.3173589117122203,0.6093078191218451,0.4275802405639054,0.28986896096057874,-0.31350656610369976,0.34325067511521506,0.06222949429620246,0.39756810870567194,0.6783355774537152,-0.10207117083788683,0.30714152514687715,-0.1022006277329431,0.38510501049925616,0.05558285502299989,0.7097448770822216,0.15824853249266263,-0.7016805811824829,-0.5159260796508682,0.07611124906828971,-0.26375624820542215,-0.18641374620982537,-0.3615323837311259,0.09164607311502468,-0.38711356660790974,0.26324672521411924,0.002287758167903382,0.23552926125103987,-0.2808514549397034,-0.4309628324438393,-0.5626263672738911,-0.298217657800897,-0.46477205448138686,-0.5538551574943165,-0.3235093122203914,-0.16412479850434483,-0.12695287354376675,0.6397738785732512,-0.04908231199972833
0.6790340864584254,-0.0366284212631613,-0.266506606077364,0.0,-0.22015415080372014,-0.5221695865978498,0.2746605504982881,0.1290682171827506,-0.47733834965516464,0.26133499314524433,-0.7140743822399308,-0.7256109683364987,-0.6286205647129045,-0.6473924849149995,-0.6362527946412092,0.6357732303987776,0.13172435882709418,0.4208715704162981,0.14239542951685114,-0.18011541950179333,0.02501194997044151,0.39067692849588376,0.17102685375328827,-0.6673390430211785,0.41185219522829325,-0.752810202244879,-0.08649931986468479,-0.5853465620017991,-0.5411137361198067,-0.5208612794521718,0.1591105520229239,0.5833283145019398,0.6998589486474304,0.5467735862537828,0.22293750850984612,-0.261078820507385,-0.1591876401533677,0.044015003949716504,-0.1957081465985159,0.033811702937780526,0.18693627899984608,-0.4127046669703294,-0.20039396825269382,-0.3974651192573846,-0.03756763846050167,-0.09604077762560642,-0.07935542523636106,-0.01896188656469705,-0.42566524433856284,-0.21839063053297675,0.13898165233007634,-0.45603457784555157,-0.4821937259098986,-0.35508954572677326,-0.5311084616535029,-0.6493898008049251,-0.41478651091459023,-0.4375775082709136,-0.4422362027471877,0.29647583398202215,0.12709167812559136,-0.6378803992785845,-0.6970656355090993,-0.5894078720029031,-0.5915248446939405,-0.7011742433567193,-0.23911210955171563,0.27704090998161157,0.3765779742480274,0.29973136132107947,-0.5517358767671822,-0.09428903389938159,-0.5045350037759937,-0.18052110104948446,0.25304994882180964,0.2960338606556634,-0.6403953391078844,-0.5969355726462475,0.2703647237401159,0.11920875252023544,0.37439663228586195,0.3884049995573735,0.3567671715201892,0.025749266495067317,-0.20204597295880028,0.07890915824969572,-0.22342988748086853,-0.3056228212542162,-0.11583512926618747,-0.03497874749026381,-0.39178336589553775,-0.26233900457663806,-0.2189277610342089,0.38158892164211156,0.14884390315840726,-0.3872636311868301,-0.22475065243580905,-0.25028978730271656,-0.4442106413952896,-0.2938184491205533
-0.03170378480107107,0.7958358727310977,0.8829309704799931,-0.22015415080372014,0.0,0.6566596328721775,0.3619093775440229,0.6202917478688535,0.6897428151278784,-0.024149051816217404,0.03095517089625052,0.022907307116277136,0.06190119273078424,0.29742744467558707,0.2622499091145951,0.058462367616310636,0.4828952229809907,0.3742887365897268,0.42283875487518696,0.3249184118853552,0.5120926236450715,0.38026695465670296,0.6374729858327485,0.2370699794152394,-0.40257946581453596,-0.08027959239281159,0.22008839063886165,-0.017440602855888915,0.33376214802108145,0.03639876320601502,-0.2806891840327701,-0.39081557305731696,-0.0889129951899239,0.15545393640138983,-0.1355617010694889,0.3405417178008521,0.1162317261840458,-0.35830454784940546,-0.3706384451163451,-0.03214514996243409,-0.18493213971635727,-0.15252302169178544,-0.2865148843755435,-0.20639476103367327,-0.07864716138920082,0.006736217468699262,-0.14217348046030123,0.11866400127759064,0.43761326226466696,-0.05751066100975804,-0.13108674336326584,0.7000851094982963,0.040502577407509704,-0.27574218608420564,0.7275590216672961,0.48821565046207444,0.5150372639958408,0.7080815095433197,-0.4823518960978494,0.09829454012782822,0.09831787913535113,-0.06685637645111807,0.293678467766422,0.6203985093323493,0.4912166874207115,0.35428886825588085,-0.2267678984335676,0.25707060145296806,0.19460624716168767,0.4531219683171562,0.6262494054298178,0.19438536339439078,0.4884879189536642,-0.1503895627484565,0.22603390503599047,-0.18063519202283682,0.6212166821114719,0.1911250440498307,-0.45970843016855445,-0.4670124061340751,0.17034167354096094,-0.09127558624635644,-0.006140739147139649,-0.0989664084534897,0.3291022961809051,-0.10156000649103686,0.13202317983710946,0.11305103690952217,0.1373897528010108,-0.1804395340098504,-0.2466071181817662,-0.5738850420320265,-0.36893412522027014,-0.45013126768771144,-0.39260407784818435,-0.17390272676824647,0.033106517640348485,0.10657649181882141,0.38051053507785887,-0.07413366048204652
-0.17882080595403255,0.564427013883903,0.8301233352432003,-0.5221695865978498,0.6566596328721775,0.0,0.3767621078053266,0.45786158298214474,0.8956796371022442,-0.0357473325317667,0.5104512131262302,0.43039932950992793,0.3957737701080349,0.42845990688351504,0.3845379177281241,-0.22859886190466658,0.13450688537760175,-0.04126200575084059,0.09235095909766937,0.5167518447551598,0.18023922010629184,-0.09739421650713112,0.24004769520885663,0.43918507574342147,-0.4053837093412131,0.29521643534272196,0.2444340881930099,0.2891118993540144,0.6784704803991487,0.2373002104451704,-0.5093692092728536,-0.6315699594668283,-0.3733332203899134,-0.28738876706278627,-0.32187408556846137,0.636532629974849,0.34279830502062514,-0.21661849755838816,-0.1383895876824765,0.061364443285304326,-0.1663393148248343,0.27146644231334743,-0.2620124942996698,0.0289956943690351,0.023172071732097236,0.03695587226641177,-0.09824963747284625,0.07373801540966657,0.8098094870040744,0.2437789271337351,-0.27984781620993676,0.824954608954516,0.21369415088223478,-0.1840284312600561,0.8568064256902915,0.8505247999844123,0.5216907528803921,0.8730762966932909,-0.20969391396435932,0.19151110256957252,0.2848602628007486,0.3183793869119767,0.6175327556558756,0.6415498903144927,0.49744031025557556,0.5504502620213293,0.04866640585341058,0.027630147232512225,-0.2373795867872564,0.08748486881437925,0.7666190051016701,-0.05713641134965312,0.48029140080262905,0.19779258149150603,0.08364263760452849,-0.1713751526577107,0.820931022235272,0.49928704729481316,-0.5816682889264978,-0.5056859986994482,-0.11160573278942995,-0.2954042263680407,-0.21462131483253571,-0.1963228383356897,0.22866305205967044,-0.2086470332946006,0.4034107583649586,0.28838595743187195,0.4104033030501501,-0.016420736974256896,-0.07152362820287858,-0.24853262992560599,-0.002588813728404324,-0.5206613731138262,-0.3688592085807554,0.04987888188988496,0.1236339675621645,0.1432403411930729,0.8070215495745533,0.2825470558223205
0.671054507896749,0.5788985003822023,0.4785647515072087,0.2746605504982881,0.3619093775440229,0.3767621078053266,0.0,0.381460959834485,0.3585995749126425,0.42613448254383796,-0.031932602474909026,-0.16685429044964747,-0.08355945603260846,-0.07441008177483496,-0.12977571997559534,0.5039460510619592,0.28981204445344855,0.35012594974349515,0.28794178496866046,0.6505362091222643,0.2880547305120554,0.24782548425964251,0.31435415550432666,-0.0008688850160789944,0.0010306197925230058,-0.34090365556000923,0.2722960188807663,-0.07359224086424906,0.4411600146552206,-0.11773284399136708,-0.01676965007034965,0.1252179463743242,0.43138010641090313,0.36448066193485973,0.06420838215927459,0.5987745904215106,0.5413335548645539,0.29829647031603507,0.04874029878773047,0.45173991966410376,0.2553358235898824,0.03472693248323625,-0.3724762020715877,-0.10750679631303658,0.18546276634421144,0.10057438125261514,0.017613187190730017,0.15619628675123925,0.5008267653048956,0.306625879804477,-0.06335612471534514,0.32478158125201034,0.211788462761935,-0.5218572816955589,0.1266744120113295,0.21719098765419895,0.039092180194417674,0.4006574980972028,-0.42779342625114786,0.2966330002394849,0.2884233273636112,-0.12747327309162942,0.07028573104536946,0.1128636576684552,0.12622094719664154,-0.06817688525822657,0.21280422335466925,0.41812665689967005,0.2791076927626888,0.4447195366778699,0.35845489653568685,0.16239051931162718,0.15357018667955447,0.4963797605572972,0.37444358522581167,-0.05588338207267998,0.22597894460671558,0.03364158698139853,0.061200997821587555,0.0577052523337341,0.42316798157035207,0.39325421613288236,0.345802990870689,0.1827460911735242,0.20166630689993992,0.1340385461772321,0.546837258482905,0.18411621975022563,0.6681803962261907,0.35698699780866583,-0.16165885436743943,-0.17025125956359835,0.31467490936684606,0.08913062927054513,0.07152660580200146,-0.06536644808246214,0.14423301466075525,0.10038839461440191,0.5041195726164593,0.34651785608321906
0.4271232342039249,0.6411431710249003,0.7572016597758652,0.1290682171827506,0.6202917478688535,0.45786158298214474,0.381460959834485,0.0,0.5560629357252379,-0.09726774837938647,-0.2894703262976095,-0.333566413712362,-0.3958654420019155,-0.10982010106329952,-0.2479525156350765,0.4154409637734736,0.6889123542346078,0.6713085317790956,0.6820976144136537,0.11675410671251943,0.46096997154593766,0.45946745783516696,0.5821625278129597,-0.28500766708009345,0.06326436481536127,-0.3358842656791954,-0.23834325537362744,-0.5181744625698896,0.0574267782497161,-0.49434426923416275,-0.13067289170184876,0.04711839028136573,0.13902209735801924,0.31500126409815277,-0.489117192939914,0.11003856918566758,-0.13221187533936507,-0.5877835575245369,-0.7181386173428905,-0.3255961130373954,-0.4975791837617388,-0.06512863434335404,-0.7545047494033723,-0.6902424448486583,-0.5137587153715576,-0.4836995558485109,-0.6023206686124452,-0.35224093701743575,0.26052382678049263,-0.41441597960146137,0.22947691730012545,0.6989708318441256,-0.21463969785909529,-0.5816776340116019,0.5356415866982412,0.31380582202943047,0.5201901762585417,0.660491072917507,-0.7829104871541421,0.45401610654046115,0.4805644268580022,-0.48948202948486735,-0.10653892529578467,0.3860404090917021,0.22375907454774416,-0.1178630505639556,-0.5664940263822288,0.6443091604778612,0.4079526831264136,0.6825890689322633,0.3906023441954122,-0.14471284361267495,0.03342642111860577,-0.326217260940343,0.5953541245416262,0.26987747864436773,0.3380941609611446,-0.32205956185938245,-0.6116202043271781,-0.2171446441669634,0.2129230436745163,-0.170550721709486,-0.1660507820269157,-0.46873319606440617,-0.1562220615784691,-0.49498892491076835,0.019132418416068896,-0.3923511189158062,0.009267142690179569,-0.48738775229265585,-0.6934202698246914,-0.6463935207980468,-0.4793042605400444,-0.3370303099106557,-0.6761036260468344,-0.668641095354408,-0.471823429398794,-0.42641565591461816,0.3142034331330217,-0.3881698536362414
-0.12349227045453902,0.6213657902858764,0.8469545237435552,-0.47733834965516464,0.6897428151278784,0.8956796371022442,0.3585995749126425,0.5560629357252379,0.0,-0.06298027417625622,0.45895097681314545,0.3876447569596283,0.3744064440166303,0.45508339108346546,0.3788699559272746,-0.15463867213075635,0.21871530303340717,0.05926654724143142,0.1914025702851459,0.5861324046018331,0.26237852293195835,-0.026563042897103657,0.31310736750727475,0.4034660965008198,-0.4507033229375881,0.24240039523218104,0.23889905223452448,0.2553414170104732,0.686537823572388,0.2164815603650605,-0.43034454086655405,-0.5861001277324714,-0.32365783391443614,-0.19562793461517,-0.28420485748536006,0.6572795372631198,0.3690715942039082,-0.19453643746159205,-0.14616373551115835,0.11440971941503121,-0.1425147037552244,0.16699351146098074,-0.2968323127062952,0.0003468930315057539,0.005403327525633658,0.042358508741174195,-0.09663183477438267,0.09923225290889758,0.8244321579982077,0.24735523932494802,-0.18884731824260795,0.8592851512146784,0.27561005550291334,-0.21824181381583868,0.8463763340638876,0.8438101172680429,0.5867629969928575,0.8989838655197951,-0.2885362744000371,0.13334060758427949,0.23470490533797667,0.2781370112445842,0.6134291055741368,0.6855749180821468,0.5613905706943313,0.5381232977722421,0.06408045076410607,0.1145352058680258,-0.13468119010899934,0.20350707376816535,0.8109404794869153,-0.00021980266933745672,0.5334260032927332,0.21323288968058796,0.10791538972009099,-0.23530372978611674,0.8177533578437489,0.45456311949355543,-0.5713182362388182,-0.4306214601038944,-0.07396543153808231,-0.24086838372862068,-0.19478458667010307,-0.17069981332293582,0.2493031298157783,-0.17927237703157733,0.4101447190483227,0.26282963476146304,0.44551379079750353,-0.005856642964063762,-0.08091500342368368,-0.2767431427255217,-0.009944425341884486,-0.575039996703771,-0.4091756378460128,0.023761670375539525,0.1295815123751148,0.14936288961272168,0.8154602684394772,0.2839810445853282
0.4560375749726856,0.11580448463394893,-0.034047801294508226,0.26133499314524433,-0.024149051816217404,-0.0357473325317667,0.42613448254383796,-0.09726774837938647,-0.06298027417625622,0.0,-0.06559659929583646,-0.1867099170921932,-0.061654749662541045,-0.16848444532528284,-0.0242955463320917,0.3725806821427566,0.09662669992010904,0.09921463646834662,0.05990204520512019,0.3410971081063377,0.32413030498535733,0.27041470248313865,0.25273273359170817,0.22407569044984274,0.15147550276982255,-0.38023611737477314,0.44220391707003337,0.02542228974048009,0.31919633754550575,0.032304421602665126,-0.22823659603610197,0.08137552630318894,0.4604510737575761,0.324311635682547,0.2002218401690615,0.3662613993048664,0.45556503985530566,0.44521530662125125,0.21172091101176344,0.46453046100036927,0.3797162171762729,0.10111194343404871,-0.09094877291714201,0.046382169294661796,0.35670977016636496,0.2596962679138476,0.22115428037043086,0.23411310524095594,0.1943509484200156,0.27715900820440814,-0.5821042410607224,-0.1120523204095087,-0.07619667475493194,-0.4465036393814943,-0.09084524455381043,-0.1049248383092603,-0.5146017217695193,-0.006876630730646402,-0.08064954368691843,0.3832448405500379,0.2883212280581027,-0.01536109008975616,-0.0194725265321474,-0.06561074306568873,0.024632524982236944,-0.03372055578838511,0.22355750365934318,0.1781543240632652,0.19398976468076298,0.13882014207882923,0.12515185121702105,0.3080052958929963,0.06787152484269336,0.40067155067952354,0.3446811897675058,0.09309287969418875,0.1083947788998388,0.16122882556974177,0.3004842585002948,-0.17268812365342534,0.5971933973566411,0.5582063687628231,0.5550546084749729,0.39678341678252893,0.35265678517689214,0.3439621838765809,0.5081937931215483,0.38280303699202406,0.5088936841463615,0.5021547824948899,-0.020380560905273334,-0.12924592918680627,0.4176448782134591,0.5506752381598778,0.44830031352219546,0.11757264085305784,0.2872259194813518,0.28689050702898317,0.16404283852502433,0.33431289479294884
-0.5158531587087897,-0.03875438657740832,0.13744058088619823,-0.7140743822399308,0.03095517089625052,0.5104512131262302,-0.031932602474909026,-0.2894703262976095,0.45895097681314545,-0.06559659929583646,0.0,0.829305807756978,0.7490016071787927,0.5586121599071247,0.5334427174334803,-0.6264905042188471,-0.43136209434539047,-0.6294164265038581,-0.4214248707136325,0.392629082496762,-0.3354951685732756,-0.662687909090089,-0.4532352692706697,0.6328890506486403,-0.2879628556438408,0.7617820687761224,0.1823747014187265,0.7025197293844277,0.6594368957641213,0.5702510228110746,-0.18754520539543065,-0.549465424538496,-0.6193012418584288,-0.6722111472219096,-0.12477531461645487,0.5010298060356215,0.39919652225485897,0.26250289725094794,0.47273206990084937,0.2541286153072474,0.08413515321439727,0.5095483624265231,0.27859750230084007,0.5488909171118018,0.24490348082212146,0.24141397180106927,0.24567612442385495,0.14620139128073614,0.6240200045133496,0.5308233361565685,-0.2132672327170923,0.34401071590655236,0.583851972519933,0.38753278797098434,0.39002694383860464,0.7043604167237897,0.309953429905073,0.3793100662494748,0.5862150595364191,-0.18412728873304052,-0.0330629237559129,0.7872809374491934,0.731546265406626,0.3449909326158428,0.36322303153368307,0.6155024347947584,0.5468116603025531,-0.4251359570401509,-0.5909043688998228,-0.48868514108479355,0.4559278741876465,-0.08210687441517887,0.388040101542287,0.543356641238553,-0.376574954209617,-0.2835504368162656,0.5295214426763254,0.67241256228762,-0.13660498790438433,-0.067084071565257,-0.44855052727164896,-0.29210632694947114,-0.3073173980241179,0.040131191886369544,0.13158452801073253,0.016948656827435227,0.4040514865942393,0.42692429516907826,0.4003752441751599,0.3116982963166112,0.527471112589284,0.553808643768808,0.5522257852736239,-0.2816343943862362,0.033966753569423185,0.5326289236557255,0.35933077805902114,0.3247789259314275,0.6522887127878925,0.5924837209079354
-0.6499174312947771,-0.07382156631865504,0.06482790960734723,-0.7256109683364987,0.022907307116277136,0.43039932950992793,-0.16685429044964747,-0.333566413712362,0.3876447569596283,-0.1867099170921932,0.829305807756978,0.0,0.8270963462348199,0.7141432232540966,0.6651692643640172,-0.7979005506877747,-0.46515890361371,-0.6794548808028016,-0.43376668636911025,0.25907422795083695,-0.34562058219862074,-0.6998540721908934,-0.4672524683383425,0.6459794079979152,-0.4291747371764517,0.8912928041913295,0.11287453458957837,0.759165695377778,0.5304461885019822,0.6681070497137702,-0.1070014656314236,-0.6152714184915279,-0.7896159607438481,-0.7463375198710765,-0.07782081419990974,0.33297700177334494,0.22924966848890177,0.16357112955322922,0.46639344676750977,0.15725018368469598,0.019150787629185106,0.3737039518238457,0.42550160967267725,0.6073188954334316,0.18836237372859296,0.2526684859200633,0.28059278081200384,0.16972594614897207,0.4888425511912198,0.45280206409656465,-0.07954821696575808,0.31492730131083607,0.6353528879701869,0.6026538793439669,0.3948077507217774,0.6786619517732462,0.424969394080321,0.3074424079172687,0.6729341677536661,-0.43259693558388507,-0.27264080228486387,0.849689147164085,0.7834972551293397,0.4325778790277444,0.4459055427927184,0.715851026787537,0.510375332890755,-0.5368866321753234,-0.6214492758256953,-0.5502767744087425,0.4287614098624257,-0.05836595071216506,0.46309495441661447,0.38619337015574196,-0.5542678172648339,-0.4162185600615081,0.5028630493871222,0.6809400533184518,-0.17107435099199317,-0.01412946182656337,-0.6195875312976259,-0.4261043380072188,-0.4459592882675046,0.005280136393413812,0.1285427350431174,0.012496806720154413,0.18341399608159778,0.373057639741945,0.1781745819103939,0.1865532251225931,0.6246384754686289,0.5855596599689366,0.4055504422303677,-0.46863100177275074,-0.06261365700837399,0.5745218719791019,0.3528876824545649,0.3407104838594696,0.5002315624881617,0.4859798742672159
-0.6594141712341026,-0.046103480521479605,0.023237539851472692,-0.6286205647129045,0.06190119273078424,0.3957737701080349,-0.08355945603260846,-0.3958654420019155,0.3744064440166303,-0.061654749662541045,0.7490016071787927,0.8270963462348199,0.0,0.760364134559714,0.7637264513582899,-0.6457840918872619,-0.4427590386670499,-0.594103512218526,-0.40905888669107193,0.4762633681879106,-0.11023242415249933,-0.4973540099977764,-0.1995200476844409,0.7019106064265576,-0.6095320888380708,0.6327620666283503,0.43094024932749214,0.8100324355517741,0.5854378082790795,0.7955261866277156,-0.23154637115742166,-0.6754824633650746,-0.5631181587266855,-0.5193163330610379,0.24799101994155162,0.4956146912610012,0.39397598659921934,0.34801944473579444,0.5872673301194725,0.46414984924516267,0.339340262040725,0.0727155556301529,0.54341435518834,0.6813275033605509,0.449195870734403,0.5503605884961347,0.5571394370262148,0.5172470835443823,0.5451725440119704,0.6398268230424098,-0.28088754730036847,0.2122218607191819,0.5887471420895656,0.4943641489626681,0.3599487578182264,0.5701347197272347,0.21487527894010727,0.2619705685839724,0.5283484420174982,-0.45605083263154367,-0.37039961774086655,0.8465020887054894,0.8152122374158133,0.4710266173352031,0.4943218060740462,0.7743448882602499,0.6407860230834723,-0.5434057295970076,-0.5128748050803645,-0.4512294580291728,0.4965950490490584,0.15059236431172307,0.6154754620469506,0.48923487447464814,-0.5869282173397462,-0.612085214266111,0.5146896478540741,0.795746535014383,-0.02601761590553567,-0.16387729711727492,-0.3994787141482916,-0.1440710850717042,-0.17234318025025674,0.24979253392813505,0.4045939760817646,0.3163783726847478,0.24198669038379397,0.6020082241332064,0.3343749148624267,0.4069532673934772,0.6774285482159151,0.406372404682358,0.4037432844731694,-0.446041841605249,0.1107603576812735,0.6768784358882872,0.5987969419625482,0.5964275838901074,0.47997812423078634,0.625880950744677
-0.6695454924789246,0.20315323260285392,0.18999221618185988,-0.6473924849149995,0.29742744467558707,0.42845990688351504,-0.07441008177483496,-0.10982010106329952,0.45508339108346546,-0.16848444532528284,0.5586121599071247,0.7141432232540966,0.760364134559714,0.0,0.818220123795324,-0.5001135676273754,-0.009111453623891048,-0.2032162746759333,0.042411987993934155,0.35779726996027533,0.2732127254259941,-0.145935280116971,0.18535868237320102,0.6903600897412192,-0.6588028462067751,0.5561160564982612,0.25986791542577553,0.5983800552904112,0.4478824327649343,0.669598388032535,0.015481214066314933,-0.5056610638802058,-0.5569430168882668,-0.2771729062365935,0.17780917350423128,0.26010683552418284,0.14518776697164937,0.13773286596715065,0.3264896735027258,0.3247750322230863,0.07542142782251095,-0.06866855547867334,0.4010531200956022,0.4364261697173547,0.16758726103218854,0.35799154701214586,0.3575440091610028,0.4073038349383456,0.3424805153533468,0.2921635510683547,0.033145866453311135,0.4102317652542268,0.6650230163564378,0.4290563740289761,0.44632824114540987,0.5004674746699977,0.5141569929484954,0.36550251260415434,0.31405870727594265,-0.6103966722525458,-0.4828104554995251,0.6384590245357881,0.7631378934269611,0.7675705628811437,0.8068011402051083,0.8042649188101895,0.381695628946417,-0.23806953244736923,-0.14243494967441436,-0.07848848791143041,0.6407179163797698,0.38163999521217173,0.7815575205092905,0.22262896649961034,-0.38263858553264585,-0.6396255433969634,0.5870566489354755,0.6006634919384355,-0.12580038188282586,0.013037090178052374,-0.26823560616518083,-0.1896984145965707,-0.23152638595555672,0.19350428502338465,0.44215504902839703,0.2289074035650918,0.017230606023579852,0.3693006042131237,0.0992500379934716,0.1558518181809213,0.526548801690214,0.18158524605023108,0.1464686322579817,-0.587477840389004,-0.17173422301499736,0.4471901607018588,0.43121928576800644,0.48153634079301433,0.28966959090800615,0.2888282228674116
-0.7214040996366075,0.1508875799656429,0.11887098693797747,-0.6362527946412092,0.2622499091145951,0.3845379177281241,-0.12977571997559534,-0.2479525156350765,0.3788699559272746,-0.0242955463320917,0.5334427174334803,0.6651692643640172,0.7637264513582899,0.818220123795324,0.0,-0.5317369432981445,-0.07027498226744062,-0.2843350749438494,-0.055093642559071,0.3607790844180309,0.3240513332231311,-0.08371490541889356,0.23355137035351792,0.8287552494962015,-0.7273344491844456,0.499636616245318,0.477719072137809,0.6943763856974499,0.48839712417996295,0.7846448664123066,-0.13780001914861084,-0.6146454181342155,-0.5038109074528166,-0.2460247518399522,0.30942288583762795,0.3026501720252561,0.24427607893021674,0.21269412938487692,0.3929499664571444,0.3826874607875916,0.21893026109031904,-0.07912446328480775,0.5161035356461617,0.5520337080267684,0.36332686347009246,0.52941650683166,0.499629946811683,0.5378716762810807,0.3307149017168998,0.3825334899693485,-0.24440569278101526,0.29342345545709625,0.5530739532606557,0.41228549641574214,0.4562137899455418,0.4331858999211453,0.2917108420732611,0.29797600960824955,0.36706430177578375,-0.5695135522742486,-0.5118391042251459,0.6784959984422436,0.7762745565476007,0.730219259130968,0.7742500290957888,0.850001877728138,0.41361430144356537,-0.3359557669665804,-0.17361943576215857,-0.15295080136112965,0.61725479797729,0.5084137245796254,0.8340466460079334,0.22092179821903365,-0.40067601982281487,-0.6702153143395448,0.6181872001124019,0.7421351616202496,-0.018014106683989766,-0.19396693794342196,-0.13520283530215432,-0.05558827023806106,-0.031944401031609324,0.35482927504168904,0.629600648753551,0.3919038840070615,0.10296282220147594,0.5691517612885503,0.13932725219923417,0.27814641645694393,0.5849739668091005,0.08372213029777444,0.15455769908798536,-0.4288960061207694,0.053536636381391896,0.5740471872131238,0.5885690766516337,0.6521260723862878,0.22639107108873696,0.3628530869192622
0.797409269486001,0.28638388670509024,0.06365515842634688,0.6357732303987776,0.058462367616310636,-0.22859886190466658,0.5039460510619592,0.4154409637734736,-0.15463867213075635,0.3725806821427566,-0.6264905042188471,-0.7979005506877747,-0.6457840918872619,-0.5001135676273754,-0.5317369432981445,0.0,0.5655497198624169,0.7220404176860183,0.5579003930163295,0.22944037081353003,0.47472317635917977,0.6706607533756609,0.4740453798234581,-0.42800841579009846,0.3564404798071064,-0.7942955016985833,0.05390911579363701,-0.5567154211554772,-0.04989606578021377,-0.5385417908363336,0.23846152257120215,0.6124938443344923,0.8528911413366886,0.8167983028022966,0.09904856297599156,0.10590828597564922,0.23403499572092895,0.16165409813093692,-0.22979622414076262,0.19202428435478022,0.15825454823557936,-0.23260573702286194,-0.5231080740263336,-0.4560480486132867,-0.030112327036653452,-0.12605874449353652,-0.1821273278898852,-0.0676011760128477,-0.0829813585243431,-0.1182632367292002,0.05439759815646841,-0.07349564383999496,-0.2056458029302275,-0.7249757980628161,-0.2906086607097851,-0.3946861917120238,-0.2789149681690763,-0.021770658892579595,-0.6276264248804063,0.45443477263389653,0.3519041846647065,-0.6463995797243721,-0.518807313554732,-0.23230271067992067,-0.16168890817041814,-0.5640713521240021,-0.1676739753186855,0.7265936723027502,0.7274008848125122,0.7135174371575058,-0.08001741955486176,0.23272128847580675,-0.21743665454578837,0.09895554284212191,0.6772553119535768,0.2750821217853608,-0.23854272875822866,-0.48313104259304884,0.2774986918190852,0.2066727483306461,0.7619805834829784,0.646939734039371,0.5701145154086267,0.19099509364065534,0.03847216569243486,0.11951413826846805,0.31155808934346024,-0.15120990955644792,0.33007010380646407,0.15061750791098397,-0.4699237679966205,-0.4006424991871735,0.04390079889947803,0.49709843657603786,0.15806397906597686,-0.41124007045942773,-0.15103755647924974,-0.16018342178510706,-0.07139238164257389,-0.07992700703375545
0.4021569042642195,0.611945719313765,0.450832606299278,0.13172435882709418,0.4828952229809907,0.13450688537760175,0.28981204445344855,0.6889123542346078,0.21871530303340717,0.09662669992010904,-0.43136209434539047,-0.46515890361371,-0.4427590386670499,-0.009111453623891048,-0.07027498226744062,0.5655497198624169,0.0,0.7947353502847984,0.8830244578301988,0.10987091568601584,0.8049957100328127,0.7414721430753817,0.7074529893367931,-0.0019820109664961294,-0.014785134858550843,-0.29659520111893833,-0.09196288718870735,-0.3707065723061448,0.14156602639178087,-0.3225076294164395,0.3445746757883915,0.29505557565575624,0.30917543155607863,0.6410087003928465,-0.17471095588584518,-0.0256962521691851,0.03151928821967893,-0.26180930279584486,-0.46285314886669215,-0.1788521803699729,-0.3163986935722759,-0.11411630830331673,-0.5071979531395714,-0.43258413126426487,-0.3150091291297088,-0.2956754558451994,-0.38449997736062047,-0.2381284869861099,-0.04583172853507183,-0.3882852543091145,0.22975713579047274,0.4356356790193392,0.06671314474078283,-0.47266046894980324,0.2606318070291557,-0.020031309232489036,0.329479093794806,0.3844428751543877,-0.5225905518180095,0.13212466090055577,0.16116248528199914,-0.4484612855839773,-0.12987566889862595,0.46088387744201875,0.5079271055261798,-0.05045202827961192,-0.3911143229428016,0.8046076970533569,0.807197558270548,0.8459813296931057,0.3964485230704436,0.4797457444162413,0.26059131557768134,-0.2331332624279209,0.6725631534737279,0.0983265210608109,0.2925818671047816,-0.25484889188916726,-0.0629018107095491,0.17538379509037275,0.5932966165220467,0.26860145251643236,0.2429210400130871,0.04600910170539864,0.20858902779756244,-0.08364796917164659,0.21617331284226912,-0.17776899176425995,0.05753215896806086,-0.19215761066926954,-0.38008792385407,-0.5189161511434769,-0.24275718039426453,0.07621914949614166,-0.24038885848728328,-0.39969626621207793,-0.2169135867866486,-0.1275142964648837,-0.02042889585113421,-0.2936601506721543
0.5489195620671619,0.5196238217530552,0.3222300385399067,0.4208715704162981,0.3742887365897268,-0.04126200575084059,0.35012594974349515,0.6713085317790956,0.05926654724143142,0.09921463646834662,-0.6294164265038581,-0.6794548808028016,-0.594103512218526,-0.2032162746759333,-0.2843350749438494,0.7220404176860183,0.7947353502847984,0.0,0.8625400559352038,0.06575654548453232,0.7261297560807607,0.8304122407850052,0.7294585562442681,-0.31954505966751606,0.0845342968769842,-0.5809308796294216,-0.12442890552696068,-0.5701787923296965,-0.10201804469184195,-0.4983163449607138,0.37135123336676423,0.4348007905045156,0.5368041407373011,0.8000919526939309,-0.041940601410986586,-0.10721069063599896,-0.045877772508333366,-0.26824756013366924,-0.5179224213807931,-0.14242789261721248,-0.20923976066258376,-0.40267976922169935,-0.538827331388299,-0.5698158518392341,-0.31810595755961624,-0.2847730500710484,-0.3670780618690358,-0.1745800259595564,-0.17593379953072075,-0.431645250474059,0.3046384596589634,0.2600449772843368,-0.10292466060279926,-0.541991166699067,0.061623296422328444,-0.22999019700782666,0.21189272877598453,0.22463279576685402,-0.7122274939096288,0.18603727267871611,0.13681013708766024,-0.6709767787969485,-0.379349200245332,0.21169606840795596,0.23110975717223312,-0.3050181415015566,-0.44605971693165347,0.8248989412443958,0.8750627851812021,0.9107409870254288,0.16610546285682706,0.3631291309226957,0.07293519496175876,-0.3005792720910116,0.6469130274815,0.12874182228186662,0.015988665877468014,-0.4841247629263082,-0.0048007480410855235,0.15165106443408655,0.6235735802717356,0.363817943869375,0.3094068333901832,0.02704068930736685,0.0969347337315282,-0.04827707487399804,0.057399522016111995,-0.3122639728497574,-0.010148885399955563,-0.2295472265664114,-0.5096582334460079,-0.60606318247115,-0.37998949791217557,0.07736414740872921,-0.24939300011686613,-0.5377936497455497,-0.28702762113882235,-0.20990896140102408,-0.1700289922869013,-0.39239519788035027
0.4102075280840517,0.5604958567783664,0.40968278590251156,0.14239542951685114,0.42283875487518696,0.09235095909766937,0.28794178496866046,0.6820976144136537,0.1914025702851459,0.05990204520512019,-0.4214248707136325,-0.43376668636911025,-0.40905888669107193,0.042411987993934155,-0.055093642559071,0.5579003930163295,0.8830244578301988,0.8625400559352038,0.0,0.07424580467971593,0.7647802844955387,0.6720724957892282,0.6566440843173839,-0.06005605651079012,0.022630662128749795,-0.2590952634251221,-0.19560322153769233,-0.3867653566260067,0.07545794747871656,-0.3267690615666264,0.3803244186677806,0.33944099027244956,0.2535885321537838,0.5816350799049841,-0.1997562818373422,-0.0926708997902585,-0.05876228555380428,-0.246207332621278,-0.4339550423384553,-0.15980367572225992,-0.35386704471783753,-0.14033565458641295,-0.4944510862959432,-0.4612613666064029,-0.4003625622640336,-0.34157834942721393,-0.39649897265585776,-0.2619451380455255,-0.08298747614107571,-0.4173538746525838,0.35124356367498666,0.4153680306210022,0.11409366146502842,-0.42863713521258406,0.1890444657277854,-0.026901310674646486,0.3609236761888796,0.3419460790764714,-0.4843114274851871,0.08357031791563474,0.14411576102455426,-0.4036972431475641,-0.11146550740097788,0.47076292092929417,0.5236530406461429,-0.04710646857578977,-0.3694667953042615,0.779693337778764,0.7699218682188677,0.7986587543204265,0.3712935526707388,0.40064552924813496,0.2262086780238528,-0.2218140589652512,0.6268097093865833,0.09492207121090357,0.23602941452195825,-0.31117633521851196,-0.10551007519014194,0.2699525331716606,0.48043114539363385,0.18583911434580644,0.10967079596959864,-0.025408789534504952,0.09421839434602326,-0.13834938659911675,0.10831705054254566,-0.2777545597112665,-0.0019042650158810643,-0.24317313765730633,-0.36466567731458094,-0.4305376691057765,-0.20120497881104743,-0.01378775497477283,-0.3434608148138774,-0.428731088553845,-0.2730570958876748,-0.1894136101001137,-0.03894079787999359,-0.32262606399127264
0.08517252917507881,0.45847475416255457,0.3553496763052247,-0.18011541950179333,0.3249184118853552,0.5167518447551598,0.6505362091222643,0.11675410671251943,0.5861324046018331,0.3410971081063377,0.392629082496762,0.25907422795083695,0.4762633681879106,0.35779726996027533,0.3607790844180309,0.22944037081353003,0.10987091568601584,0.06575654548453232,0.07424580467971593,0.0,0.297121584422063,0.08206120946932553,0.2502415547715583,0.38162453146440023,-0.44333006968900596,-0.03799541536708282,0.5785130719476477,0.3864591088245325,0.7586441147716171,0.3425670048044625,-0.12141406239822207,-0.2684435243632516,0.1783790640887683,0.17820903604116564,0.31242591312538676,0.8382023001103552,0.8092745190729038,0.4983350404241217,0.3811008771945804,0.6993160011032336,0.4986625182824236,-0.11216657270669672,-0.02423657914528336,0.31963595187799626,0.5051470076523399,0.48080045377999225,0.3842355751669011,0.5033627634660246,0.7195831726352246,0.6643620031073002,-0.30338436869285645,0.34912177402278516,0.5085967542617498,-0.2577300490333263,0.2685168251353984,0.4280036114468374,0.08257128822160037,0.4763367053685427,-0.16456606924899786,-0.04678629539449319,-0.040375805073698916,0.3041445160849075,0.48049928262260705,0.3383325467728221,0.41016164209812844,0.3523394942611574,0.5643636284261949,0.1291238237253862,0.08834130144277308,0.2468280127287024,0.6114913644201443,0.36881029786511116,0.5312315243289888,0.7112393712760868,0.024167073452556396,-0.495893649724708,0.47808424475992445,0.46666473617018156,0.13394902489200877,-0.07215131218694729,0.2856482711169811,0.4330484722434168,0.3750615184186936,0.45273624119930267,0.5277287258093252,0.4267188403321184,0.7160426725563195,0.5839384893904265,0.8408414077060652,0.615245217286562,0.2465715567580663,-0.028180537369974928,0.47669226492282546,-0.1184031454806545,0.22895411700482776,0.3660714936613289,0.5458962994676441,0.5256177802972809,0.6543040760873214,0.7004157191656998
0.16610212191436838,0.5909211009823412,0.3949422447146417,0.02501194997044151,0.5120926236450715,0.18023922010629184,0.2880547305120554,0.46096997154593766,0.26237852293195835,0.32413030498535733,-0.3354951685732756,-0.34562058219862074,-0.11023242415249933,0.2732127254259941,0.3240513332231311,0.47472317635917977,0.8049957100328127,0.7261297560807607,0.7647802844955387,0.297121584422063,0.0,0.6854309441003223,0.7786693194805101,0.2667025951195489,-0.28369341989246954,-0.30242876231799726,0.28973470851706323,-0.06869639993861498,0.2647514307709661,0.046404465845409394,0.030382099486413326,0.009098221401006586,0.2532332930355665,0.5540321081946308,0.13836611948799377,0.14011324767429256,0.19530792919596496,-0.00516451467077662,-0.17529646281012354,0.16946853273952286,0.011926344099067974,-0.29044168752836663,-0.190753954662004,-0.15910669812952374,0.027488697039889588,0.10230202745676971,0.014894984593474807,0.1747614257945558,0.05611034586715307,-0.09461253233484651,-0.13678050719865825,0.2892772596730204,0.07868516696465248,-0.39125342536088686,0.2565681825689687,-0.010586955519615394,0.0730418604946537,0.3008173720520489,-0.3842849453397636,-0.00014444078942981153,-0.026142841329380863,-0.14747158684501394,0.12698848996969844,0.5582753215314974,0.6178421086294957,0.2277389987762447,-0.12049131284192266,0.5035133594508386,0.6203950002017456,0.6205024583300518,0.493442815204672,0.6216250246947486,0.48064849663610404,-0.06533210569677289,0.42817942483932003,-0.19073340760722615,0.39409808967741844,0.08260701337419628,0.016443862841962382,-0.09898505092217327,0.5912350772725974,0.3821155143806038,0.37428675776152337,0.28910204169464143,0.5035589732857765,0.23104176464721618,0.23909164105834235,0.17875058190071386,0.17820648972053216,0.07822252091770099,-0.13065625404024683,-0.5282877024647289,-0.11198693970985062,0.012362926888806473,-0.0387543781184791,-0.09367831098032128,0.1479415792641785,0.25440258919199027,-0.000840495671577843,-0.044694694994896984
0.37805028289294007,0.4907005040994669,0.21403710899776068,0.39067692849588376,0.38026695465670296,-0.09739421650713112,0.24782548425964251,0.45946745783516696,-0.026563042897103657,0.27041470248313865,-0.662687909090089,-0.6998540721908934,-0.4973540099977764,-0.145935280116971,-0.08371490541889356,0.6706607533756609,0.7414721430753817,0.8304122407850052,0.6720724957892282,0.08206120946932553,0.6854309441003223,0.0,0.8252838898017729,-0.05882845926402391,-0.10342323144048314,-0.6137048521004935,0.2174726634168569,-0.3706778202363167,-0.05077439290585404,-0.24429032256057512,0.16258389275559734,0.25474169634749644,0.5563288895230325,0.8122718263783968,0.20944289057773793,-0.06143004257073689,0.06851754097386803,-0.12539619214922607,-0.36208787284534716,-0.00809671822012023,0.017793085218506054,-0.4510576566169712,-0.2740110250031255,-0.3379345520066507,-0.006393630387877799,0.010299697297189677,-0.09019066089292498,0.08685142745464773,-0.22512213335330014,-0.28599646313628274,-0.07271390142991513,0.07315655017571705,-0.20135377462804396,-0.48179329383126085,0.05437760574216906,-0.3418083079682002,-0.08847009442104496,0.08292901011320689,-0.5874816107365954,0.09633075915759687,-0.02314661868762356,-0.5498474327916931,-0.2982030210221727,0.21770762564006554,0.25982516116397103,-0.14827692767074094,-0.35141255723102766,0.614479191195377,0.8025262111983157,0.7626298234767883,0.1656750615800412,0.6043421672420822,0.21300837487831764,-0.2969683957034939,0.5316182648802582,-0.019159861844729575,0.07713450903469454,-0.22463697919976933,0.16707344126556153,-0.08894141073066673,0.7709126043088325,0.5331484038857143,0.5742843501530549,0.3002892373900303,0.4286292636207428,0.23884622392882368,0.11442586114290486,0.015065420748766148,0.018715083158983053,-0.024610859402575784,-0.33405446609198686,-0.7050631633753472,-0.3729686777532549,0.24710052717696115,0.07284925474276048,-0.2855898350215143,0.00397693099904078,0.1038712121361384,-0.297909906910811,-0.27848182326959087
0.1702486021131047,0.6458795704119902,0.48512603114089975,0.17102685375328827,0.6374729858327485,0.24004769520885663,0.31435415550432666,0.5821625278129597,0.31310736750727475,0.25273273359170817,-0.4532352692706697,-0.4672524683383425,-0.1995200476844409,0.18535868237320102,0.23355137035351792,0.4740453798234581,0.7074529893367931,0.7294585562442681,0.6566440843173839,0.2502415547715583,0.7786693194805101,0.8252838898017729,0.0,0.15491019409698334,-0.31515800206733147,-0.44282096938501797,0.33027817705467505,-0.1654466726092548,0.1077323748522005,-0.0038510759291614594,-0.13281392933885464,-0.06990017502537305,0.28372383521754746,0.5507096158720824,0.18108058336561822,0.11883858455746375,0.07587522161118863,-0.12967506418678593,-0.28832114726824376,0.15895687347105916,0.03786731237661761,-0.4316143419461965,-0.18515877496088,-0.25480141634800657,0.03092797977411676,0.13578917977661625,0.025453334853654325,0.26072369336254714,0.0572318069855084,-0.13559954674084007,-0.16096393568462827,0.3018206160829908,-0.09511153116024254,-0.39584151916986493,0.33582186598138636,-0.020087676148393338,0.09217290355707616,0.31306051195575646,-0.5511308254396439,0.04046722600291039,-0.05975853968699954,-0.27294523908318435,0.042978328183426735,0.4905363392690341,0.46025134153366326,0.17206718203679555,-0.22842737678246142,0.4091126195400067,0.5416276052506099,0.6109211002806202,0.41639052060585696,0.507623258411879,0.43365738001820925,-0.1948948925743446,0.3488343092155228,-0.1941328621998263,0.3376144465775308,0.03726323379415784,-0.09816818422138412,-0.3060443357563646,0.5380086454807977,0.3013787123474453,0.3478911687373336,0.19488710765108105,0.48677277229662363,0.20231370613659125,0.033786581916931756,0.13292869869559984,0.05770074822248494,-0.02550941357460927,-0.24159708415149742,-0.6926611161989092,-0.3542399581388832,-0.11283448262133602,-0.12337363261737404,-0.1886529917838345,0.11924103183587516,0.20751453337356612,-0.03787781898660045,-0.16520915029920621
-0.5834500269608976,0.21147666781880764,0.14484172074989773,-0.6673390430211785,0.2370699794152394,0.43918507574342147,-0.0008688850160789944,-0.28500766708009345,0.4034660965008198,0.22407569044984274,0.6328890506486403,0.6459794079979152,0.7019106064265576,0.6903600897412192,0.8287552494962015,-0.42800841579009846,-0.0019820109664961294,-0.31954505966751606,-0.06005605651079012,0.38162453146440023,0.2667025951195489,-0.05882845926402391,0.15491019409698334,0.0,-0.43893096850673696,0.39621437589778136,0.4970288152769555,0.603101568252213,0.5998867575296473,0.611802083004195,-0.09103061827317363,-0.4280377638531287,-0.27842874055343453,-0.1526135214790498,0.1992658158827597,0.40816820008281385,0.41606938588134207,0.3405425001425658,0.39979093107897123,0.3960947970998518,0.22089303896260862,0.26461127891679476,0.33063359121459024,0.5089155032769727,0.4066403454889262,0.4523983299952613,0.39216544064879816,0.39977147611324815,0.3835422293768716,0.3986942375602902,-0.4043523666682464,0.28872098339309565,0.5336757768214457,0.19702705505515916,0.3927344212082487,0.4067549403220878,0.11714301437549227,0.31555458300100503,0.37271779489906737,-0.258374141634776,-0.2200978356485038,0.5492288741632593,0.6203859041829407,0.5530684592052887,0.628234863350291,0.6787399708986255,0.4238642588221174,-0.17396867013509382,-0.09545845995389501,-0.1001940012536333,0.5696200985036115,0.5443043211382917,0.6848891792979914,0.39681032677198635,-0.12861597500424757,-0.4093597136799354,0.6038507539575004,0.6834547062224847,0.1493579130466179,-0.13270626992955672,0.11281978950285936,0.12570349691860047,0.18462058241448698,0.4328178761684466,0.6229289061477716,0.3809228600849213,0.39988869772422303,0.6159298715469699,0.35428136713292996,0.41945964055681123,0.48958427796311926,0.13266130929933245,0.38906228145100485,-0.011584069563733364,0.2748364621730829,0.5411710103331422,0.5564743014606454,0.5976705341413231,0.32101541966353886,0.44941144907938535
0.5986217137005239,-0.29182402444469485,-0.2361995441375235,0.41185219522829325,-0.40257946581453596,-0.4053837093412131,0.0010306197925230058,0.06326436481536127,-0.4507033229375881,0.15147550276982255,-0.2879628556438408,-0.4291747371764517,-0.6095320888380708,-0.6588028462067751,-0.7273344491844456,0.3564404798071064,-0.014785134858550843,0.0845342968769842,0.022630662128749795,-0.44333006968900596,-0.28369341989246954,-0.10342323144048314,-0.31515800206733147,-0.43893096850673696,0.0,-0.18372070944400784,-0.5193005429559863,-0.47708480849802104,-0.3969496624334719,-0.5581668260339127,0.1571906987477172,0.5854978645538623,0.23628930272149012,-0.0024592032233142023,-0.42334621012847284,-0.38959505936014516,-0.34013406279375924,-0.06106112569004086,-0.19583391767001107,-0.3053580084570657,-0.2944505706902211,0.4706502510702168,-0.35516568586419905,-0.41103658042313473,-0.411074419826836,-0.5119146199491267,-0.4499560947533991,-0.5796529099294041,-0.34130328702192164,-0.3809816891415968,0.20879275762487745,-0.2565054752396778,-0.34025396468811975,-0.20294310953970773,-0.4002384142436734,-0.32474794400409573,-0.25530759058773533,-0.3083391350688978,0.0540394208161195,0.5567991000172581,0.5570280566313697,-0.3542513085010211,-0.535179338912722,-0.5252428190645487,-0.5294779069523766,-0.5990128600467829,-0.2869220443475938,0.22150017900226351,0.035248311271692055,-0.06508623929221204,-0.5204286423117209,-0.43448095284326843,-0.6851730216367732,-0.09759563753075498,0.3956380777235366,0.7453319512269254,-0.46363554504169,-0.5275568522127293,0.03461779859476083,0.3084485622707981,0.049295402489129544,-0.0815663590472208,-0.127004368479202,-0.36286785419588247,-0.6144550069420395,-0.4134831217096838,-0.1329512935520157,-0.49229789095441806,-0.2029574026112414,-0.22425727622287786,-0.37509318054545665,0.2032915964056086,0.15768820976862,0.5209844403843674,-0.031213628883399992,-0.4261521520037266,-0.5216170149800223,-0.5829347211054123,-0.2038123911626688,-0.3156470242956313
-0.6499418258867798,-0.15640367313583922,-0.014010400075932622,-0.752810202244879,-0.08027959239281159,0.29521643534272196,-0.34090365556000923,-0.3358842656791954,0.24240039523218104,-0.38023611737477314,0.7617820687761224,0.8912928041913295,0.6327620666283503,0.5561160564982612,0.499636616245318,-0.7942955016985833,-0.29659520111893833,-0.5809308796294216,-0.2590952634251221,-0.03799541536708282,-0.30242876231799726,-0.6137048521004935,-0.44282096938501797,0.39621437589778136,-0.18372070944400784,0.0,-0.17668987712817336,0.4536941599638839,0.20318032357134813,0.35514798018307653,0.15104479980496172,-0.281718797582587,-0.6629173698337207,-0.5967685196662865,-0.21940197391834854,-0.018201065058965793,-0.05770932120178661,-0.039920703990963306,0.21961767714934416,-0.17568471478318543,-0.2139464171800552,0.4529827577424964,0.29203187882387693,0.3735539947915801,-0.06403254384801885,-0.022505994758254353,0.012325756595965564,-0.11332936169833896,0.13901385840972563,0.1034963390654832,0.21499949496556192,0.2029166386715596,0.4625000123978021,0.551585342939925,0.22744151497447118,0.41063493390704736,0.40560179667223895,0.12868850625957587,0.5803447933995886,-0.37907709681241775,-0.1916294155369434,0.5093530347638229,0.4302911120832564,0.2527533086684515,0.263649156462218,0.41478968115239534,0.21170486635846245,-0.33497492438064386,-0.4181521847740293,-0.415663819613812,0.16573258352866302,-0.08183558205591332,0.20237785435144437,0.09736902515085008,-0.3765726727427658,-0.15577646777603457,0.25088181689839206,0.34140179772929585,-0.1152697783810859,0.21398013241315847,-0.5413377895669846,-0.4583976904327072,-0.4541686882532084,-0.12200409830160378,-0.07238283436393228,-0.15187141975611498,-0.028210364850474904,0.06118947250175658,-0.09965476265778697,-0.06703838712130389,0.4184435155203726,0.5164703864940181,0.2056254657215085,-0.29577083695877493,-0.11147973934012356,0.32033515894366427,0.07173723749052369,0.04790190768597555,0.18734595876959118,0.14318385741518141
-0.1979336798826923,0.21924966348043798,0.06735691214140398,-0.08649931986468479,0.22008839063886165,0.2444340881930099,0.2722960188807663,-0.23834325537362744,0.23889905223452448,0.44220391707003337,0.1823747014187265,0.11287453458957837,0.43094024932749214,0.25986791542577553,0.477719072137809,0.05390911579363701,-0.09196288718870735,-0.12442890552696068,-0.19560322153769233,0.5785130719476477,0.28973470851706323,0.2174726634168569,0.33027817705467505,0.4970288152769555,-0.5193005429559863,-0.17668987712817336,0.0,0.4774534697145603,0.5303820562132314,0.5383532284844718,-0.4285932887633714,-0.47059464796771067,0.2256158210751105,0.18201880500362277,0.6227381485074354,0.6495768362885093,0.6956185429860446,0.5030652100464167,0.4304689168207273,0.7063879959272129,0.707243762482358,-0.2840225834292821,0.337283601602683,0.48504396258466165,0.8018616304031471,0.7818681447436535,0.6737607180421591,0.7890206484380639,0.4400814762108181,0.6635704158464806,-0.7612990730205625,-0.023157748329998434,0.12795861350449672,-0.1377607649595446,0.19578890200945756,0.1266465082678498,-0.3827009439951769,0.13911252843435834,-0.06724258630561163,-0.11076504344310203,-0.2513126570110166,0.2932490456383172,0.38790049111574004,0.19037005947299282,0.23267902168621132,0.4158125499597533,0.4947878738239214,-0.22145988778613188,-0.039794675568338156,-0.005804937612057169,0.38362070374580026,0.5531456990456963,0.5404247698338696,0.4617747832989652,-0.17085640088941362,-0.5640532666508185,0.3705930782464411,0.631944386635414,0.31474476812980023,-0.5050502521599856,0.4209776055188514,0.5500689281777406,0.6548792370289725,0.6809912014242842,0.8223173137028131,0.7119693993131516,0.5010673826417212,0.834473549346376,0.5972318237484339,0.6880287264284206,0.3505569586189225,-0.2642810819672174,0.22284839962566302,0.08792578280087493,0.561843027208759,0.5510110869027159,0.7776030355056175,0.7958771234042118,0.2630856279644621,0.6143100153273697
-0.6251952064961948,-0.06436537009546656,-0.09517826067693295,-0.5853465620017991,-0.017440602855888915,0.2891118993540144,-0.07359224086424906,-0.5181744625698896,0.2553414170104732,0.02542228974048009,0.7025197293844277,0.759165695377778,0.8100324355517741,0.5983800552904112,0.6943763856974499,-0.5567154211554772,-0.3707065723061448,-0.5701787923296965,-0.3867653566260067,0.3864591088245325,-0.06869639993861498,-0.3706778202363167,-0.1654466726092548,0.603101568252213,-0.47708480849802104,0.4536941599638839,0.4774534697145603,0.0,0.6801708603624944,0.8878824479365527,-0.13056489642915986,-0.6537691112832932,-0.4814152866503367,-0.4590716192654993,0.4011253607284457,0.5534236950034721,0.5796585854842942,0.5347685536172644,0.742548410320549,0.5564232082072723,0.4835226146216621,0.12704797301122858,0.6662742556252217,0.8790665945118119,0.6614951440450991,0.6991478820120233,0.687927609263775,0.6123917950081067,0.5076240803779627,0.7601549916374217,-0.40880104779910453,0.09507839181467395,0.7000170423300404,0.5228394255665553,0.26653831484139195,0.4890563871885623,0.06865317861791621,0.16683590836852466,0.6362900105365322,-0.5688466520526713,-0.4964684047656911,0.8837077752802986,0.8107951238069926,0.3859726458582054,0.4869959993764725,0.7875981533274827,0.7818879823848471,-0.5789035999882487,-0.46820044358753027,-0.47260356828453015,0.4774666468212646,0.38546853047437113,0.6791662499347582,0.6157454828487109,-0.6114735860777143,-0.7080345505152256,0.5035995382314128,0.8819426595509281,0.23793164199730385,-0.0960955981383071,-0.24562298537027658,0.05747444100906458,0.07718747049284752,0.5256015624993171,0.5982302287263197,0.5287399887460552,0.42146295133681144,0.7862329218590952,0.4573501745236098,0.6205260113939547,0.837645658561225,0.4603059770313123,0.5413141511903853,-0.21942412504116465,0.41481198155268356,0.8825963533961356,0.7838332189316984,0.772242467694737,0.41444859255097677,0.7692594550488877
-0.10892953174280312,0.43283882719819017,0.45320138986993547,-0.5411137361198067,0.33376214802108145,0.6784704803991487,0.4411600146552206,0.0574267782497161,0.686537823572388,0.31919633754550575,0.6594368957641213,0.5304461885019822,0.5854378082790795,0.4478824327649343,0.48839712417996295,-0.04989606578021377,0.14156602639178087,-0.10201804469184195,0.07545794747871656,0.7586441147716171,0.2647514307709661,-0.05077439290585404,0.1077323748522005,0.5998867575296473,-0.3969496624334719,0.20318032357134813,0.5303820562132314,0.6801708603624944,0.0,0.38744596940816284,-0.13345978375012796,-0.3669004101839429,-0.05287323207945622,-0.016281903675558426,0.04787123150599335,0.779328307764644,0.7638095757145438,0.3690510000048209,0.3174846534227958,0.4523817195255028,0.25770220325672316,0.26226182025314315,-0.05298385745942707,0.36042005270427024,0.3934906566792015,0.33497746102182896,0.23173841598761405,0.2782871791876741,0.7419630133018341,0.5770986466090248,-0.3765024891507804,0.4715354147452866,0.5322751641047772,-0.1909712713682621,0.4414325635358058,0.5802072492523528,0.1438184582646961,0.577129092995005,0.06100309576810915,0.03849167851660391,0.11422852069372916,0.4437618640550396,0.588847987549325,0.4680864643199758,0.5459190316417531,0.4851065847829432,0.4737825651030639,0.12660820593647845,0.00660516872690124,0.1359366587865784,0.6996649452471095,0.37439501462517377,0.5591866333995454,0.6290312660191156,0.11500949761912033,-0.3285933693725187,0.6608316565236187,0.5861275824858885,0.04233015965984527,-0.11513412521681653,0.2290071759679664,0.26411148401974205,0.25899149286837114,0.35904269397765237,0.5064572984970511,0.2603350724855231,0.8211202440221163,0.5822761204641165,0.7764700484463097,0.5091376940785933,0.27896724557153124,0.04609042188427687,0.5323117867498438,-0.028594762302876213,0.20840039150956252,0.39526335188040956,0.4672398143645555,0.4732224735373746,0.7127239649608799,0.6730385455123844
-0.6812359098062325,-0.05041200924617021,-0.10879404752959351,-0.5208612794521718,0.03639876320601502,0.2373002104451704,-0.11773284399136708,-0.49434426923416275,0.2164815603650605,0.032304421602665126,0.5702510228110746,0.6681070497137702,0.7955261866277156,0.669598388032535,0.7846448664123066,-0.5385417908363336,-0.3225076294164395,-0.4983163449607138,-0.3267690615666264,0.3425670048044625,0.046404465845409394,-0.24429032256057512,-0.0038510759291614594,0.611802083004195,-0.5581668260339127,0.35514798018307653,0.5383532284844718,0.8878824479365527,0.38744596940816284,0.0,-0.20719913806204016,-0.6717091958432327,-0.45548670309786765,-0.3680211773595775,0.5255319591468768,0.42079208166878196,0.4049199409238144,0.4752569009176498,0.6823320553167498,0.599388091605732,0.5093439198065207,-0.09396091686417017,0.7520781845906204,0.8015184046394839,0.6456630237188334,0.7609764510866128,0.7581554526879163,0.744171872114028,0.3707884925511185,0.6596199638421789,-0.411707952384157,0.04225865139577502,0.5803001271435894,0.5250479234715376,0.25628113125896496,0.3633208741454962,0.039980742731232324,0.0916686069924875,0.5356825396760021,-0.6440724128119565,-0.620336301539068,0.8171454463317588,0.7839893518295821,0.47012554560555203,0.539479565707507,0.8304085760142553,0.6913934816768578,-0.6117109645401138,-0.40352279788622103,-0.4254406476515842,0.4540050113931274,0.45335517212579896,0.7476034435607387,0.45106801741677055,-0.6514829366787559,-0.78687087932675,0.4683320341727976,0.8520877760243901,0.19437755204403828,-0.20223344540569452,-0.21047630424599326,0.05189541157534958,0.08899663544557031,0.5315017866119057,0.6745528894550731,0.5913499905324866,0.16737086367288817,0.7608687680037851,0.28037595933369275,0.5423753822368038,0.7978629803976132,0.29172034586815326,0.34797234342640726,-0.3231146586379083,0.3368878807980338,0.8217232413710733,0.7996730814108084,0.8175638635010315,0.23526858255470626,0.6152123275912268
0.13537246803341743,-0.03454146660036456,-0.467309266853156,0.1591105520229239,-0.2806891840327701,-0.5093692092728536,-0.01676965007034965,-0.13067289170184876,-0.43034454086655405,-0.22823659603610197,-0.18754520539543065,-0.1070014656314236,-0.23154637115742166,0.015481214066314933,-0.13780001914861084,0.23846152257120215,0.3445746757883915,0.37135123336676423,0.3803244186677806,-0.12141406239822207,0.030382099486413326,0.16258389275559734,-0.13281392933885464,-0.09103061827317363,0.1571906987477172,0.15104479980496172,-0.4285932887633714,-0.13056489642915986,-0.13345978375012796,-0.20719913806204016,0.0,0.45824051486883616,0.09348479463465559,0.2539236017964808,0.11886104824950916,-0.230825027261721,-0.02533706284246637,0.14496781940027295,0.12036731618100373,-0.02587699923459367,-0.03761743163181322,0.0056205252435114076,0.09261073091630427,0.0798968524556004,-0.09768172348062625,-0.08681647456170279,-0.04279511323367572,-0.126675936399717,-0.3051968567162838,-0.1210192685978863,0.5789672512462495,-0.09255891365677199,0.4586543834538882,0.26263295583272633,-0.2961815502457468,-0.23258960735121784,0.2486089066477293,-0.1856328570533037,0.18823503737033762,-0.35004981604066593,-0.2774771358004132,-0.09782689632500396,-0.1640325061940644,-0.04377344403860453,0.12765595044128866,-0.14326063386722876,0.09751783822703632,0.27519615644634665,0.39311048215819494,0.25395445882204853,-0.1130997173269594,0.31266782525890197,0.045115067013507884,0.05758893676153082,0.04361584988248918,-0.049663655291492,-0.21776540317809276,-0.2344369801308126,0.39651175308271835,0.7420369584127569,0.09041813596799722,0.18294494245369713,0.08487156033694827,0.21394011506117758,-0.024316324806189133,0.112830558717544,0.006447298435445776,-0.17345216244854075,-0.0732314472631276,0.037827887151323146,0.19256910211069123,0.33814810544189594,0.16207163753190487,0.18177741087954238,0.11489381872040635,0.04624074236390013,-0.0373201919062742,-0.053203828567389075,-0.2622096208775314,-0.06708856203514216
0.6306496803412232,-0.1630840266742177,-0.40761772699283527,0.5833283145019398,-0.39081557305731696,-0.6315699594668283,0.1252179463743242,0.04711839028136573,-0.5861001277324714,0.08137552630318894,-0.549465424538496,-0.6152714184915279,-0.6754824633650746,-0.5056610638802058,-0.6146454181342155,0.6124938443344923,0.29505557565575624,0.4348007905045156,0.33944099027244956,-0.2684435243632516,0.009098221401006586,0.25474169634749644,-0.06990017502537305,-0.4280377638531287,0.5854978645538623,-0.281718797582587,-0.47059464796771067,-0.6537691112832932,-0.3669004101839429,-0.6717091958432327,0.45824051486883616,0.0,0.4867885948438576,0.43500240071427254,-0.07194451812181556,-0.4338540558407275,-0.21696078856757578,0.13226356816656737,-0.0923420060789216,-0.10627148014260948,-0.11026336463085867,0.14195127278178535,-0.2557255613158484,-0.33400491222805584,-0.3146655626258885,-0.3751251429413614,-0.29533136601048127,-0.3935881019039013,-0.5227813351053114,-0.3643993929507674,0.5630850812084405,-0.3344192922196555,-0.010560465537866921,-0.1684180368580747,-0.6222987963987038,-0.5597705738751144,-0.17819217465037632,-0.4205850796085229,-0.06264735719845924,0.15286837838997744,0.17649848805630056,-0.49181235503688014,-0.6080989858738892,-0.41693945492786766,-0.2996915515411707,-0.635889015420672,-0.16302278931063155,0.4953766175011176,0.5025337761761113,0.30716706308359715,-0.46822384558177815,0.030022087854527223,-0.4718509716061661,-0.022194684111563952,0.4210593256630765,0.45330821794839793,-0.5730617451071303,-0.6491604501926107,0.4061899569196389,0.7428074643457603,0.2988369169533468,0.2676201292809762,0.14877806309311778,-0.0025462291325676545,-0.38196643795651064,-0.09473065907699664,-0.10448711521548502,-0.48716140060014135,-0.14855345583908464,-0.07163613765112409,-0.23368403792309347,0.1971414861319204,0.1745376185491438,0.5638753639920766,0.11420464674053439,-0.3495600152004756,-0.38371830671196955,-0.4313241753529034,-0.41529010526245985,-0.3022601869343837
0.7000479462273902,0.12012986200300826,-0.15328898466260862,0.6998589486474304,-0.0889129951899239,-0.3733332203899134,0.43138010641090313,0.13902209735801924,-0.32365783391443614,0.4604510737575761,-0.6193012418584288,-0.7896159607438481,-0.5631181587266855,-0.5569430168882668,-0.5038109074528166,0.8528911413366886,0.30917543155607863,0.5368041407373011,0.2535885321537838,0.1783790640887683,0.2532332930355665,0.5563288895230325,0.28372383521754746,-0.27842874055343453,0.23628930272149012,-0.6629173698337207,0.2256158210751105,-0.4814152866503367,-0.05287323207945622,-0.45548670309786765,0.09348479463465559,0.4867885948438576,0.0,0.7832634918877754,0.34154112230258027,0.11692299166632736,0.33214818960629316,0.3187841318135762,-0.03973290790886305,0.31922937674895513,0.4017845044969465,-0.34717476185913254,-0.2852753896718692,-0.2511440806924731,0.22997359348969706,0.10446670199292346,0.05849698514835422,0.13171015614848858,-0.1516571435906058,0.05020906851517754,-0.1601011894207613,-0.3477216445288155,-0.29545273511308606,-0.6100586982641418,-0.45593732637951206,-0.5484410103760998,-0.5587319048969308,-0.25371032318531295,-0.49406670716673884,0.3802832711874511,0.21213934893907035,-0.5684732491666751,-0.548191512954869,-0.4398514425480755,-0.33980237857883655,-0.576111416719768,-0.018122541844681116,0.49499997198292534,0.594600481936642,0.5097456685941134,-0.25009360388429863,0.2720543902061885,-0.25948049701748926,0.15144136597860572,0.4796180284556332,0.17312963179639662,-0.3768112692262787,-0.3781976990520663,0.46879605609071984,0.09273472013224421,0.7701660553413953,0.7791115526535155,0.7419461554433657,0.3817549677245691,0.158352258534351,0.33526969802736434,0.32884547360667143,0.037594212255081666,0.35490294619759805,0.3332062430475853,-0.3092235894527914,-0.34482691224887646,0.08937482403421622,0.6230520642499154,0.43193691963601477,-0.206145884368559,0.04930421353838157,0.033338997255565085,-0.18963329857279607,0.05519838012260512
0.5361927071572213,0.3537329674623441,-0.009484933916654175,0.5467735862537828,0.15545393640138983,-0.28738876706278627,0.36448066193485973,0.31500126409815277,-0.19562793461517,0.324311635682547,-0.6722111472219096,-0.7463375198710765,-0.5193163330610379,-0.2771729062365935,-0.2460247518399522,0.8167983028022966,0.6410087003928465,0.8000919526939309,0.5816350799049841,0.17820903604116564,0.5540321081946308,0.8122718263783968,0.5507096158720824,-0.1526135214790498,-0.0024592032233142023,-0.5967685196662865,0.18201880500362277,-0.4590716192654993,-0.016281903675558426,-0.3680211773595775,0.2539236017964808,0.43500240071427254,0.7832634918877754,0.0,0.3395260200361941,0.013352879570421337,0.22847789176996766,0.13017477858069768,-0.156607515592635,0.19812051369379644,0.2126060692839402,-0.5433391036277128,-0.24199725300424965,-0.25774787000798255,0.08975104439250561,0.08336231311235583,0.014368737003583147,0.14859879799218192,-0.21062136559149128,-0.11509939996530252,0.013784124651730222,-0.09944575391524307,-0.06602111158744864,-0.46774282537136314,-0.21122674271662015,-0.44257562907172787,-0.18027978723449475,-0.06418132472521905,-0.5200020950260656,0.08067298897423564,-0.048811376997675085,-0.5296658344712418,-0.3761208315826825,-0.008504585677654301,0.1159737988318066,-0.30197324894025634,-0.1196620545403768,0.6355315032696806,0.8339034574943132,0.7522510876198591,0.03543727728323066,0.568552210696022,0.10384165051479671,-0.051029248294701485,0.47885072322185973,-0.055611548644933485,-0.12778657650329084,-0.3188389700669098,0.3848064184001705,0.14956617142367498,0.7817256604842201,0.714625299486662,0.6600337140406576,0.4220865790193871,0.35148052370837224,0.35440033513725905,0.23719733694799125,0.018430486317656647,0.19380820180778474,0.17634862888615863,-0.2304563373226472,-0.473220213980131,-0.13182834827499484,0.34539133288482066,0.2097011921632898,-0.20968561987429377,0.06828379082799034,0.13055283682965693,-0.2658178484159857,-0.08918332710786296
-0.22030039551872174,-0.08638169812843627,-0.46949907392042556,0.22293750850984612,-0.1355617010694889,-0.32187408556846137,0.06420838215927459,-0.489117192939914,-0.28420485748536006,0.2002218401690615,-0.12477531461645487,-0.07782081419990974,0.24799101994155162,0.17780917350423128,0.30942288583762795,0.09904856297599156,-0.17471095588584518,-0.041940601410986586,-0.1997562818373422,0.31242591312538676,0.13836611948799377,0.20944289057773793,0.18108058336561822,0.1992658158827597,-0.42334621012847284,-0.21940197391834854,0.6227381485074354,0.4011253607284457,0.04787123150599335,0.5255319591468768,0.11886104824950916,-0.07194451812181556,0.34154112230258027,0.3395260200361941,0.0,0.17748241865513928,0.3510049154747622,0.5501541400356286,0.5199540821965869,0.6478934640155127,0.7621255785629079,-0.6602672238117052,0.5987304591646521,0.4888571038090074,0.6810346494244106,0.7531156893965099,0.7483138714103531,0.7926231918328036,-0.09396222052372696,0.4772410538932446,-0.2345648098004671,-0.44355954497741157,0.22292107412216994,0.24921504287498636,-0.30598647346493185,-0.33610712948182514,-0.33827344983959007,-0.3652961642371373,0.08623836993139967,-0.5126826219368121,-0.6782778786736887,0.14507599223203602,0.06935258784472524,-0.10060022803239538,0.021450101556455634,0.14224093644753538,0.5029394578814353,-0.27091464758910083,0.1269027658864595,-0.006485705447252985,-0.06584081170638004,0.5491319433772732,0.35120569687664865,0.2802316505639257,-0.4257756845785517,-0.6365928364285545,-0.177289185446569,0.268835416484023,0.6137255843207238,0.0010797004664060128,0.2504883147615862,0.5805314318167243,0.5705667515297934,0.7177231825330694,0.6077162981553641,0.8027765054283132,0.03285252661961159,0.5213215132908741,0.1966712780555174,0.5735592592403017,0.49163729567242703,0.020051078900863557,0.09304275651238385,0.06401147192971561,0.5670603560879356,0.511138340495677,0.6691351375793032,0.6732262382790862,-0.26618481615953576,0.36568860792314095
0.046380183362818676,0.4154523634172422,0.43985580213219544,-0.261078820507385,0.3405417178008521,0.636532629974849,0.5987745904215106,0.11003856918566758,0.6572795372631198,0.3662613993048664,0.5010298060356215,0.33297700177334494,0.4956146912610012,0.26010683552418284,0.3026501720252561,0.10590828597564922,-0.0256962521691851,-0.10721069063599896,-0.0926708997902585,0.8382023001103552,0.14011324767429256,-0.06143004257073689,0.11883858455746375,0.40816820008281385,-0.38959505936014516,-0.018201065058965793,0.6495768362885093,0.5534236950034721,0.779328307764644,0.42079208166878196,-0.230825027261721,-0.4338540558407275,0.11692299166632736,0.013352879570421337,0.17748241865513928,0.0,0.8350561855184268,0.4351417474051413,0.3404377060619569,0.6274148138193593,0.45928436045489024,0.05082763662620364,-0.0702891931960759,0.3235237202336356,0.5173405795987045,0.46012904376166974,0.33971425974124364,0.45139143267455833,0.8264459406735168,0.6969526093660162,-0.48038788482685607,0.38068895505803413,0.3644645369902957,-0.29700180310241414,0.37309179554521477,0.5401625369130262,0.013398317027244935,0.5389987146568583,-0.1360807702142506,0.12249400137223583,0.12878036215988622,0.3464414109504595,0.5080018497312396,0.28116432345392556,0.3020778001769218,0.3574359063162394,0.5280875788869319,0.031152473952697435,-0.09595462417373726,0.0987809156762184,0.5953070478122139,0.21099478362572718,0.44827185341484177,0.6990093266520283,0.02496943118877644,-0.3802431781860501,0.5376755371725305,0.5409300185960758,0.023553995984064,-0.29434225091873895,0.22368071419636046,0.333641924274295,0.329284742071504,0.3512448430882503,0.47446798462703677,0.3305603137072735,0.775874728328873,0.6284632720159502,0.8607806525271084,0.5915159020502361,0.19108859791408403,-0.053997550671921725,0.4685081602024625,-0.08847131266489168,0.24075875164256036,0.3673772371908546,0.5250718200654466,0.4917047931544991,0.770823511802553,0.7369022130646626
0.10959155935996587,0.2911293378498755,0.1421218490309884,-0.1591876401533677,0.1162317261840458,0.34279830502062514,0.5413335548645539,-0.13221187533936507,0.3690715942039082,0.45556503985530566,0.39919652225485897,0.22924966848890177,0.39397598659921934,0.14518776697164937,0.24427607893021674,0.23403499572092895,0.03151928821967893,-0.045877772508333366,-0.05876228555380428,0.8092745190729038,0.19530792919596496,0.06851754097386803,0.07587522161118863,0.41606938588134207,-0.34013406279375924,-0.05770932120178661,0.6956185429860446,0.5796585854842942,0.7638095757145438,0.4049199409238144,-0.02533706284246637,-0.21696078856757578,0.33214818960629316,0.22847789176996766,0.3510049154747622,0.8350561855184268,0.0,0.5528597994406516,0.4313582674865572,0.5963325395071016,0.5395729726107896,0.028913748444874807,0.02485699479159308,0.4173193466768982,0.5936358826765653,0.48964240317039864,0.3960220485141448,0.4250931244127318,0.6112625252562317,0.6873728619581931,-0.45330025860065765,0.1439377764941751,0.4057944123429362,-0.261386025910849,0.12565600816210154,0.2817872059434341,-0.17019611315245362,0.3020159071224424,-0.02331210693287912,0.025425516065584138,0.02654480280186244,0.2729432662290158,0.34933516233791784,0.12900311088402142,0.2517280115718292,0.2340214646075129,0.5668944150167959,0.1069600430148375,0.08698290269993937,0.14886974592940758,0.44367882045189816,0.41890380214657097,0.3886648415558268,0.7032830482155756,0.058014254489044015,-0.37365357016756334,0.364340085557965,0.46313106917258834,0.33333318111475024,-0.06311835800373868,0.38843703583010936,0.5565371245256459,0.5387309217165656,0.5680833512964109,0.5442493176324735,0.487991426237116,0.8573294934387886,0.6533032180185216,0.8577431810679875,0.6962993348998363,0.2909968748405436,0.03081807855863767,0.5487140451620797,0.1886574832339952,0.4982597939156759,0.45044519298298874,0.5687273416455164,0.5418133622534252,0.5486264065104721,0.7543587668135802
0.02725114577098162,-0.18549019171456732,-0.47063894984218135,0.044015003949716504,-0.35830454784940546,-0.21661849755838816,0.29829647031603507,-0.5877835575245369,-0.19453643746159205,0.44521530662125125,0.26250289725094794,0.16357112955322922,0.34801944473579444,0.13773286596715065,0.21269412938487692,0.16165409813093692,-0.26180930279584486,-0.26824756013366924,-0.246207332621278,0.4983350404241217,-0.00516451467077662,-0.12539619214922607,-0.12967506418678593,0.3405425001425658,-0.06106112569004086,-0.039920703990963306,0.5030652100464167,0.5347685536172644,0.3690510000048209,0.4752569009176498,0.14496781940027295,0.13226356816656737,0.3187841318135762,0.13017477858069768,0.5501541400356286,0.4351417474051413,0.5528597994406516,0.0,0.7231292092076979,0.7995164892688287,0.6842442388962122,0.0822248920825884,0.3420876841514277,0.5145031326486985,0.6205087403451696,0.5548894393871839,0.5886874299865228,0.506505216999421,0.2297529077560221,0.6444795946060655,-0.2562351393497851,-0.2588857090014292,0.5172351380595064,0.03689899277654137,-0.3307163585585109,-0.07154916731174499,-0.3793253974497537,-0.1721508619252106,0.3367824467582585,-0.15821331643596048,-0.19538396236874375,0.3607745364407716,0.23283496599014003,-0.0869112097051128,0.1021689724428265,0.13893352995350502,0.7393189452951732,-0.10246147347537968,0.015578076831986353,-0.10439169283528568,0.10151040134712537,0.4285810342925649,0.25028369357076147,0.8056488514294338,-0.11637085918931357,-0.3302140333576542,-0.009806442857525676,0.3592346078899884,0.6428794507301727,0.31240051252754786,0.29159397260835357,0.5814440862382332,0.4906169495689231,0.6615414564544561,0.4158469019842486,0.6292215667686843,0.5062813548052562,0.5447561383361443,0.6324726928150141,0.8068350125892669,0.5148759211914031,0.4275222646828642,0.7843233063245985,0.3945838743728772,0.6494909902178442,0.5485911747132122,0.5948844957899548,0.5361079255719334,0.1904622981064777,0.677287620519646
-0.31641075884230385,-0.2999418297913384,-0.4966192635906444,-0.1957081465985159,-0.3706384451163451,-0.1383895876824765,0.04874029878773047,-0.7181386173428905,-0.14616373551115835,0.21172091101176344,0.47273206990084937,0.46639344676750977,0.5872673301194725,0.3264896735027258,0.3929499664571444,-0.22979622414076262,-0.46285314886669215,-0.5179224213807931,-0.4339550423384553,0.3811008771945804,-0.17529646281012354,-0.36208787284534716,-0.28832114726824376,0.39979093107897123,-0.19583391767001107,0.21961767714934416,0.4304689168207273,0.742548410320549,0.3174846534227958,0.6823320553167498,0.12036731618100373,-0.0923420060789216,-0.03973290790886305,-0.156607515592635,0.5199540821965869,0.3404377060619569,0.4313582674865572,0.7231292092076979,0.0,0.7946126503060749,0.7177046393604702,0.0593001933570934,0.6199467349942417,0.7614459343317794,0.6945348022820007,0.6793063971175394,0.7443670471649321,0.608937301304672,0.2402935391970529,0.7564903795989572,-0.24543541992670373,-0.3084846084161618,0.6527613031677068,0.39192991451843734,-0.29453430942735415,0.04155595086695751,-0.26515786761162374,-0.2311325958239132,0.6188433043302592,-0.42762718054588067,-0.4361724787702848,0.6388087333431606,0.42826743442223636,-0.055885537804591524,0.13783283499651283,0.3403454260346044,0.8880049528575293,-0.4309934193855031,-0.2642112696986928,-0.39162595186623117,0.08732182547333088,0.3579267521887805,0.3493094052393552,0.8069792768932422,-0.4702599835821612,-0.5189092776215896,0.01091850893169525,0.5445435588803317,0.6160584721662714,0.2869751733076731,-0.0337332605797675,0.3836497145697802,0.29471678669363843,0.6478986328991049,0.4134091794661676,0.663303706341573,0.37590214209921335,0.6267702862372327,0.5207968540009513,0.8084493891217378,0.775032289205128,0.6532006631137127,0.7914516816045657,0.17415825868769622,0.6342167857204305,0.7698820793261018,0.7123959255137987,0.6509086263160493,0.18210518659937622,0.7582757237491939
-0.01358989166982695,0.08130636094480354,-0.15904841956575017,0.033811702937780526,-0.03214514996243409,0.061364443285304326,0.45173991966410376,-0.3255961130373954,0.11440971941503121,0.46453046100036927,0.2541286153072474,0.15725018368469598,0.46414984924516267,0.3247750322230863,0.3826874607875916,0.19202428435478022,-0.1788521803699729,-0.14242789261721248,-0.15980367572225992,0.6993160011032336,0.16946853273952286,-0.00809671822012023,0.15895687347105916,0.3960947970998518,-0.3053580084570657,-0.17568471478318543,0.7063879959272129,0.5564232082072723,0.4523817195255028,0.599388091605732,-0.02587699923459367,-0.10627148014260948,0.31922937674895513,0.19812051369379644,0.6478934640155127,0.6274148138193593,0.5963325395071016,0.7995164892688287,0.7946126503060749,0.0,0.6798904864144413,-0.15672109365172116,0.2764639074618955,0.4103056943127571,0.6093923882691966,0.6184957476546087,0.6023238961497177,0.6477089597714302,0.38547728833717076,0.6437132822206253,-0.3334887660974281,-0.05287130885334581,0.42993926130076227,-0.05779892642092673,-0.07300027445576597,0.08822143428016939,-0.22861509206927824,0.05389725256600203,0.08873860398214783,-0.1465943776248626,-0.21019633000374735,0.3433976701567116,0.35007202066809595,0.12271612831111962,0.21948255309424508,0.27142399340951834,0.6512256842547628,-0.11081550465941115,0.007935916658995623,0.011909015536552572,0.2943665673742711,0.39952556781834303,0.4205623829952779,0.705095508084132,-0.1439866521425397,-0.46689497344526226,0.16616732265629547,0.4309494481824496,0.39810261668064717,0.019126723230657575,0.2721638901498884,0.5050945583974722,0.4314931223902642,0.5704707124056864,0.5157004823382686,0.611385262814596,0.4161730876694274,0.5788577494451302,0.6332703162372837,0.7125016122448454,0.4004465316461552,0.15193926521848836,0.5498479679820251,0.08555375937723625,0.4317965155972416,0.46140926784522274,0.6240848142688286,0.5932153948661437,0.3026211581318164,0.6293867789382829
-0.05360649475983429,-0.10322255341052769,-0.36785771366819553,0.18693627899984608,-0.18493213971635727,-0.1663393148248343,0.2553358235898824,-0.4975791837617388,-0.1425147037552244,0.3797162171762729,0.08413515321439727,0.019150787629185106,0.339340262040725,0.07542142782251095,0.21893026109031904,0.15825454823557936,-0.3163986935722759,-0.20923976066258376,-0.35386704471783753,0.4986625182824236,0.011926344099067974,0.017793085218506054,0.03786731237661761,0.22089303896260862,-0.2944505706902211,-0.2139464171800552,0.707243762482358,0.4835226146216621,0.25770220325672316,0.5093439198065207,-0.03761743163181322,-0.11026336463085867,0.4017845044969465,0.2126060692839402,0.7621255785629079,0.45928436045489024,0.5395729726107896,0.6842442388962122,0.7177046393604702,0.6798904864144413,0.0,-0.4375218456265222,0.47408784639454254,0.5449209355956067,0.8343651844650611,0.8033539093074814,0.7901409825273781,0.8139781609197646,0.214460582594853,0.7391418739370909,-0.4896197367477827,-0.4069656369867547,0.22813596504229666,0.03342087317599665,-0.3115122871101442,-0.17566035369558367,-0.5288002162956044,-0.2538559849283917,0.09457008575819026,-0.24310362577171832,-0.39614399349997625,0.26866747680699815,0.16395662195351376,-0.21482059083855548,-0.09473694005677127,0.11975501622926431,0.70335937922794,-0.30337002941504565,-0.058240847558499606,-0.1288674500822114,0.004630254293603024,0.3946261373760622,0.26363019069778965,0.6308695357650259,-0.3516421540745953,-0.5585106888454365,-0.1020881481185724,0.3940807163933951,0.6017192492114997,-0.09644633041103039,0.28679661176056837,0.6611546785356707,0.6375127370640914,0.7384686032248944,0.5817917890811075,0.8079880948115976,0.37140294800791923,0.6807891644281668,0.5755792633521845,0.8127570731863399,0.47971910393499945,0.11733853093782477,0.42621716911788743,0.19997323776282214,0.693476989969192,0.5890431269681018,0.7526355740392726,0.718804839621846,0.07454203789443496,0.6727192603505151
0.08161136256872707,-0.08118863389505052,0.13344898365511598,-0.4127046669703294,-0.15252302169178544,0.27146644231334743,0.03472693248323625,-0.06512863434335404,0.16699351146098074,0.10111194343404871,0.5095483624265231,0.3737039518238457,0.0727155556301529,-0.06866855547867334,-0.07912446328480775,-0.23260573702286194,-0.11411630830331673,-0.40267976922169935,-0.14033565458641295,-0.11216657270669672,-0.29044168752836663,-0.4510576566169712,-0.4316143419461965,0.26461127891679476,0.4706502510702168,0.4529827577424964,-0.2840225834292821,0.12704797301122858,0.26226182025314315,-0.09396091686417017,0.0056205252435114076,0.14195127278178535,-0.34717476185913254,-0.5433391036277128,-0.6602672238117052,0.05082763662620364,0.028913748444874807,0.0822248920825884,0.0593001933570934,-0.15672109365172116,-0.4375218456265222,0.0,-0.10312382908465063,0.05613345118798553,-0.08339101015787925,-0.16718856540074756,-0.1810699959075375,-0.26891089722604167,0.16166960669393704,0.01698683203251341,0.0507500015716171,0.17518876325748325,0.16005020929196434,0.017523831185812973,0.11846085825509778,0.25619770335875586,0.053103841920159815,0.139073401304402,0.28196572508361245,0.25236707288893606,0.3669144086522291,0.17564800827798205,0.11810784868679543,0.028402621768519605,0.02496309430209319,0.04899512634793582,0.05744866712665359,0.014404901391027387,-0.20314765874718574,-0.19500234975241312,0.06386585327141273,-0.11186988541837993,-0.10632132736235161,0.2199904346103697,0.18785953001254327,0.32692272120347876,0.1797014756949636,0.11148145521266138,-0.01983840518445366,0.1786473635011706,-0.05765719091557365,-0.16923394622477175,-0.1120362078607564,-0.11458524697653082,-0.14671183036459792,-0.22029559528130174,0.2321991943633943,0.0025669540234913167,0.12762522910959342,0.0429741903954396,0.029483989206409985,0.297712998541952,0.3781444960357128,0.25541845867243784,0.08909580551080917,0.04868759595599668,-0.0779944373814441,-0.14558719605849363,0.2549266354880146,0.10600128719560163
-0.6678630008923411,-0.3781894678574269,-0.5566270130500608,-0.20039396825269382,-0.2865148843755435,-0.2620124942996698,-0.3724762020715877,-0.7545047494033723,-0.2968323127062952,-0.09094877291714201,0.27859750230084007,0.42550160967267725,0.54341435518834,0.4010531200956022,0.5161035356461617,-0.5231080740263336,-0.5071979531395714,-0.538827331388299,-0.4944510862959432,-0.02423657914528336,-0.190753954662004,-0.2740110250031255,-0.18515877496088,0.33063359121459024,-0.35516568586419905,0.29203187882387693,0.337283601602683,0.6662742556252217,-0.05298385745942707,0.7520781845906204,0.09261073091630427,-0.2557255613158484,-0.2852753896718692,-0.24199725300424965,0.5987304591646521,-0.0702891931960759,0.02485699479159308,0.3420876841514277,0.6199467349942417,0.2764639074618955,0.47408784639454254,-0.10312382908465063,0.0,0.6954528172896726,0.5108547165790828,0.6165952023954367,0.6886557341978753,0.5826303270118303,-0.23568716459360167,0.3533420567548727,-0.1096589859120236,-0.47219786079225884,0.28207057071625896,0.7735424775091655,-0.22876124435315906,-0.17296474952598997,-0.1867848004788385,-0.4780181707940286,0.6221017107903554,-0.7298548841807833,-0.7818177213712271,0.5092737851901303,0.2761952956627145,-0.06649114515177061,0.009051357440230605,0.3727000988645586,0.47310670381125886,-0.7249822025897578,-0.3835151396937028,-0.565751641379134,-0.19732432468195546,0.26322031100372684,0.28745616659393913,0.10468480593312456,-0.786272360555985,-0.5572074689107483,-0.16316956801478907,0.4390543930399926,0.42655009299984037,0.03639906424895407,-0.32921972114823855,0.014224414502258271,0.057742858551338254,0.4242747780777056,0.35222922280412494,0.5419934698944087,-0.3003083576828179,0.42145724550834684,-0.21136340187510583,0.31481314980324865,0.7203986371325928,0.4107575803484058,0.09586156943855281,-0.11111285148033602,0.4192954524186734,0.6700803558950152,0.5566565634353858,0.5606223904542529,-0.35674496160656105,0.24216952354346177
-0.5683895774395367,-0.2040437104511728,-0.3548004575870341,-0.3974651192573846,-0.20639476103367327,0.0289956943690351,-0.10750679631303658,-0.6902424448486583,0.0003468930315057539,0.046382169294661796,0.5488909171118018,0.6073188954334316,0.6813275033605509,0.4364261697173547,0.5520337080267684,-0.4560480486132867,-0.43258413126426487,-0.5698158518392341,-0.4612613666064029,0.31963595187799626,-0.15910669812952374,-0.3379345520066507,-0.25480141634800657,0.5089155032769727,-0.41103658042313473,0.3735539947915801,0.48504396258466165,0.8790665945118119,0.36042005270427024,0.8015184046394839,0.0798968524556004,-0.33400491222805584,-0.2511440806924731,-0.25774787000798255,0.4888571038090074,0.3235237202336356,0.4173193466768982,0.5145031326486985,0.7614459343317794,0.4103056943127571,0.5449209355956067,0.05613345118798553,0.6954528172896726,0.0,0.7209948305282893,0.7182755536576642,0.7284396963417245,0.6161008577509026,0.25734119538211275,0.7172567609881649,-0.25522187391626094,-0.17758605701197955,0.639738612283768,0.5703280024614747,-0.03131792867648943,0.18619576423915243,-0.10500457157834295,-0.1103839911895818,0.6470796367917164,-0.6034531526741336,-0.5783523073644858,0.6983982215273694,0.5386240956491691,0.10141049930472368,0.23487524964945244,0.5245721206483548,0.7731536101130346,-0.5388726163363793,-0.347988207996034,-0.4456769862768128,0.18090965193039818,0.4336372747748857,0.487228905931304,0.5860582392787927,-0.60792424832435,-0.6425566846560158,0.19454254226464623,0.6958742091545448,0.5130331584731567,0.0974806604753299,-0.13579056988676821,0.22734702304790058,0.2627106676947477,0.6492267151127357,0.564011957208597,0.6368095669687971,0.3517072616835816,0.7128407935303834,0.37886442723908736,0.667994704034098,0.8420910417577486,0.5180733637607855,0.5218397245745474,0.020700143022625205,0.6206073354182873,0.8602825618123681,0.7719525841377844,0.7382396812083842,0.15979543185142134,0.6979430621752595
-0.22365113347570775,-0.03221010248881345,-0.24601456391099744,-0.03756763846050167,-0.07864716138920082,0.023172071732097236,0.18546276634421144,-0.5137587153715576,0.005403327525633658,0.35670977016636496,0.24490348082212146,0.18836237372859296,0.449195870734403,0.16758726103218854,0.36332686347009246,-0.030112327036653452,-0.3150091291297088,-0.31810595755961624,-0.4003625622640336,0.5051470076523399,0.027488697039889588,-0.006393630387877799,0.03092797977411676,0.4066403454889262,-0.411074419826836,-0.06403254384801885,0.8018616304031471,0.6614951440450991,0.3934906566792015,0.6456630237188334,-0.09768172348062625,-0.3146655626258885,0.22997359348969706,0.08975104439250561,0.6810346494244106,0.5173405795987045,0.5936358826765653,0.6205087403451696,0.6945348022820007,0.6093923882691966,0.8343651844650611,-0.08339101015787925,0.5108547165790828,0.7209948305282893,0.0,0.8428591790953858,0.7808278588860723,0.7970780552241366,0.3442948293523186,0.7731080612534565,-0.5972615591739612,-0.251942050519976,0.27558015952369447,0.09860271638505522,-0.06701410131307763,0.020240300029159376,-0.44521853904288816,-0.097305917666006,0.18425126336390943,-0.26423131280156625,-0.37097878437272985,0.37751989726267987,0.3149871539888638,-0.05400896858521953,0.04098934493515658,0.30297419163330874,0.6816461779910589,-0.36143498200626206,-0.1491161018563662,-0.1947885843314122,0.1531590672446514,0.48842300396136534,0.4024372931597759,0.6017499425918795,-0.3568266585560851,-0.5738472524775422,0.1327502800555355,0.5931175843994522,0.5484546911474609,-0.23611755472259338,0.27492959722792104,0.571723479610566,0.6408978739471441,0.7607607105025613,0.7122242264737815,0.7891455023201266,0.4858594424099649,0.8238752845587836,0.5907685507448911,0.7994900403707296,0.5417088663399574,0.07630661441870369,0.4076043553915697,0.20698531490813143,0.7581885614534078,0.7009167558137328,0.828437043285846,0.7963010308701801,0.1847940366790567,0.71872885513294
-0.37548564203813545,-0.004475266603305778,-0.22040674970502827,-0.09604077762560642,0.006736217468699262,0.03695587226641177,0.10057438125261514,-0.4836995558485109,0.042358508741174195,0.2596962679138476,0.24141397180106927,0.2526684859200633,0.5503605884961347,0.35799154701214586,0.52941650683166,-0.12605874449353652,-0.2956754558451994,-0.2847730500710484,-0.34157834942721393,0.48080045377999225,0.10230202745676971,0.010299697297189677,0.13578917977661625,0.4523983299952613,-0.5119146199491267,-0.022505994758254353,0.7818681447436535,0.6991478820120233,0.33497746102182896,0.7609764510866128,-0.08681647456170279,-0.3751251429413614,0.10446670199292346,0.08336231311235583,0.7531156893965099,0.46012904376166974,0.48964240317039864,0.5548894393871839,0.6793063971175394,0.6184957476546087,0.8033539093074814,-0.16718856540074756,0.6165952023954367,0.7182755536576642,0.8428591790953858,0.0,0.8924481190978862,0.93699052347083,0.2815292325207655,0.7627646690785642,-0.5998709155110057,-0.2541748105290631,0.3051203134553393,0.22207045477667195,-0.032942384653236526,0.0019684081182380947,-0.3623948081649735,-0.11951627439677037,0.18899691525709447,-0.4830165055128492,-0.6201583530632305,0.4543645936218587,0.42400214525631663,0.07775796052458195,0.16486343343700413,0.4537430265607875,0.6964538128950073,-0.49036033331902895,-0.17699223908467207,-0.21721967562373157,0.21274267578735356,0.5418067506781488,0.5580424044742376,0.5103475280755018,-0.5339186200532012,-0.7813599892462634,0.16066778210534358,0.6593780751225318,0.4777240674341292,-0.3057863696008135,0.1714818849601812,0.5039340932433164,0.5552739898081402,0.7695135508886095,0.7928907808506532,0.8540597504421442,0.287946942233006,0.8329613684370386,0.468460323045985,0.7595961688999623,0.6324725667002054,0.03275076486179668,0.27007475212586657,-0.03715895799073047,0.6215338185521659,0.7440513310601131,0.8855630174063996,0.8920285686502918,0.08886599694176421,0.6638258554868176
-0.4004214714647202,-0.15269740068481005,-0.3747259315227294,-0.07935542523636106,-0.14217348046030123,-0.09824963747284625,0.017613187190730017,-0.6023206686124452,-0.09663183477438267,0.22115428037043086,0.24567612442385495,0.28059278081200384,0.5571394370262148,0.3575440091610028,0.499629946811683,-0.1821273278898852,-0.38449997736062047,-0.3670780618690358,-0.39649897265585776,0.3842355751669011,0.014894984593474807,-0.09019066089292498,0.025453334853654325,0.39216544064879816,-0.4499560947533991,0.012325756595965564,0.6737607180421591,0.687927609263775,0.23173841598761405,0.7581554526879163,-0.04279511323367572,-0.29533136601048127,0.05849698514835422,0.014368737003583147,0.7483138714103531,0.33971425974124364,0.3960220485141448,0.5886874299865228,0.7443670471649321,0.6023238961497177,0.7901409825273781,-0.1810699959075375,0.6886557341978753,0.7284396963417245,0.7808278588860723,0.8924481190978862,0.0,0.913769986816005,0.16079519066726364,0.7354938571573417,-0.49071927941579174,-0.38395314815345605,0.3449549548924672,0.3524900660263817,-0.18336664226085084,-0.08605567906575072,-0.38597245598989577,-0.27049805312123854,0.3354197167712027,-0.5374145748603684,-0.669667710081973,0.5156118080397075,0.3950079011655023,0.0027732122231529715,0.11605390194045279,0.41639870599501044,0.7470317511914243,-0.5589325518639899,-0.2218169270180731,-0.3200791757929677,0.08828826465021693,0.4705391847925704,0.4857968159353195,0.5191460012541068,-0.6137613066384646,-0.7552062289996235,0.024888687308356885,0.6028015299727898,0.5307476329276656,-0.15927533401897176,0.06447556232183613,0.46054176491328414,0.45780454538051535,0.7399626084893846,0.6787595473367282,0.8469288983391776,0.1639276222525493,0.7571511989384017,0.3690661925851189,0.7465965257170835,0.7031547998978682,0.20255938591589487,0.3489318249948759,-0.0272872419840773,0.6217362844443094,0.762794186703137,0.8583721526673789,0.8530100433546792,-0.014730497280532722,0.6384497396312198
-0.35082245820257524,0.08307179443333831,-0.14115465081729076,-0.01896188656469705,0.11866400127759064,0.07373801540966657,0.15619628675123925,-0.35224093701743575,0.09923225290889758,0.23411310524095594,0.14620139128073614,0.16972594614897207,0.5172470835443823,0.4073038349383456,0.5378716762810807,-0.0676011760128477,-0.2381284869861099,-0.1745800259595564,-0.2619451380455255,0.5033627634660246,0.1747614257945558,0.08685142745464773,0.26072369336254714,0.39977147611324815,-0.5796529099294041,-0.11332936169833896,0.7890206484380639,0.6123917950081067,0.2782871791876741,0.744171872114028,-0.126675936399717,-0.3935881019039013,0.13171015614848858,0.14859879799218192,0.7926231918328036,0.45139143267455833,0.4250931244127318,0.506505216999421,0.608937301304672,0.6477089597714302,0.8139781609197646,-0.26891089722604167,0.5826303270118303,0.6161008577509026,0.7970780552241366,0.93699052347083,0.913769986816005,0.0,0.2520914996188553,0.6292484562660104,-0.4642879272302407,-0.17360132076641302,0.23044071285865234,0.17662484472242324,0.02273061352495798,0.00270002819477305,-0.2438314370764812,-0.06035687539865478,0.024759706991611403,-0.43476486125939745,-0.5950411068158964,0.3436140322887493,0.3763156943524228,0.14730272375316864,0.18473770947469365,0.40972832558691036,0.5529469560364088,-0.4013343702187277,-0.1046924401600876,-0.09956687436712337,0.22278230905488494,0.45850113860294045,0.546279075620215,0.3791958001910918,-0.4770484748606157,-0.7451213714196171,0.1461623880237391,0.5403465241526718,0.3283666450096516,-0.32021260269648943,0.14213953247041317,0.4194063915389391,0.44964035036427485,0.6226895602150528,0.704339858808016,0.7455054831664111,0.12298070968771799,0.6866391071922585,0.35370508575637655,0.5983533459974649,0.4849206183296043,-0.09210960125267982,0.11059067501851864,-0.17915124043009747,0.4236489260627835,0.5693133391217323,0.7589379991710431,0.7712626425363952,0.061214468756178794,0.5045486201450211
-0.0438117094696897,0.4411212037103005,0.6270236528495277,-0.42566524433856284,0.43761326226466696,0.8098094870040744,0.5008267653048956,0.26052382678049263,0.8244321579982077,0.1943509484200156,0.6240200045133496,0.4888425511912198,0.5451725440119704,0.3424805153533468,0.3307149017168998,-0.0829813585243431,-0.04583172853507183,-0.17593379953072075,-0.08298747614107571,0.7195831726352246,0.05611034586715307,-0.22512213335330014,0.0572318069855084,0.3835422293768716,-0.34130328702192164,0.13901385840972563,0.4400814762108181,0.5076240803779627,0.7419630133018341,0.3707884925511185,-0.3051968567162838,-0.5227813351053114,-0.1516571435906058,-0.21062136559149128,-0.09396222052372696,0.8264459406735168,0.6112625252562317,0.2297529077560221,0.2402935391970529,0.38547728833717076,0.214460582594853,0.16166960669393704,-0.23568716459360167,0.25734119538211275,0.3442948293523186,0.2815292325207655,0.16079519066726364,0.2520914996188553,0.0,0.5756510382268183,-0.3919543752174578,0.5812500508770753,0.3393264621947294,-0.2518933784430602,0.5655811980784964,0.7438359154391977,0.22833467834768856,0.709448157212231,-0.1266463658128433,0.19576769534422958,0.2606042187047318,0.41249490049279036,0.6045563736278018,0.40102398286941826,0.3433239779741293,0.4373811100006701,0.39419223429606715,-0.00602759426987542,-0.2519816256034718,0.019950252217021295,0.6777641750408252,-0.019861417615898797,0.4101652071733101,0.5899845584861414,0.023835262731168406,-0.27537050329527785,0.6616655276660649,0.5463361845006309,-0.2706808020415322,-0.36197836406196154,0.0024055756073816255,0.028838568475425087,0.03416405625244766,0.06920710521306485,0.29773711286132215,0.05910602358901407,0.6743519350664579,0.48673029850996496,0.7513832101851193,0.3743730251796739,0.09863565273258412,-0.04166992943290519,0.37250067486701255,-0.29737649936860355,-0.036675272407009005,0.24730982751348543,0.34841163245936463,0.32242018609680223,0.8861345012249622,0.6254306028216154
-0.19660797052619097,-0.005771142681907748,-0.08108073422267831,-0.21839063053297675,-0.05751066100975804,0.2437789271337351,0.306625879804477,-0.41441597960146137,0.24735523932494802,0.27715900820440814,0.5308233361565685,0.45280206409656465,0.6398268230424098,0.2921635510683547,0.3825334899693485,-0.1182632367292002,-0.3882852543091145,-0.431645250474059,-0.4173538746525838,0.6643620031073002,-0.09461253233484651,-0.28599646313628274,-0.13559954674084007,0.3986942375602902,-0.3809816891415968,0.1034963390654832,0.6635704158464806,0.7601549916374217,0.5770986466090248,0.6596199638421789,-0.1210192685978863,-0.3643993929507674,0.05020906851517754,-0.11509939996530252,0.4772410538932446,0.6969526093660162,0.6873728619581931,0.6444795946060655,0.7564903795989572,0.6437132822206253,0.7391418739370909,0.01698683203251341,0.3533420567548727,0.7172567609881649,0.7731080612534565,0.7627646690785642,0.7354938571573417,0.6292484562660104,0.5756510382268183,0.0,-0.4953191244467785,-0.031207203422097887,0.4697463867803363,0.06600801830861945,0.03294643263364144,0.32173045593763233,-0.22980651927774376,0.13702622481006352,0.22175665905283745,-0.1991367515552572,-0.2160079183522854,0.5690232139204601,0.5240201895261378,0.04204641284648405,0.1269400460057716,0.3836355937720323,0.8181049291930924,-0.3430692794496242,-0.3139077547563182,-0.2564558742722599,0.3333600559547426,0.23759713749309608,0.4003132842408921,0.8296714940739933,-0.3749958879127845,-0.5818304225160709,0.2720951186268932,0.6482867458012936,0.33743074599453426,-0.14016405581882133,0.04076974662083441,0.3977199095410502,0.3721198940116611,0.5701842589720902,0.5167774142810361,0.5993140361502693,0.6450919026223674,0.7725158950544324,0.7952115997539436,0.8082033135106969,0.5524790575890756,0.28368632380500197,0.6325597900881317,-0.014276307502645424,0.5393654928664068,0.6908321195115114,0.7521761295915421,0.6957435312949027,0.5426366669594795,0.8915078746588273
0.14073343006942124,-0.025285269614535012,-0.13718871327119112,0.13898165233007634,-0.13108674336326584,-0.27984781620993676,-0.06335612471534514,0.22947691730012545,-0.18884731824260795,-0.5821042410607224,-0.2132672327170923,-0.07954821696575808,-0.28088754730036847,0.033145866453311135,-0.24440569278101526,0.05439759815646841,0.22975713579047274,0.3046384596589634,0.35124356367498666,-0.30338436869285645,-0.13678050719865825,-0.07271390142991513,-0.16096393568462827,-0.4043523666682464,0.20879275762487745,0.21499949496556192,-0.7612990730205625,-0.40880104779910453,-0.3765024891507804,-0.411707952384157,0.5789672512462495,0.5630850812084405,-0.1601011894207613,0.013784124651730222,-0.2345648098004671,-0.48038788482685607,-0.45330025860065765,-0.2562351393497851,-0.24543541992670373,-0.3334887660974281,-0.4896197367477827,0.0507500015716171,-0.1096589859120236,-0.25522187391626094,-0.5972615591739612,-0.5998709155110057,-0.49071927941579174,-0.4642879272302407,-0.3919543752174578,-0.4953191244467785,0.0,0.03454475812106749,0.20713493439798203,0.2522518677462301,-0.18730538019967788,-0.11404659900764816,0.42371371709709815,-0.1117523314729321,-0.004793976013722226,-0.2585717984286878,-0.13592916519535328,-0.18544192658741893,-0.19528377662078303,-0.032050822009585284,-0.039444781074633894,-0.2093610733515468,-0.1928285272586841,0.1850916417781403,0.1502716934668572,0.11564738707787893,-0.19917601478869457,-0.1653429795727377,-0.19923092045631507,-0.21292970195102875,-0.03521489791202006,0.10935614924636645,-0.27734940785896484,-0.41477635831870774,-0.04203552699465964,0.6317718493978732,-0.31121928784977904,-0.3066660942508397,-0.39224623904645045,-0.2953960205495737,-0.4356444195755538,-0.30881955254878407,-0.4125429390063237,-0.5248819104514193,-0.39704688664473864,-0.392307448193579,-0.07635263800301695,0.24487428809501177,-0.15186444529134718,-0.2055104252188378,-0.3392450844094614,-0.24754614206172149,-0.4028498793455241,-0.42940376081838544,-0.2379297759419449,-0.3666441412608023
-0.0359702049023747,0.6696316178622291,0.8524327523983786,-0.45603457784555157,0.7000851094982963,0.824954608954516,0.32478158125201034,0.6989708318441256,0.8592851512146784,-0.1120523204095087,0.34401071590655236,0.31492730131083607,0.2122218607191819,0.4102317652542268,0.29342345545709625,-0.07349564383999496,0.4356356790193392,0.2600449772843368,0.4153680306210022,0.34912177402278516,0.2892772596730204,0.07315655017571705,0.3018206160829908,0.28872098339309565,-0.2565054752396778,0.2029166386715596,-0.023157748329998434,0.09507839181467395,0.4715354147452866,0.04225865139577502,-0.09255891365677199,-0.3344192922196555,-0.3477216445288155,-0.09944575391524307,-0.44355954497741157,0.38068895505803413,0.1439377764941751,-0.2588857090014292,-0.3084846084161618,-0.05287130885334581,-0.4069656369867547,0.17518876325748325,-0.47219786079225884,-0.17758605701197955,-0.251942050519976,-0.2541748105290631,-0.38395314815345605,-0.17360132076641302,0.5812500508770753,-0.031207203422097887,0.03454475812106749,0.0,0.33719637946468073,-0.19139795985780608,0.7835254873999079,0.7390853873003347,0.719453803705357,0.8572479244140608,-0.2671280156793183,0.12069027276368749,0.24617095833434588,0.13730408254807183,0.475063583828314,0.719904125983298,0.6267905220880425,0.43228246029128076,-0.09532949719875834,0.31440987688834104,0.07594381122115214,0.355306329284166,0.7530510622117301,0.06588574839665014,0.4764101139209564,0.08359724074035912,0.27162975362299613,-0.07713383398157612,0.7475051400566912,0.2582583437489352,-0.5202228770305947,-0.1637885145927211,-0.015918621646304195,-0.2702826748302117,-0.2442251772086403,-0.22905715228011553,0.13823388531963382,-0.29300168575753194,0.3055297510950644,0.04761316984920416,0.2690833763311158,-0.1647150068277858,-0.15611260487312284,-0.22647302930526048,-0.046940962005863604,-0.4651822353752297,-0.48612166096586884,-0.12725636302203605,-0.0593583225774531,-0.03378069535778795,0.6513675067724759,0.06207530148888855
-0.3223547451014783,0.18416294277509804,-0.059882440831850216,-0.4821937259098986,0.040502577407509704,0.21369415088223478,0.211788462761935,-0.21463969785909529,0.27561005550291334,-0.07619667475493194,0.583851972519933,0.6353528879701869,0.5887471420895656,0.6650230163564378,0.5530739532606557,-0.2056458029302275,0.06671314474078283,-0.10292466060279926,0.11409366146502842,0.5085967542617498,0.07868516696465248,-0.20135377462804396,-0.09511153116024254,0.5336757768214457,-0.34025396468811975,0.4625000123978021,0.12795861350449672,0.7000170423300404,0.5322751641047772,0.5803001271435894,0.4586543834538882,-0.010560465537866921,-0.29545273511308606,-0.06602111158744864,0.22292107412216994,0.3644645369902957,0.4057944123429362,0.5172351380595064,0.6527613031677068,0.42993926130076227,0.22813596504229666,0.16005020929196434,0.28207057071625896,0.639738612283768,0.27558015952369447,0.3051203134553393,0.3449549548924672,0.23044071285865234,0.3393264621947294,0.4697463867803363,0.20713493439798203,0.33719637946468073,0.0,0.29126616429504293,0.0995067615243527,0.31020211834054245,0.39829965166543163,0.22374417514429568,0.33508954595252755,-0.46412973515807543,-0.34063822297445173,0.4128731765957411,0.45327777209116515,0.3756101882118702,0.5292200442600264,0.39370541454482383,0.5259447497606173,0.03538533694272089,0.08670584389152834,0.08856345228786333,0.4165359786176984,0.43660678855963425,0.5262532739981453,0.5287486637179373,-0.1571386706497963,-0.43385274978692334,0.3046472052122896,0.3457137530847828,0.28758549485480084,0.49276548263798653,-0.020327356626322235,0.14320313228063117,0.05102729428129177,0.3718464562639415,0.3149033282977785,0.29584101124222617,0.34621615113914683,0.29564297040660625,0.3768972139575888,0.3901230166088573,0.5067655909533955,0.4505795772352151,0.5065373156428031,-0.1085125299535166,0.14377066434750813,0.4269980071064334,0.3716673763540265,0.34998893582209545,0.30381361776569515,0.4301244119272161
-0.7231103990987042,-0.38256393238820074,-0.45589225350050966,-0.35508954572677326,-0.27574218608420564,-0.1840284312600561,-0.5218572816955589,-0.5816776340116019,-0.21824181381583868,-0.4465036393814943,0.38753278797098434,0.6026538793439669,0.4943641489626681,0.4290563740289761,0.41228549641574214,-0.7249757980628161,-0.47266046894980324,-0.541991166699067,-0.42863713521258406,-0.2577300490333263,-0.39125342536088686,-0.48179329383126085,-0.39584151916986493,0.19702705505515916,-0.20294310953970773,0.551585342939925,-0.1377607649595446,0.5228394255665553,-0.1909712713682621,0.5250479234715376,0.26263295583272633,-0.1684180368580747,-0.6100586982641418,-0.46774282537136314,0.24921504287498636,-0.29700180310241414,-0.261386025910849,0.03689899277654137,0.39192991451843734,-0.05779892642092673,0.03342087317599665,0.017523831185812973,0.7735424775091655,0.5703280024614747,0.09860271638505522,0.22207045477667195,0.3524900660263817,0.17662484472242324,-0.2518933784430602,0.06600801830861945,0.2522518677462301,-0.19139795985780608,0.29126616429504293,0.0,-0.11236012646397851,-0.017286165558797337,0.2588301902121395,-0.3238638592699706,0.6285790357722914,-0.6781486285970376,-0.6157270181976354,0.39736120759867155,0.18281776072983694,-0.03425503423115317,-0.01255106360972934,0.2559642178564298,0.20806847388647798,-0.5925135322685802,-0.4031601456277719,-0.5135633316359195,-0.2354366379160607,-0.0476698080477585,0.10704418865004692,-0.12443993234462804,-0.7125824807580633,-0.30572361826992844,-0.18300593901470372,0.1653557173144488,0.12905173555745078,0.2491864416803622,-0.6190961608017431,-0.3829738917172878,-0.3772869171568849,0.00892525402593223,-0.06983102312449743,0.08089587835889163,-0.49760396832370474,-0.015606211730542791,-0.47098045056878485,-0.0986621449642592,0.5356576143729387,0.5381065443140466,-0.06496425916187619,-0.30861708796320153,0.01407659651903516,0.3768533975723641,0.1339058204183238,0.12218684711717052,-0.31338071711947074,-0.05107672688993306
-0.2978439617509693,0.5905691376436522,0.8360001760500653,-0.5311084616535029,0.7275590216672961,0.8568064256902915,0.1266744120113295,0.5356415866982412,0.8463763340638876,-0.09084524455381043,0.39002694383860464,0.3948077507217774,0.3599487578182264,0.44632824114540987,0.4562137899455418,-0.2906086607097851,0.2606318070291557,0.061623296422328444,0.1890444657277854,0.2685168251353984,0.2565681825689687,0.05437760574216906,0.33582186598138636,0.3927344212082487,-0.4002384142436734,0.22744151497447118,0.19578890200945756,0.26653831484139195,0.4414325635358058,0.25628113125896496,-0.2961815502457468,-0.6222987963987038,-0.45593732637951206,-0.21122674271662015,-0.30598647346493185,0.37309179554521477,0.12565600816210154,-0.3307163585585109,-0.29453430942735415,-0.07300027445576597,-0.3115122871101442,0.11846085825509778,-0.22876124435315906,-0.03131792867648943,-0.06701410131307763,-0.032942384653236526,-0.18336664226085084,0.02273061352495798,0.5655811980784964,0.03294643263364144,-0.18730538019967788,0.7835254873999079,0.0995067615243527,-0.11236012646397851,0.0,0.7321113344761975,0.5686468761919413,0.7932427472098219,-0.22984481854607444,0.09603984131581374,0.16594582108999187,0.2143793846501602,0.5299152711465847,0.7048437497210182,0.545738147143068,0.5646841508690642,-0.16856772102864356,0.02503154039405786,-0.14436012230521886,0.13490729564224513,0.7035029218540411,0.023979347602711414,0.5044936733528941,-0.12171855092272649,0.07773887294176648,-0.1568922805937181,0.79593584931083,0.42250362075995274,-0.627192810829476,-0.591006520621988,-0.10013572932118796,-0.36421403555007287,-0.2353039004904934,-0.2294085268754267,0.2632161439410597,-0.2381804134086104,0.17962843384891353,0.1944670008186998,0.12280050632580544,-0.21267871852780737,-0.12298467395082624,-0.4049630957372812,-0.28755851072630306,-0.5498244227935832,-0.4359556084803761,-0.029122933894935556,0.04850724465948049,0.11540623061771806,0.5550748153377293,0.02963048968959017
-0.2894613337620389,0.4041524964033783,0.6753575815214052,-0.6493898008049251,0.48821565046207444,0.8505247999844123,0.21719098765419895,0.31380582202943047,0.8438101172680429,-0.1049248383092603,0.7043604167237897,0.6786619517732462,0.5701347197272347,0.5004674746699977,0.4331858999211453,-0.3946861917120238,-0.020031309232489036,-0.22999019700782666,-0.026901310674646486,0.4280036114468374,-0.010586955519615394,-0.3418083079682002,-0.020087676148393338,0.4067549403220878,-0.32474794400409573,0.41063493390704736,0.1266465082678498,0.4890563871885623,0.5802072492523528,0.3633208741454962,-0.23258960735121784,-0.5597705738751144,-0.5484410103760998,-0.44257562907172787,-0.33610712948182514,0.5401625369130262,0.2817872059434341,-0.07154916731174499,0.04155595086695751,0.08822143428016939,-0.17566035369558367,0.25619770335875586,-0.17296474952598997,0.18619576423915243,0.020240300029159376,0.0019684081182380947,-0.08605567906575072,0.00270002819477305,0.7438359154391977,0.32173045593763233,-0.11404659900764816,0.7390853873003347,0.31020211834054245,-0.017286165558797337,0.7321113344761975,0.0,0.596195102665299,0.80488836787732,0.037166078610819143,0.05955628342338082,0.2042431981443739,0.49892703364992735,0.7061779303250426,0.6041019251235932,0.4997368386851705,0.5919287522127458,0.20385298292338722,-0.0816046675458258,-0.3739987631230614,-0.08153158398753918,0.7224507471801198,-0.12451645717709857,0.4591477944196264,0.32778867765864633,-0.06229550527756057,-0.20514910113295806,0.7715307574072233,0.5442216988145977,-0.5214631438113393,-0.2848817708136511,-0.3109659383022308,-0.39104475457325233,-0.35346467482366806,-0.2062943056763174,0.12453594777929726,-0.22738125395777475,0.39763091868314443,0.27320704577542065,0.41064816168661844,0.029362332266026428,0.10993729204140029,0.056764935379734545,0.18890320260908816,-0.5418168779721865,-0.339754900780767,0.17433111551034816,0.14175780201434318,0.12754749279222213,0.8414153784316163,0.37597474821402427
-0.26610995403980275,0.4683262827153907,0.5309405940453128,-0.41478651091459023,0.5150372639958408,0.5216907528803921,0.039092180194417674,0.5201901762585417,0.5867629969928575,-0.5146017217695193,0.309953429905073,0.424969394080321,0.21487527894010727,0.5141569929484954,0.2917108420732611,-0.2789149681690763,0.329479093794806,0.21189272877598453,0.3609236761888796,0.08257128822160037,0.0730418604946537,-0.08847009442104496,0.09217290355707616,0.11714301437549227,-0.25530759058773533,0.40560179667223895,-0.3827009439951769,0.06865317861791621,0.1438184582646961,0.039980742731232324,0.2486089066477293,-0.17819217465037632,-0.5587319048969308,-0.18027978723449475,-0.33827344983959007,0.013398317027244935,-0.17019611315245362,-0.3793253974497537,-0.26515786761162374,-0.22861509206927824,-0.5288002162956044,0.053103841920159815,-0.1867848004788385,-0.10500457157834295,-0.44521853904288816,-0.3623948081649735,-0.38597245598989577,-0.2438314370764812,0.22833467834768856,-0.22980651927774376,0.42371371709709815,0.719453803705357,0.39829965166543163,0.2588301902121395,0.5686468761919413,0.596195102665299,0.0,0.4896697646496458,-0.03388381794879088,-0.27658965537228536,-0.14567460610508187,0.10373978254182474,0.295559586794308,0.5208942766161411,0.457301493532525,0.3020957120286555,-0.1182029117958627,0.14379272012060007,0.04842767588453379,0.20960737876432745,0.39601820410320904,-0.028952471038535463,0.3348408093163796,-0.13662960778666544,-0.06476361951605226,-0.15953783459141566,0.3537415686073421,0.02944437078682215,-0.3756338490508908,0.18376048102635587,-0.34010381924452204,-0.42804694013007705,-0.4755248187130157,-0.29735708082573503,-0.09125034037549018,-0.3099506389748863,-0.13741895533377557,-0.22504021499639426,-0.15996663967351676,-0.35750621287621775,0.015627589450797317,0.058642655016238054,-0.21236726013653384,-0.5995088351889293,-0.5693572879325809,-0.11875187032018486,-0.18365975175220126,-0.15176431904611087,0.24354024346000228,-0.16177225498282738
-0.0021956548233038197,0.6850316258510419,0.8785009079469656,-0.4375775082709136,0.7080815095433197,0.8730762966932909,0.4006574980972028,0.660491072917507,0.8989838655197951,-0.006876630730646402,0.3793100662494748,0.3074424079172687,0.2619705685839724,0.36550251260415434,0.29797600960824955,-0.021770658892579595,0.3844428751543877,0.22463279576685402,0.3419460790764714,0.4763367053685427,0.3008173720520489,0.08292901011320689,0.31306051195575646,0.31555458300100503,-0.3083391350688978,0.12868850625957587,0.13911252843435834,0.16683590836852466,0.577129092995005,0.0916686069924875,-0.1856328570533037,-0.4205850796085229,-0.25371032318531295,-0.06418132472521905,-0.3652961642371373,0.5389987146568583,0.3020159071224424,-0.1721508619252106,-0.2311325958239132,0.05389725256600203,-0.2538559849283917,0.139073401304402,-0.4780181707940286,-0.1103839911895818,-0.097305917666006,-0.11951627439677037,-0.27049805312123854,-0.06035687539865478,0.709448157212231,0.13702622481006352,-0.1117523314729321,0.8572479244140608,0.22374417514429568,-0.3238638592699706,0.7932427472098219,0.80488836787732,0.4896697646496458,0.0,-0.32727732683153415,0.19927946891517095,0.30236126046036,0.16798845728518214,0.5162522478486604,0.6895908799707258,0.6010175297365487,0.45279559533752173,-0.007286635517992702,0.29733323400410777,0.0461352207565737,0.35295305467182075,0.8106888344501662,0.07821843799579646,0.49845217194553226,0.18952267734022785,0.27592875426310076,-0.13088728669565966,0.8033373037706554,0.344265936750917,-0.5112156929030196,-0.30477041619734446,0.06197116899091525,-0.1566775122044513,-0.12610179143240166,-0.14887451914236016,0.23461168055172058,-0.21032014174674885,0.4760460818808741,0.18870078538602292,0.45087445608853766,-0.028525631652751786,-0.14965030558042164,-0.290771561741729,0.012386709612685603,-0.43895003266825733,-0.39562708307863376,-0.06417318714198009,0.04929182627859288,0.07734744123431221,0.7746613587370355,0.2194961085574864
-0.547869117419785,-0.5171886481071656,-0.5564264240823642,-0.4422362027471877,-0.4823518960978494,-0.20969391396435932,-0.42779342625114786,-0.7829104871541421,-0.2885362744000371,-0.08064954368691843,0.5862150595364191,0.6729341677536661,0.5283484420174982,0.31405870727594265,0.36706430177578375,-0.6276264248804063,-0.5225905518180095,-0.7122274939096288,-0.4843114274851871,-0.16456606924899786,-0.3842849453397636,-0.5874816107365954,-0.5511308254396439,0.37271779489906737,0.0540394208161195,0.5803447933995886,-0.06724258630561163,0.6362900105365322,0.06100309576810915,0.5356825396760021,0.18823503737033762,-0.06264735719845924,-0.49406670716673884,-0.5200020950260656,0.08623836993139967,-0.1360807702142506,-0.02331210693287912,0.3367824467582585,0.6188433043302592,0.08873860398214783,0.09457008575819026,0.28196572508361245,0.6221017107903554,0.6470796367917164,0.18425126336390943,0.18899691525709447,0.3354197167712027,0.024759706991611403,-0.1266463658128433,0.22175665905283745,-0.004793976013722226,-0.2671280156793183,0.33508954595252755,0.6285790357722914,-0.22984481854607444,0.037166078610819143,-0.03388381794879088,-0.32727732683153415,0.0,-0.3382735683196064,-0.2645458320757079,0.5646910637747641,0.2754805262374489,-0.06681636005826518,0.054817547761740505,0.27722483297142386,0.4304405568630053,-0.4771694013360532,-0.40067858817513197,-0.5869507297244978,-0.132653931624118,0.052380637322891534,0.07533944342770933,0.28130860311303996,-0.42193575996079563,-0.09468986400882184,-0.049209655839013614,0.32836207322846855,0.3187759830495884,0.3261867835051274,-0.351609678521751,-0.14801751182393869,-0.17316386609634585,0.1806712995837332,-0.008637790746734816,0.1524521768604803,-0.014788688783110264,0.20254598680287417,-0.07938655701269536,0.246944321062793,0.5980035952066152,0.729958631297988,0.4944811017446116,0.1539222620898455,0.31403714494590096,0.5079009382896116,0.23850247524282936,0.213945139686447,-0.08524114327209242,0.2609180663251972
0.6735679358071484,0.13311732715848074,0.3872126802160616,0.29647583398202215,0.09829454012782822,0.19151110256957252,0.2966330002394849,0.45401610654046115,0.13334060758427949,0.3832448405500379,-0.18412728873304052,-0.43259693558388507,-0.45605083263154367,-0.6103966722525458,-0.5695135522742486,0.45443477263389653,0.13212466090055577,0.18603727267871611,0.08357031791563474,-0.04678629539449319,-0.00014444078942981153,0.09633075915759687,0.04046722600291039,-0.258374141634776,0.5567991000172581,-0.37907709681241775,-0.11076504344310203,-0.5688466520526713,0.03849167851660391,-0.6440724128119565,-0.35004981604066593,0.15286837838997744,0.3802832711874511,0.08067298897423564,-0.5126826219368121,0.12249400137223583,0.025425516065584138,-0.15821331643596048,-0.42762718054588067,-0.1465943776248626,-0.24310362577171832,0.25236707288893606,-0.7298548841807833,-0.6034531526741336,-0.26423131280156625,-0.4830165055128492,-0.5374145748603684,-0.43476486125939745,0.19576769534422958,-0.1991367515552572,-0.2585717984286878,0.12069027276368749,-0.46412973515807543,-0.6781486285970376,0.09603984131581374,0.05955628342338082,-0.27658965537228536,0.19927946891517095,-0.3382735683196064,0.0,0.8337483715045113,-0.3362361309218719,-0.31599169357055884,-0.27780610045988713,-0.3883164241861533,-0.40062563594104983,-0.36150850653559813,0.271862659786776,-0.02687032588508101,0.0643986583765901,-0.12102391290366313,-0.47088737571050027,-0.5053475835929878,-0.08088077030690434,0.5428515203211894,0.6649705582467486,-0.027573922220371937,-0.26732593129995,-0.33398894785366906,-0.3791527164584181,0.2342229874208851,-0.018421470957405844,0.005025637376828524,-0.39598924118597123,-0.3496639549679185,-0.41668496055764126,0.21474095354246964,-0.20677511424204045,0.13821939862572172,-0.16331668969878435,-0.6056490223163368,-0.30487809691300954,-0.001987041987715094,0.3501827638554,-0.12815674517439388,-0.4744186974078026,-0.38883370613606516,-0.4101236852968756,0.22962135890673682,-0.1323206919783195
0.6289246294423474,0.14209348086057766,0.43833440953880326,0.12709167812559136,0.09831787913535113,0.2848602628007486,0.2884233273636112,0.4805644268580022,0.23470490533797667,0.2883212280581027,-0.0330629237559129,-0.27264080228486387,-0.37039961774086655,-0.4828104554995251,-0.5118391042251459,0.3519041846647065,0.16116248528199914,0.13681013708766024,0.14411576102455426,-0.040375805073698916,-0.026142841329380863,-0.02314661868762356,-0.05975853968699954,-0.2200978356485038,0.5570280566313697,-0.1916294155369434,-0.2513126570110166,-0.4964684047656911,0.11422852069372916,-0.620336301539068,-0.2774771358004132,0.17649848805630056,0.21213934893907035,-0.048811376997675085,-0.6782778786736887,0.12878036215988622,0.02654480280186244,-0.19538396236874375,-0.4361724787702848,-0.21019633000374735,-0.39614399349997625,0.3669144086522291,-0.7818177213712271,-0.5783523073644858,-0.37097878437272985,-0.6201583530632305,-0.669667710081973,-0.5950411068158964,0.2606042187047318,-0.2160079183522854,-0.13592916519535328,0.24617095833434588,-0.34063822297445173,-0.6157270181976354,0.16594582108999187,0.2042431981443739,-0.14567460610508187,0.30236126046036,-0.2645458320757079,0.8337483715045113,0.0,-0.21227163589233056,-0.17726687331125418,-0.12725728721817348,-0.22799221822108115,-0.2957172745512546,-0.3171529331990809,0.31579371939766165,-0.03658062416855602,0.057890380638401344,-0.00456100330967212,-0.45888572047997894,-0.4423005963219168,-0.0036728728385559233,0.5598586038582543,0.6501026055026337,0.0866513830859774,-0.2105707961516493,-0.35737046411909335,-0.19444719010816316,0.13502386079578754,-0.11055247882838785,-0.10017246918461567,-0.4293881235381849,-0.3864349749711804,-0.4922734153365567,0.27184479409318013,-0.2251265721656391,0.15965480464998322,-0.18395688227157714,-0.529958587752928,-0.17535380681694446,0.10355030362062191,0.2835377750324773,-0.17778873031722855,-0.4312854798218539,-0.4192029727329013,-0.4467490944184784,0.3365241236311932,-0.09046061939666218
-0.6181258945798205,-0.1632747765597381,-0.0719125877327451,-0.6378803992785845,-0.06685637645111807,0.3183793869119767,-0.12747327309162942,-0.48948202948486735,0.2781370112445842,-0.01536109008975616,0.7872809374491934,0.849689147164085,0.8465020887054894,0.6384590245357881,0.6784959984422436,-0.6463995797243721,-0.4484612855839773,-0.6709767787969485,-0.4036972431475641,0.3041445160849075,-0.14747158684501394,-0.5498474327916931,-0.27294523908318435,0.5492288741632593,-0.3542513085010211,0.5093530347638229,0.2932490456383172,0.8837077752802986,0.4437618640550396,0.8171454463317588,-0.09782689632500396,-0.49181235503688014,-0.5684732491666751,-0.5296658344712418,0.14507599223203602,0.3464414109504595,0.2729432662290158,0.3607745364407716,0.6388087333431606,0.3433976701567116,0.26866747680699815,0.17564800827798205,0.5092737851901303,0.6983982215273694,0.37751989726267987,0.4543645936218587,0.5156118080397075,0.3436140322887493,0.41249490049279036,0.5690232139204601,-0.18544192658741893,0.13730408254807183,0.4128731765957411,0.39736120759867155,0.2143793846501602,0.49892703364992735,0.10373978254182474,0.16798845728518214,0.5646910637747641,-0.3362361309218719,-0.21227163589233056,0.0,0.7086167121106515,0.36382602561315286,0.4065182626498446,0.6578078874964746,0.6008069909034774,-0.48892635510852234,-0.4945446324897627,-0.48236546508493633,0.3841466399417781,0.09831517198372354,0.462568974664593,0.4993250508403071,-0.4785344982580821,-0.42581215860352284,0.42122341507735905,0.7007862197176528,0.02808817693986882,-0.03978732105884161,-0.3595617802161593,-0.14132320208229676,-0.17450720911680134,0.20822114822404578,0.2821197112200063,0.24742211006631298,0.241445268034304,0.5166924954249468,0.3026170348916261,0.3919720926849143,0.6215378827816936,0.4901408358644712,0.5045019659693285,-0.2614531148031796,0.16045025766371088,0.6151520476866307,0.49708621174415185,0.4816214854681179,0.4202003535198638,0.5741936790821539
-0.5536869907419972,0.20523013100572707,0.3173589117122203,-0.6970656355090993,0.293678467766422,0.6175327556558756,0.07028573104536946,-0.10653892529578467,0.6134291055741368,-0.0194725265321474,0.731546265406626,0.7834972551293397,0.8152122374158133,0.7631378934269611,0.7762745565476007,-0.518807313554732,-0.12987566889862595,-0.379349200245332,-0.11146550740097788,0.48049928262260705,0.12698848996969844,-0.2982030210221727,0.042978328183426735,0.6203859041829407,-0.535179338912722,0.4302911120832564,0.38790049111574004,0.8107951238069926,0.588847987549325,0.7839893518295821,-0.1640325061940644,-0.6080989858738892,-0.548191512954869,-0.3761208315826825,0.06935258784472524,0.5080018497312396,0.34933516233791784,0.23283496599014003,0.42826743442223636,0.35007202066809595,0.16395662195351376,0.11810784868679543,0.2761952956627145,0.5386240956491691,0.3149871539888638,0.42400214525631663,0.3950079011655023,0.3763156943524228,0.6045563736278018,0.5240201895261378,-0.19528377662078303,0.475063583828314,0.45327777209116515,0.18281776072983694,0.5299152711465847,0.7061779303250426,0.295559586794308,0.5162522478486604,0.2754805262374489,-0.31599169357055884,-0.17726687331125418,0.7086167121106515,0.0,0.7068483745735205,0.7118683575468081,0.8339221464893394,0.5158472490679169,-0.28551025202002095,-0.33260489865634807,-0.1926533556883491,0.7456640268538451,0.25220080997473876,0.7338327866403717,0.4766240792678202,-0.3208437684752273,-0.554333812236749,0.7445834466381299,0.7801712009056159,-0.18483913434297097,-0.190437820721702,-0.2330215197154946,-0.14308273371848393,-0.14824023852132837,0.19821012250305173,0.46954699369313985,0.2155179390440035,0.35701073164079244,0.5693998493714653,0.4294602742730551,0.3333468821609577,0.5023242191438387,0.19961740193759217,0.3733728102326451,-0.47875696510569227,-0.034549556601654055,0.5324214031519834,0.5257493396051939,0.5340708780593724,0.6267717717638231,0.5648297588163149
-0.3701648706160949,0.5575724935559438,0.6093078191218451,-0.5894078720029031,0.6203985093323493,0.6415498903144927,0.1128636576684552,0.3860404090917021,0.6855749180821468,-0.06561074306568873,0.3449909326158428,0.4325778790277444,0.4710266173352031,0.7675705628811437,0.730219259130968,-0.23230271067992067,0.46088387744201875,0.21169606840795596,0.47076292092929417,0.3383325467728221,0.5582753215314974,0.21770762564006554,0.4905363392690341,0.5530684592052887,-0.5252428190645487,0.2527533086684515,0.19037005947299282,0.3859726458582054,0.4680864643199758,0.47012554560555203,-0.04377344403860453,-0.41693945492786766,-0.4398514425480755,-0.008504585677654301,-0.10060022803239538,0.28116432345392556,0.12900311088402142,-0.0869112097051128,-0.055885537804591524,0.12271612831111962,-0.21482059083855548,0.028402621768519605,-0.06649114515177061,0.10141049930472368,-0.05400896858521953,0.07775796052458195,0.0027732122231529715,0.14730272375316864,0.40102398286941826,0.04204641284648405,-0.032050822009585284,0.719904125983298,0.3756101882118702,-0.03425503423115317,0.7048437497210182,0.6041019251235932,0.5208942766161411,0.6895908799707258,-0.06681636005826518,-0.27780610045988713,-0.12725728721817348,0.36382602561315286,0.7068483745735205,0.0,0.860456783134531,0.6641185651618133,0.04166285752406876,0.1652713876665759,0.1544522605597357,0.2917480946500782,0.7747251403234098,0.410071841709837,0.720676025123187,0.0355212441984812,0.06902018723439425,-0.3725466850161757,0.7344068802561335,0.4225905051304974,-0.33214571763760675,-0.1141664980613286,0.03552692462100479,-0.13648808119287792,-0.13595303184796034,0.048082579986529934,0.41594969497271245,0.018258227607818665,0.15862532682428404,0.23021000679170642,0.13882060508953753,-0.04175026253637096,0.12690186900400804,-0.21121073112793537,-0.031439438037992894,-0.49039396711149247,-0.3433153588305636,0.11242364253018425,0.19290550288827588,0.2712396336305917,0.34885538452773934,0.09223383013406064
-0.3707155503278767,0.511255502386139,0.4275802405639054,-0.5915248446939405,0.4912166874207115,0.49744031025557556,0.12622094719664154,0.22375907454774416,0.5613905706943313,0.024632524982236944,0.36322303153368307,0.4459055427927184,0.4943218060740462,0.8068011402051083,0.7742500290957888,-0.16168890817041814,0.5079271055261798,0.23110975717223312,0.5236530406461429,0.41016164209812844,0.6178421086294957,0.25982516116397103,0.46025134153366326,0.628234863350291,-0.5294779069523766,0.263649156462218,0.23267902168621132,0.4869959993764725,0.5459190316417531,0.539479565707507,0.12765595044128866,-0.2996915515411707,-0.33980237857883655,0.1159737988318066,0.021450101556455634,0.3020778001769218,0.2517280115718292,0.1021689724428265,0.13783283499651283,0.21948255309424508,-0.09473694005677127,0.02496309430209319,0.009051357440230605,0.23487524964945244,0.04098934493515658,0.16486343343700413,0.11605390194045279,0.18473770947469365,0.3433239779741293,0.1269400460057716,-0.039444781074633894,0.6267905220880425,0.5292200442600264,-0.01255106360972934,0.545738147143068,0.4997368386851705,0.457301493532525,0.6010175297365487,0.054817547761740505,-0.3883164241861533,-0.22799221822108115,0.4065182626498446,0.7118683575468081,0.860456783134531,0.0,0.6130099280811613,0.18550294216046798,0.21822631215225086,0.26957103578288444,0.32067125952185277,0.7241043419358831,0.5639238072867042,0.7317925270217491,0.18787116268099288,0.08317723371910356,-0.4132937813495765,0.6522699680858157,0.4182586989347973,-0.07383638423203533,0.06513837471884679,0.16061980099867318,0.06671699154585072,0.02330374543444997,0.2438976298630151,0.48825719287844066,0.17766417550586613,0.29568239160944243,0.3043685891775859,0.24298582800090202,0.1358900350935204,0.2541246409997421,-0.07475964567769064,0.15264648882615434,-0.30081270720492437,-0.14134937773801978,0.21347255106246915,0.28767656749580606,0.3709438829727646,0.2863986110953184,0.20726855495160368
-0.6766433160794924,0.2296341274566876,0.28986896096057874,-0.7011742433567193,0.35428886825588085,0.5504502620213293,-0.06817688525822657,-0.1178630505639556,0.5381232977722421,-0.03372055578838511,0.6155024347947584,0.715851026787537,0.7743448882602499,0.8042649188101895,0.850001877728138,-0.5640713521240021,-0.05045202827961192,-0.3050181415015566,-0.04710646857578977,0.3523394942611574,0.2277389987762447,-0.14827692767074094,0.17206718203679555,0.6787399708986255,-0.5990128600467829,0.41478968115239534,0.4158125499597533,0.7875981533274827,0.4851065847829432,0.8304085760142553,-0.14326063386722876,-0.635889015420672,-0.576111416719768,-0.30197324894025634,0.14224093644753538,0.3574359063162394,0.2340214646075129,0.13893352995350502,0.3403454260346044,0.27142399340951834,0.11975501622926431,0.04899512634793582,0.3727000988645586,0.5245721206483548,0.30297419163330874,0.4537430265607875,0.41639870599501044,0.40972832558691036,0.4373811100006701,0.3836355937720323,-0.2093610733515468,0.43228246029128076,0.39370541454482383,0.2559642178564298,0.5646841508690642,0.5919287522127458,0.3020957120286555,0.45279559533752173,0.27722483297142386,-0.40062563594104983,-0.2957172745512546,0.6578078874964746,0.8339221464893394,0.6641185651618133,0.6130099280811613,0.0,0.38307569152309,-0.32376320241220247,-0.26151675104352495,-0.16124519497871995,0.7334099499264349,0.3962864062729695,0.8402318688470504,0.24911747526924152,-0.3542144558173194,-0.6221605506586854,0.761243668085642,0.7982805816628623,-0.1891107192772519,-0.3043852360653309,-0.18880174051871387,-0.16231499979460526,-0.12071580245589189,0.23742495718053153,0.5856393565151744,0.2665494960144353,0.18888035294586236,0.5734630884949097,0.21814090304543296,0.2328095931545066,0.5125114518745315,0.044399064565026035,0.15776491277158142,-0.5175619367271849,-0.0553617929090611,0.5288665952589632,0.5416996657378074,0.5983789729457062,0.41320582838549935,0.40013509097079875
-0.26424009914644553,-0.13096825357840444,-0.31350656610369976,-0.23911210955171563,-0.2267678984335676,0.04866640585341058,0.21280422335466925,-0.5664940263822288,0.06408045076410607,0.22355750365934318,0.5468116603025531,0.510375332890755,0.6407860230834723,0.381695628946417,0.41361430144356537,-0.1676739753186855,-0.3911143229428016,-0.44605971693165347,-0.3694667953042615,0.5643636284261949,-0.12049131284192266,-0.35141255723102766,-0.22842737678246142,0.4238642588221174,-0.2869220443475938,0.21170486635846245,0.4947878738239214,0.7818879823848471,0.4737825651030639,0.6913934816768578,0.09751783822703632,-0.16302278931063155,-0.018122541844681116,-0.1196620545403768,0.5029394578814353,0.5280875788869319,0.5668944150167959,0.7393189452951732,0.8880049528575293,0.6512256842547628,0.70335937922794,0.05744866712665359,0.47310670381125886,0.7731536101130346,0.6816461779910589,0.6964538128950073,0.7470317511914243,0.5529469560364088,0.39419223429606715,0.8181049291930924,-0.1928285272586841,-0.09532949719875834,0.5259447497606173,0.20806847388647798,-0.16856772102864356,0.20385298292338722,-0.1182029117958627,-0.007286635517992702,0.4304405568630053,-0.36150850653559813,-0.3171529331990809,0.6008069909034774,0.5158472490679169,0.04166285752406876,0.18550294216046798,0.38307569152309,0.0,-0.32212743201489585,-0.22685129801514378,-0.2614946241688748,0.2573592719124353,0.3393564087305519,0.42937876556809107,0.8709323013063579,-0.4065211479738721,-0.5833234138388385,0.1538199378306862,0.5748106066058812,0.49921912939143503,0.22482291404028584,-0.011749739523396977,0.3877403774338107,0.28676160639033166,0.6153114702452062,0.44528119496864893,0.6216187616931937,0.517402694385415,0.656602602812484,0.6697874575141557,0.8057447357465989,0.7033160666122739,0.5491747077278601,0.7804395778332445,0.05444777476101749,0.5398153817513903,0.7226272290734429,0.7124731546039096,0.6525882026315318,0.3822622223473577,0.8272222440454465
0.6712711095214099,0.47587053788793354,0.34325067511521506,0.27704090998161157,0.25707060145296806,0.027630147232512225,0.41812665689967005,0.6443091604778612,0.1145352058680258,0.1781543240632652,-0.4251359570401509,-0.5368866321753234,-0.5434057295970076,-0.23806953244736923,-0.3359557669665804,0.7265936723027502,0.8046076970533569,0.8248989412443958,0.779693337778764,0.1291238237253862,0.5035133594508386,0.614479191195377,0.4091126195400067,-0.17396867013509382,0.22150017900226351,-0.33497492438064386,-0.22145988778613188,-0.5789035999882487,0.12660820593647845,-0.6117109645401138,0.27519615644634665,0.4953766175011176,0.49499997198292534,0.6355315032696806,-0.27091464758910083,0.031152473952697435,0.1069600430148375,-0.10246147347537968,-0.4309934193855031,-0.11081550465941115,-0.30337002941504565,0.014404901391027387,-0.7249822025897578,-0.5388726163363793,-0.36143498200626206,-0.49036033331902895,-0.5589325518639899,-0.4013343702187277,-0.00602759426987542,-0.3430692794496242,0.1850916417781403,0.31440987688834104,0.03538533694272089,-0.5925135322685802,0.02503154039405786,-0.0816046675458258,0.14379272012060007,0.29733323400410777,-0.4771694013360532,0.271862659786776,0.31579371939766165,-0.48892635510852234,-0.28551025202002095,0.1652713876665759,0.21822631215225086,-0.32376320241220247,-0.32212743201489585,0.0,0.7588424279316482,0.7874809017952604,0.24577313613688181,0.2742417796057609,-0.013231572172713094,-0.0441026452499091,0.7547603530583414,0.27509653437332177,0.12250958670506094,-0.3967019603343309,0.0031869466636440394,0.3343467560606935,0.5796867497161704,0.32966961282670243,0.24155765360779086,-0.005021463487292235,-0.024358713499755304,-0.1648720999973704,0.36855804656337754,-0.269176159544271,0.22303113529250826,-0.11206714989558056,-0.4450937692995846,-0.3408029504156609,-0.005213115593537779,0.23534412536462065,-0.1702538012190251,-0.45274552093221077,-0.31671551738904546,-0.2784968224383957,0.07769601307767497,-0.17854484811007024
0.480505543520617,0.4046832871906629,0.06222949429620246,0.3765779742480274,0.19460624716168767,-0.2373795867872564,0.2791076927626888,0.4079526831264136,-0.13468119010899934,0.19398976468076298,-0.5909043688998228,-0.6214492758256953,-0.5128748050803645,-0.14243494967441436,-0.17361943576215857,0.7274008848125122,0.807197558270548,0.8750627851812021,0.7699218682188677,0.08834130144277308,0.6203950002017456,0.8025262111983157,0.5416276052506099,-0.09545845995389501,0.035248311271692055,-0.4181521847740293,-0.039794675568338156,-0.46820044358753027,0.00660516872690124,-0.40352279788622103,0.39311048215819494,0.5025337761761113,0.594600481936642,0.8339034574943132,0.1269027658864595,-0.09595462417373726,0.08698290269993937,0.015578076831986353,-0.2642112696986928,0.007935916658995623,-0.058240847558499606,-0.20314765874718574,-0.3835151396937028,-0.347988207996034,-0.1491161018563662,-0.17699223908467207,-0.2218169270180731,-0.1046924401600876,-0.2519816256034718,-0.3139077547563182,0.1502716934668572,0.07594381122115214,0.08670584389152834,-0.4031601456277719,-0.14436012230521886,-0.3739987631230614,0.04842767588453379,0.0461352207565737,-0.40067858817513197,-0.02687032588508101,-0.03658062416855602,-0.4945446324897627,-0.33260489865634807,0.1544522605597357,0.26957103578288444,-0.26151675104352495,-0.22685129801514378,0.7588424279316482,0.0,0.7934135622733152,0.1379090699939498,0.5792414726539218,0.16266853569308748,-0.13174814778665367,0.5370615505743405,-9.27365556325284e-06,-0.01714502657048014,-0.34100082839355444,0.2773401918571486,0.33548354878373204,0.6698818354903412,0.5295732647862889,0.4473205939580692,0.2916882107225723,0.24108123239067808,0.1753617731605093,0.20362599717346544,-0.12318264622684504,0.07874336028133805,0.005412356893826762,-0.222142948382275,-0.36510295444775553,-0.11861689996859928,0.2575246663158722,0.024934102924807026,-0.268737765817132,-0.08232136834463484,-0.0027518106209382747,-0.2567612775350199,-0.19991136826805972
0.5001665112535433,0.6268309289081848,0.39756810870567194,0.29973136132107947,0.4531219683171562,0.08748486881437925,0.4447195366778699,0.6825890689322633,0.20350707376816535,0.13882014207882923,-0.48868514108479355,-0.5502767744087425,-0.4512294580291728,-0.07848848791143041,-0.15295080136112965,0.7135174371575058,0.8459813296931057,0.9107409870254288,0.7986587543204265,0.2468280127287024,0.6205024583300518,0.7626298234767883,0.6109211002806202,-0.1001940012536333,-0.06508623929221204,-0.415663819613812,-0.005804937612057169,-0.47260356828453015,0.1359366587865784,-0.4254406476515842,0.25395445882204853,0.30716706308359715,0.5097456685941134,0.7522510876198591,-0.006485705447252985,0.0987809156762184,0.14886974592940758,-0.10439169283528568,-0.39162595186623117,0.011909015536552572,-0.1288674500822114,-0.19500234975241312,-0.565751641379134,-0.4456769862768128,-0.1947885843314122,-0.21721967562373157,-0.3200791757929677,-0.09956687436712337,0.019950252217021295,-0.2564558742722599,0.11564738707787893,0.355306329284166,0.08856345228786333,-0.5135633316359195,0.13490729564224513,-0.08153158398753918,0.20960737876432745,0.35295305467182075,-0.5869507297244978,0.0643986583765901,0.057890380638401344,-0.48236546508493633,-0.1926533556883491,0.2917480946500782,0.32067125952185277,-0.16124519497871995,-0.2614946241688748,0.7874809017952604,0.7934135622733152,0.0,0.34689044176941863,0.4630424145158889,0.24758991411082684,-0.09811569059733825,0.5763503698883247,-0.03156862559708174,0.18721134743591322,-0.27895924446624376,0.032954991103509246,0.14891464216519465,0.6137590126597933,0.4176598941227108,0.35017432005542753,0.15298190129177244,0.24105024889212312,0.05559347357021537,0.27412155992291815,-0.11450012007858838,0.19625942121965886,-0.05722481503759166,-0.34289492048343767,-0.5056985522557986,-0.2060404133816861,0.025630352612121633,-0.17532490628414513,-0.35248134345024135,-0.1120614405132621,-0.035333627135451774,0.02214351183243264,-0.1608515469173697
-0.1976780767338383,0.6276121351375513,0.6783355774537152,-0.5517358767671822,0.6262494054298178,0.7666190051016701,0.35845489653568685,0.3906023441954122,0.8109404794869153,0.12515185121702105,0.4559278741876465,0.4287614098624257,0.4965950490490584,0.6407179163797698,0.61725479797729,-0.08001741955486176,0.3964485230704436,0.16610546285682706,0.3712935526707388,0.6114913644201443,0.493442815204672,0.1656750615800412,0.41639052060585696,0.5696200985036115,-0.5204286423117209,0.16573258352866302,0.38362070374580026,0.4774666468212646,0.6996649452471095,0.4540050113931274,-0.1130997173269594,-0.46822384558177815,-0.25009360388429863,0.03543727728323066,-0.06584081170638004,0.5953070478122139,0.44367882045189816,0.10151040134712537,0.08732182547333088,0.2943665673742711,0.004630254293603024,0.06386585327141273,-0.19732432468195546,0.18090965193039818,0.1531590672446514,0.21274267578735356,0.08828826465021693,0.22278230905488494,0.6777641750408252,0.3333600559547426,-0.19917601478869457,0.7530510622117301,0.4165359786176984,-0.2354366379160607,0.7035029218540411,0.7224507471801198,0.39601820410320904,0.8106888344501662,-0.132653931624118,-0.12102391290366313,-0.00456100330967212,0.3841466399417781,0.7456640268538451,0.7747251403234098,0.7241043419358831,0.7334099499264349,0.2573592719124353,0.24577313613688181,0.1379090699939498,0.34689044176941863,0.0,0.42998641524881476,0.7632999671887722,0.34665603492171954,0.15665277744445472,-0.4134104000018996,0.8421225909650724,0.5472646499855023,-0.24469122751475625,-0.2098279746955143,0.18769611079517046,0.07510536796040665,0.06719355484168638,0.19074386630770152,0.5336988837721973,0.13266645858788417,0.5467606954976413,0.44273940731267897,0.5328024023214042,0.22969260448326115,0.14376389110709137,-0.2068282619574932,0.2065451332639888,-0.3738640938691258,-0.16370702744397675,0.20912481510744324,0.35067180440465595,0.40335605423613163,0.6538341978652635,0.3989648360103058
-0.1555771895790962,0.34513951082476413,-0.10207117083788683,-0.09428903389938159,0.19438536339439078,-0.05713641134965312,0.16239051931162718,-0.14471284361267495,-0.00021980266933745672,0.3080052958929963,-0.08210687441517887,-0.05836595071216506,0.15059236431172307,0.38163999521217173,0.5084137245796254,0.23272128847580675,0.4797457444162413,0.3631291309226957,0.40064552924813496,0.36881029786511116,0.6216250246947486,0.6043421672420822,0.507623258411879,0.5443043211382917,-0.43448095284326843,-0.08183558205591332,0.5531456990456963,0.38546853047437113,0.37439501462517377,0.45335517212579896,0.31266782525890197,0.030022087854527223,0.2720543902061885,0.568552210696022,0.5491319433772732,0.21099478362572718,0.41890380214657097,0.4285810342925649,0.3579267521887805,0.39952556781834303,0.3946261373760622,-0.11186988541837993,0.26322031100372684,0.4336372747748857,0.48842300396136534,0.5418067506781488,0.4705391847925704,0.45850113860294045,-0.019861417615898797,0.23759713749309608,-0.1653429795727377,0.06588574839665014,0.43660678855963425,-0.0476698080477585,0.023979347602711414,-0.12451645717709857,-0.028952471038535463,0.07821843799579646,0.052380637322891534,-0.47088737571050027,-0.45888572047997894,0.09831517198372354,0.25220080997473876,0.410071841709837,0.5639238072867042,0.3962864062729695,0.3393564087305519,0.2742417796057609,0.5792414726539218,0.4630424145158889,0.42998641524881476,0.0,0.604518759943389,0.23962718966113064,0.10194071722194267,-0.4408270242063942,0.2896356737073583,0.30267080232137117,0.49319395485446504,0.16554599272394804,0.5575134790028308,0.5743278169121826,0.5898069460047829,0.6935501520916568,0.7281454687507942,0.5953659124224949,0.38379098700110764,0.4737894738197671,0.3035086271486285,0.4471500956981267,0.3443164679046866,-0.11204302859576164,0.19773103944558848,0.22677107592629914,0.4234735666190454,0.3620924331836994,0.5064273171480096,0.5694843614498409,-0.07903299341963059,0.2597757501628204
-0.5024534833162067,0.4741536103728958,0.30714152514687715,-0.5045350037759937,0.4884879189536642,0.48029140080262905,0.15357018667955447,0.03342642111860577,0.5334260032927332,0.06787152484269336,0.388040101542287,0.46309495441661447,0.6154754620469506,0.7815575205092905,0.8340466460079334,-0.21743665454578837,0.26059131557768134,0.07293519496175876,0.2262086780238528,0.5312315243289888,0.48064849663610404,0.21300837487831764,0.43365738001820925,0.6848891792979914,-0.6851730216367732,0.20237785435144437,0.5404247698338696,0.6791662499347582,0.5591866333995454,0.7476034435607387,0.045115067013507884,-0.4718509716061661,-0.25948049701748926,0.10384165051479671,0.35120569687664865,0.44827185341484177,0.3886648415558268,0.25028369357076147,0.3493094052393552,0.4205623829952779,0.26363019069778965,-0.10632132736235161,0.28745616659393913,0.487228905931304,0.4024372931597759,0.5580424044742376,0.4857968159353195,0.546279075620215,0.4101652071733101,0.4003132842408921,-0.19923092045631507,0.4764101139209564,0.5262532739981453,0.10704418865004692,0.5044936733528941,0.4591477944196264,0.3348408093163796,0.49845217194553226,0.07533944342770933,-0.5053475835929878,-0.4423005963219168,0.462568974664593,0.7338327866403717,0.720676025123187,0.7317925270217491,0.8402318688470504,0.42937876556809107,-0.013231572172713094,0.16266853569308748,0.24758991411082684,0.7632999671887722,0.604518759943389,0.0,0.29697819009719434,-0.1582416423825526,-0.6758107688669497,0.6580059039006255,0.5985261393917009,0.05853519717656011,-0.11499015803663484,0.16788377635202645,0.1937069675055517,0.19815854662274585,0.4652098555201183,0.7276611069064558,0.440020882028384,0.31241201013985775,0.5553239560096769,0.33927577437597617,0.34910193846522936,0.43541433443132826,-0.09330218765585532,0.1264479322184888,-0.3560838571770711,0.05044675357986467,0.43710761032077305,0.5668477642544454,0.6352325932597394,0.3014949002124048,0.3763202146553042
0.0807469462180951,0.028110469142675915,-0.1022006277329431,-0.18052110104948446,-0.1503895627484565,0.19779258149150603,0.4963797605572972,-0.326217260940343,0.21323288968058796,0.40067155067952354,0.543356641238553,0.38619337015574196,0.48923487447464814,0.22262896649961034,0.22092179821903365,0.09895554284212191,-0.2331332624279209,-0.3005792720910116,-0.2218140589652512,0.7112393712760868,-0.06533210569677289,-0.2969683957034939,-0.1948948925743446,0.39681032677198635,-0.09759563753075498,0.09736902515085008,0.4617747832989652,0.6157454828487109,0.6290312660191156,0.45106801741677055,0.05758893676153082,-0.022194684111563952,0.15144136597860572,-0.051029248294701485,0.2802316505639257,0.6990093266520283,0.7032830482155756,0.8056488514294338,0.8069792768932422,0.705095508084132,0.6308695357650259,0.2199904346103697,0.10468480593312456,0.5860582392787927,0.6017499425918795,0.5103475280755018,0.5191460012541068,0.3791958001910918,0.5899845584861414,0.8296714940739933,-0.21292970195102875,0.08359724074035912,0.5287486637179373,-0.12443993234462804,-0.12171855092272649,0.32778867765864633,-0.13662960778666544,0.18952267734022785,0.28130860311303996,-0.08088077030690434,-0.0036728728385559233,0.4993250508403071,0.4766240792678202,0.0355212441984812,0.18787116268099288,0.24911747526924152,0.8709323013063579,-0.0441026452499091,-0.13174814778665367,-0.09811569059733825,0.34665603492171954,0.23962718966113064,0.29697819009719434,0.0,-0.03975385966571607,-0.28426548658735484,0.21859320297879836,0.4148203331748393,0.36227899402548314,0.22832500581062692,0.16336396247733212,0.394042894884288,0.3078178046638813,0.4532123983509204,0.3159540936581325,0.40462096497273903,0.662026851829931,0.5117173305166219,0.7762830021466703,0.7160396615245848,0.4081926141992307,0.40535975886160097,0.8100898168136621,0.19977137919066912,0.4347488624231184,0.471178035201946,0.5056541092673109,0.42506962946226473,0.533865668398678,0.7416405692901881
0.6998585566128489,0.3911596331842198,0.38510501049925616,0.25304994882180964,0.22603390503599047,0.08364263760452849,0.37444358522581167,0.5953541245416262,0.10791538972009099,0.3446811897675058,-0.376574954209617,-0.5542678172648339,-0.5869282173397462,-0.38263858553264585,-0.40067601982281487,0.6772553119535768,0.6725631534737279,0.6469130274815,0.6268097093865833,0.024167073452556396,0.42817942483932003,0.5316182648802582,0.3488343092155228,-0.12861597500424757,0.3956380777235366,-0.3765726727427658,-0.17085640088941362,-0.6114735860777143,0.11500949761912033,-0.6514829366787559,0.04361584988248918,0.4210593256630765,0.4796180284556332,0.47885072322185973,-0.4257756845785517,0.02496943118877644,0.058014254489044015,-0.11637085918931357,-0.4702599835821612,-0.1439866521425397,-0.3516421540745953,0.18785953001254327,-0.786272360555985,-0.60792424832435,-0.3568266585560851,-0.5339186200532012,-0.6137613066384646,-0.4770484748606157,0.023835262731168406,-0.3749958879127845,-0.03521489791202006,0.27162975362299613,-0.1571386706497963,-0.7125824807580633,0.07773887294176648,-0.06229550527756057,-0.06476361951605226,0.27592875426310076,-0.42193575996079563,0.5428515203211894,0.5598586038582543,-0.4785344982580821,-0.3208437684752273,0.06902018723439425,0.08317723371910356,-0.3542144558173194,-0.4065211479738721,0.7547603530583414,0.5370615505743405,0.5763503698883247,0.15665277744445472,0.10194071722194267,-0.1582416423825526,-0.03975385966571607,0.0,0.5199072502547081,0.1654187683666921,-0.31625622680701915,-0.06712901899332513,0.08235758238602264,0.6365457164269156,0.28115358034882226,0.2664372356411619,-0.0800538997223552,-0.046682343843059436,-0.23644344455541733,0.4106753849067133,-0.19298767337142894,0.24098282379050298,-0.09165586946401842,-0.5398576169307828,-0.3777775896720085,0.08227097808940144,0.46732143143113514,-0.07758457298835236,-0.4755443884461172,-0.3304078429975846,-0.3063880601060152,0.1445991795789843,-0.17308683248182055
0.5383986603107134,-0.1439898514160801,0.05558285502299989,0.2960338606556634,-0.18063519202283682,-0.1713751526577107,-0.05588338207267998,0.26987747864436773,-0.23530372978611674,0.09309287969418875,-0.2835504368162656,-0.4162185600615081,-0.612085214266111,-0.6396255433969634,-0.6702153143395448,0.2750821217853608,0.0983265210608109,0.12874182228186662,0.09492207121090357,-0.495893649724708,-0.19073340760722615,-0.019159861844729575,-0.1941328621998263,-0.4093597136799354,0.7453319512269254,-0.15577646777603457,-0.5640532666508185,-0.7080345505152256,-0.3285933693725187,-0.78687087932675,-0.049663655291492,0.45330821794839793,0.17312963179639662,-0.055611548644933485,-0.6365928364285545,-0.3802431781860501,-0.37365357016756334,-0.3302140333576542,-0.5189092776215896,-0.46689497344526226,-0.5585106888454365,0.32692272120347876,-0.5572074689107483,-0.6425566846560158,-0.5738472524775422,-0.7813599892462634,-0.7552062289996235,-0.7451213714196171,-0.27537050329527785,-0.5818304225160709,0.10935614924636645,-0.07713383398157612,-0.43385274978692334,-0.30572361826992844,-0.1568922805937181,-0.20514910113295806,-0.15953783459141566,-0.13088728669565966,-0.09468986400882184,0.6649705582467486,0.6501026055026337,-0.42581215860352284,-0.554333812236749,-0.3725466850161757,-0.4132937813495765,-0.6221605506586854,-0.5833234138388385,0.27509653437332177,-9.27365556325284e-06,-0.03156862559708174,-0.4134104000018996,-0.4408270242063942,-0.6758107688669497,-0.28426548658735484,0.5199072502547081,0.0,-0.3115466628833091,-0.5341608941084337,-0.23487966117222117,0.046987770792133954,0.024728804110281027,-0.254968323685179,-0.22405467090730566,-0.5568803110090325,-0.6572987601430041,-0.6175616990649669,-0.16195656694718494,-0.5555229908682078,-0.31557618551727784,-0.4469100690372903,-0.5791052283904495,-0.05051180198692711,-0.09165708363603763,0.4421397905391862,-0.18870119004263153,-0.5784398137455844,-0.6669620536104246,-0.697502550829781,-0.15311155059516904,-0.47244328054736323
-0.29913374521667735,0.5648980251839693,0.7097448770822216,-0.6403953391078844,0.6212166821114719,0.820931022235272,0.22597894460671558,0.3380941609611446,0.8177533578437489,0.1083947788998388,0.5295214426763254,0.5028630493871222,0.5146896478540741,0.5870566489354755,0.6181872001124019,-0.23854272875822866,0.2925818671047816,0.015988665877468014,0.23602941452195825,0.47808424475992445,0.39409808967741844,0.07713450903469454,0.3376144465775308,0.6038507539575004,-0.46363554504169,0.25088181689839206,0.3705930782464411,0.5035995382314128,0.6608316565236187,0.4683320341727976,-0.21776540317809276,-0.5730617451071303,-0.3768112692262787,-0.12778657650329084,-0.177289185446569,0.5376755371725305,0.364340085557965,-0.009806442857525676,0.01091850893169525,0.16616732265629547,-0.1020881481185724,0.1797014756949636,-0.16316956801478907,0.19454254226464623,0.1327502800555355,0.16066778210534358,0.024888687308356885,0.1461623880237391,0.6616655276660649,0.2720951186268932,-0.27734940785896484,0.7475051400566912,0.3046472052122896,-0.18300593901470372,0.79593584931083,0.7715307574072233,0.3537415686073421,0.8033373037706554,-0.049209655839013614,-0.027573922220371937,0.0866513830859774,0.42122341507735905,0.7445834466381299,0.7344068802561335,0.6522699680858157,0.761243668085642,0.1538199378306862,0.12250958670506094,-0.01714502657048014,0.18721134743591322,0.8421225909650724,0.2896356737073583,0.6580059039006255,0.21859320297879836,0.1654187683666921,-0.3115466628833091,0.0,0.6186721355458276,-0.35094402950088704,-0.39005181556956986,0.11092407818870595,-0.06833992447401323,-0.0028594566408007317,0.09625797938747517,0.5101715886994445,0.034244738563311304,0.5167186131438468,0.4610853633541295,0.447399895095972,0.14432371653655368,0.1153726541621258,-0.24103001392479673,0.1348994899872646,-0.3427858716682961,-0.16323447386793957,0.21787886516392838,0.3141990400735592,0.370060761376138,0.6677777483866951,0.3485623630342937
-0.5734295022774243,0.11772572149921616,0.15824853249266263,-0.5969355726462475,0.1911250440498307,0.49928704729481316,0.03364158698139853,-0.32205956185938245,0.45456311949355543,0.16122882556974177,0.67241256228762,0.6809400533184518,0.795746535014383,0.6006634919384355,0.7421351616202496,-0.48313104259304884,-0.25484889188916726,-0.4841247629263082,-0.31117633521851196,0.46666473617018156,0.08260701337419628,-0.22463697919976933,0.03726323379415784,0.6834547062224847,-0.5275568522127293,0.34140179772929585,0.631944386635414,0.8819426595509281,0.5861275824858885,0.8520877760243901,-0.2344369801308126,-0.6491604501926107,-0.3781976990520663,-0.3188389700669098,0.268835416484023,0.5409300185960758,0.46313106917258834,0.3592346078899884,0.5445435588803317,0.4309494481824496,0.3940807163933951,0.11148145521266138,0.4390543930399926,0.6958742091545448,0.5931175843994522,0.6593780751225318,0.6028015299727898,0.5403465241526718,0.5463361845006309,0.6482867458012936,-0.41477635831870774,0.2582583437489352,0.3457137530847828,0.1653557173144488,0.42250362075995274,0.5442216988145977,0.02944437078682215,0.344265936750917,0.32836207322846855,-0.26732593129995,-0.2105707961516493,0.7007862197176528,0.7801712009056159,0.4225905051304974,0.4182586989347973,0.7982805816628623,0.5748106066058812,-0.3967019603343309,-0.34100082839355444,-0.27895924446624376,0.5472646499855023,0.30267080232137117,0.5985261393917009,0.4148203331748393,-0.31625622680701915,-0.5341608941084337,0.6186721355458276,0.0,0.03139620505151804,-0.4229091893500874,-0.06774053418563182,0.06718887004387271,0.1554403067758356,0.4452459466628361,0.6778317959481476,0.45023457220536817,0.4608673423624317,0.8157044654594306,0.5048478268452006,0.5517063090871173,0.593498042356282,0.11402709785357998,0.3980824215924274,-0.2201626246001656,0.3243676269427246,0.7194743567520389,0.7425657276458055,0.7484444726172805,0.5217327374416836,0.688868404706521
0.07367092306252111,-0.23947658407668276,-0.7016805811824829,0.2703647237401159,-0.45970843016855445,-0.5816682889264978,0.061200997821587555,-0.6116202043271781,-0.5713182362388182,0.3004842585002948,-0.13660498790438433,-0.17107435099199317,-0.02601761590553567,-0.12580038188282586,-0.018014106683989766,0.2774986918190852,-0.0629018107095491,-0.0048007480410855235,-0.10551007519014194,0.13394902489200877,0.016443862841962382,0.16707344126556153,-0.09816818422138412,0.1493579130466179,0.03461779859476083,-0.1152697783810859,0.31474476812980023,0.23793164199730385,0.04233015965984527,0.19437755204403828,0.39651175308271835,0.4061899569196389,0.46879605609071984,0.3848064184001705,0.6137255843207238,0.023553995984064,0.33333318111475024,0.6428794507301727,0.6160584721662714,0.39810261668064717,0.6017192492114997,-0.01983840518445366,0.42655009299984037,0.5130331584731567,0.5484546911474609,0.4777240674341292,0.5307476329276656,0.3283666450096516,-0.2706808020415322,0.33743074599453426,-0.04203552699465964,-0.5202228770305947,0.28758549485480084,0.12905173555745078,-0.627192810829476,-0.5214631438113393,-0.3756338490508908,-0.5112156929030196,0.3187759830495884,-0.33398894785366906,-0.35737046411909335,0.02808817693986882,-0.18483913434297097,-0.33214571763760675,-0.07383638423203533,-0.1891107192772519,0.49921912939143503,0.0031869466636440394,0.2773401918571486,0.032954991103509246,-0.24469122751475625,0.49319395485446504,0.05853519717656011,0.36227899402548314,-0.06712901899332513,-0.23487966117222117,-0.35094402950088704,0.03139620505151804,0.0,0.49856751441042596,0.4163479869198596,0.6672219811107166,0.6374000963532281,0.7277250525995488,0.3844522505328484,0.6417921406088749,0.29975698720724697,0.34217044964065496,0.27501920749731323,0.6019830295131019,0.44214618375532005,0.3270021660986372,0.4696528731139774,0.6054252939893017,0.7595698941980155,0.43558514428088346,0.4500320107869243,0.41615229890891636,-0.304315442648946,0.33935804341263887
0.21366835803929735,-0.20912727251596744,-0.5159260796508682,0.11920875252023544,-0.4670124061340751,-0.5056859986994482,0.0577052523337341,-0.2171446441669634,-0.4306214601038944,-0.17268812365342534,-0.067084071565257,-0.01412946182656337,-0.16387729711727492,0.013037090178052374,-0.19396693794342196,0.2066727483306461,0.17538379509037275,0.15165106443408655,0.2699525331716606,-0.07215131218694729,-0.09898505092217327,-0.08894141073066673,-0.3060443357563646,-0.13270626992955672,0.3084485622707981,0.21398013241315847,-0.5050502521599856,-0.0960955981383071,-0.11513412521681653,-0.20223344540569452,0.7420369584127569,0.7428074643457603,0.09273472013224421,0.14956617142367498,0.0010797004664060128,-0.29434225091873895,-0.06311835800373868,0.31240051252754786,0.2869751733076731,0.019126723230657575,-0.09644633041103039,0.1786473635011706,0.03639906424895407,0.0974806604753299,-0.23611755472259338,-0.3057863696008135,-0.15927533401897176,-0.32021260269648943,-0.36197836406196154,-0.14016405581882133,0.6317718493978732,-0.1637885145927211,0.49276548263798653,0.2491864416803622,-0.591006520621988,-0.2848817708136511,0.18376048102635587,-0.30477041619734446,0.3261867835051274,-0.3791527164584181,-0.19444719010816316,-0.03978732105884161,-0.190437820721702,-0.1141664980613286,0.06513837471884679,-0.3043852360653309,0.22482291404028584,0.3343467560606935,0.33548354878373204,0.14891464216519465,-0.2098279746955143,0.16554599272394804,-0.11499015803663484,0.22832500581062692,0.08235758238602264,0.046987770792133954,-0.39005181556956986,-0.4229091893500874,0.49856751441042596,0.0,-0.021517681553223464,0.10024911382256375,-0.03853459062585176,0.12091027412915836,-0.19499725969835807,0.031009061200376553,0.0033523226479924037,-0.24385924855886934,-0.02532238566711759,0.06672848506326494,0.19625450047345014,0.49729880022038847,0.3633270452516881,0.20514069838379828,0.09299734105383171,0.032321863247376195,-0.10418802961287961,-0.14829926519729708,-0.17208363874902396,-0.011751361731228836
0.508921525232376,0.3771986188064938,0.07611124906828971,0.37439663228586195,0.17034167354096094,-0.11160573278942995,0.42316798157035207,0.2129230436745163,-0.07396543153808231,0.5971933973566411,-0.44855052727164896,-0.6195875312976259,-0.3994787141482916,-0.26823560616518083,-0.13520283530215432,0.7619805834829784,0.5932966165220467,0.6235735802717356,0.48043114539363385,0.2856482711169811,0.5912350772725974,0.7709126043088325,0.5380086454807977,0.11281978950285936,0.049295402489129544,-0.5413377895669846,0.4209776055188514,-0.24562298537027658,0.2290071759679664,-0.21047630424599326,0.09041813596799722,0.2988369169533468,0.7701660553413953,0.7817256604842201,0.2504883147615862,0.22368071419636046,0.38843703583010936,0.29159397260835357,-0.0337332605797675,0.2721638901498884,0.28679661176056837,-0.05765719091557365,-0.32921972114823855,-0.13579056988676821,0.27492959722792104,0.1714818849601812,0.06447556232183613,0.14213953247041317,0.0024055756073816255,0.04076974662083441,-0.31121928784977904,-0.015918621646304195,-0.020327356626322235,-0.6190961608017431,-0.10013572932118796,-0.3109659383022308,-0.34010381924452204,0.06197116899091525,-0.351609678521751,0.2342229874208851,0.13502386079578754,-0.3595617802161593,-0.2330215197154946,0.03552692462100479,0.16061980099867318,-0.18880174051871387,-0.011749739523396977,0.5796867497161704,0.6698818354903412,0.6137590126597933,0.18769611079517046,0.5575134790028308,0.16788377635202645,0.16336396247733212,0.6365457164269156,0.024728804110281027,0.11092407818870595,-0.06774053418563182,0.4163479869198596,-0.021517681553223464,0.0,0.7484599570819928,0.7738221339327297,0.5197770568718723,0.5024422478027802,0.3994032735509281,0.5313427328000652,0.2881193881043706,0.4269445784601975,0.37189406449267454,-0.16125970476157342,-0.42764580005983716,0.14902148816216754,0.5822746403137922,0.4254195764700645,-0.03923275262915013,0.21927183131084338,0.26421949742699063,-0.03693787301029905,0.1286254313361606
0.3622539873220288,0.135719752018673,-0.26375624820542215,0.3884049995573735,-0.09127558624635644,-0.2954042263680407,0.39325421613288236,-0.170550721709486,-0.24086838372862068,0.5582063687628231,-0.29210632694947114,-0.4261043380072188,-0.1440710850717042,-0.1896984145965707,-0.05558827023806106,0.646939734039371,0.26860145251643236,0.363817943869375,0.18583911434580644,0.4330484722434168,0.3821155143806038,0.5331484038857143,0.3013787123474453,0.12570349691860047,-0.0815663590472208,-0.4583976904327072,0.5500689281777406,0.05747444100906458,0.26411148401974205,0.05189541157534958,0.18294494245369713,0.2676201292809762,0.7791115526535155,0.714625299486662,0.5805314318167243,0.333641924274295,0.5565371245256459,0.5814440862382332,0.3836497145697802,0.5050945583974722,0.6611546785356707,-0.16923394622477175,0.014224414502258271,0.22734702304790058,0.571723479610566,0.5039340932433164,0.46054176491328414,0.4194063915389391,0.028838568475425087,0.3977199095410502,-0.3066660942508397,-0.2702826748302117,0.14320313228063117,-0.3829738917172878,-0.36421403555007287,-0.39104475457325233,-0.42804694013007705,-0.1566775122044513,-0.14801751182393869,-0.018421470957405844,-0.11055247882838785,-0.14132320208229676,-0.14308273371848393,-0.13648808119287792,0.06671699154585072,-0.16231499979460526,0.3877403774338107,0.32966961282670243,0.5295732647862889,0.4176598941227108,0.07510536796040665,0.5743278169121826,0.1937069675055517,0.394042894884288,0.28115358034882226,-0.254968323685179,-0.06833992447401323,0.06718887004387271,0.6672219811107166,0.10024911382256375,0.7484599570819928,0.0,0.8436688241789877,0.7432953957006749,0.5588547320941156,0.6624761823314281,0.5812573989745821,0.4523819001055102,0.5618746349479067,0.6434283553657134,0.14487374081967502,-0.14836334607059856,0.34508731812762816,0.5324837903709058,0.6381159755253333,0.24162995236397614,0.461330767421103,0.47981642292183635,-0.05745332013323421,0.4103486648479018
0.29039570802832054,0.1841662675680498,-0.18641374620982537,0.3567671715201892,-0.006140739147139649,-0.21462131483253571,0.345802990870689,-0.1660507820269157,-0.19478458667010307,0.5550546084749729,-0.3073173980241179,-0.4459592882675046,-0.17234318025025674,-0.23152638595555672,-0.031944401031609324,0.5701145154086267,0.2429210400130871,0.3094068333901832,0.10967079596959864,0.3750615184186936,0.37428675776152337,0.5742843501530549,0.3478911687373336,0.18462058241448698,-0.127004368479202,-0.4541686882532084,0.6548792370289725,0.07718747049284752,0.25899149286837114,0.08899663544557031,0.08487156033694827,0.14877806309311778,0.7419461554433657,0.6600337140406576,0.5705667515297934,0.329284742071504,0.5387309217165656,0.4906169495689231,0.29471678669363843,0.4314931223902642,0.6375127370640914,-0.1120362078607564,0.057742858551338254,0.2627106676947477,0.6408978739471441,0.5552739898081402,0.45780454538051535,0.44964035036427485,0.03416405625244766,0.3721198940116611,-0.39224623904645045,-0.2442251772086403,0.05102729428129177,-0.3772869171568849,-0.2353039004904934,-0.35346467482366806,-0.4755248187130157,-0.12610179143240166,-0.17316386609634585,0.005025637376828524,-0.10017246918461567,-0.17450720911680134,-0.14824023852132837,-0.13595303184796034,0.02330374543444997,-0.12071580245589189,0.28676160639033166,0.24155765360779086,0.4473205939580692,0.35017432005542753,0.06719355484168638,0.5898069460047829,0.19815854662274585,0.3078178046638813,0.2664372356411619,-0.22405467090730566,-0.0028594566408007317,0.1554403067758356,0.6374000963532281,-0.03853459062585176,0.7738221339327297,0.8436688241789877,0.0,0.7394311141687344,0.6346749100247479,0.6603821535545341,0.5527269229479397,0.5179745229112848,0.5012173079139579,0.6015871016975005,0.11298979568954053,-0.2728174054672826,0.21901169231143153,0.5836022488119805,0.7102465934863907,0.27014583499323264,0.489381836616716,0.5024186685318625,-0.07688938636786542,0.35906630942017914
-0.12487792904648264,0.05632711718025448,-0.3615323837311259,0.025749266495067317,-0.0989664084534897,-0.1963228383356897,0.1827460911735242,-0.46873319606440617,-0.17069981332293582,0.39678341678252893,0.040131191886369544,0.005280136393413812,0.24979253392813505,0.19350428502338465,0.35482927504168904,0.19099509364065534,0.04600910170539864,0.02704068930736685,-0.025408789534504952,0.45273624119930267,0.28910204169464143,0.3002892373900303,0.19488710765108105,0.4328178761684466,-0.36286785419588247,-0.12200409830160378,0.6809912014242842,0.5256015624993171,0.35904269397765237,0.5315017866119057,0.21394011506117758,-0.0025462291325676545,0.3817549677245691,0.4220865790193871,0.7177231825330694,0.3512448430882503,0.5680833512964109,0.6615414564544561,0.6478986328991049,0.5704707124056864,0.7384686032248944,-0.11458524697653082,0.4242747780777056,0.6492267151127357,0.7607607105025613,0.7695135508886095,0.7399626084893846,0.6226895602150528,0.06920710521306485,0.5701842589720902,-0.2953960205495737,-0.22905715228011553,0.3718464562639415,0.00892525402593223,-0.2294085268754267,-0.2062943056763174,-0.29735708082573503,-0.14887451914236016,0.1806712995837332,-0.39598924118597123,-0.4293881235381849,0.20822114822404578,0.19821012250305173,0.048082579986529934,0.2438976298630151,0.23742495718053153,0.6153114702452062,-0.005021463487292235,0.2916882107225723,0.15298190129177244,0.19074386630770152,0.6935501520916568,0.4652098555201183,0.4532123983509204,-0.0800538997223552,-0.5568803110090325,0.09625797938747517,0.4452459466628361,0.7277250525995488,0.12091027412915836,0.5197770568718723,0.7432953957006749,0.7394311141687344,0.0,0.77233660134768,0.824950213134227,0.5296298036259235,0.6909374416284902,0.5206122373494964,0.7569668099722023,0.5268634875074584,0.07421424376649668,0.43598299546695857,0.3700055219456985,0.737036665434384,0.597680931905377,0.7300663111705417,0.747601308473329,-0.03342522180159999,0.5594817774871478
-0.306757547834908,0.36714173166686986,0.09164607311502468,-0.20204597295880028,0.3291022961809051,0.22866305205967044,0.20166630689993992,-0.1562220615784691,0.2493031298157783,0.35265678517689214,0.13158452801073253,0.1285427350431174,0.4045939760817646,0.44215504902839703,0.629600648753551,0.03847216569243486,0.20858902779756244,0.0969347337315282,0.09421839434602326,0.5277287258093252,0.5035589732857765,0.4286292636207428,0.48677277229662363,0.6229289061477716,-0.6144550069420395,-0.07238283436393228,0.8223173137028131,0.5982302287263197,0.5064572984970511,0.6745528894550731,-0.024316324806189133,-0.38196643795651064,0.158352258534351,0.35148052370837224,0.6077162981553641,0.47446798462703677,0.5442493176324735,0.4158469019842486,0.4134091794661676,0.5157004823382686,0.5817917890811075,-0.14671183036459792,0.35222922280412494,0.564011957208597,0.7122242264737815,0.7928907808506532,0.6787595473367282,0.704339858808016,0.29773711286132215,0.5167774142810361,-0.4356444195755538,0.13823388531963382,0.3149033282977785,-0.06983102312449743,0.2632161439410597,0.12453594777929726,-0.09125034037549018,0.23461168055172058,-0.008637790746734816,-0.3496639549679185,-0.3864349749711804,0.2821197112200063,0.46954699369313985,0.41594969497271245,0.48825719287844066,0.5856393565151744,0.44528119496864893,-0.024358713499755304,0.24108123239067808,0.24105024889212312,0.5336988837721973,0.7281454687507942,0.7276611069064558,0.3159540936581325,-0.046682343843059436,-0.6572987601430041,0.5101715886994445,0.6778317959481476,0.3844522505328484,-0.19499725969835807,0.5024422478027802,0.5588547320941156,0.6346749100247479,0.77233660134768,0.0,0.6997734143505202,0.450242761440414,0.7339972962214703,0.44559826942885716,0.5592182689392418,0.39169970080459826,-0.2717167709608066,0.1317625752055294,0.0396499638622712,0.4628101940031224,0.5164950032638653,0.7119714629771693,0.7724307342949365,0.11928703908057012,0.4513874785759591
-0.20411809087681443,-0.009500288352072027,-0.38711356660790974,0.07890915824969572,-0.10156000649103686,-0.2086470332946006,0.1340385461772321,-0.49498892491076835,-0.17927237703157733,0.3439621838765809,0.016948656827435227,0.012496806720154413,0.3163783726847478,0.2289074035650918,0.3919038840070615,0.11951413826846805,-0.08364796917164659,-0.04827707487399804,-0.13834938659911675,0.4267188403321184,0.23104176464721618,0.23884622392882368,0.20231370613659125,0.3809228600849213,-0.4134831217096838,-0.15187141975611498,0.7119693993131516,0.5287399887460552,0.2603350724855231,0.5913499905324866,0.112830558717544,-0.09473065907699664,0.33526969802736434,0.35440033513725905,0.8027765054283132,0.3305603137072735,0.487991426237116,0.6292215667686843,0.663303706341573,0.611385262814596,0.8079880948115976,-0.22029559528130174,0.5419934698944087,0.6368095669687971,0.7891455023201266,0.8540597504421442,0.8469288983391776,0.7455054831664111,0.05910602358901407,0.5993140361502693,-0.30881955254878407,-0.29300168575753194,0.29584101124222617,0.08089587835889163,-0.2381804134086104,-0.22738125395777475,-0.3099506389748863,-0.21032014174674885,0.1524521768604803,-0.41668496055764126,-0.4922734153365567,0.24742211006631298,0.2155179390440035,0.018258227607818665,0.17766417550586613,0.2665494960144353,0.6216187616931937,-0.1648720999973704,0.1753617731605093,0.05559347357021537,0.13266645858788417,0.5953659124224949,0.440020882028384,0.40462096497273903,-0.23644344455541733,-0.6175616990649669,0.034244738563311304,0.45023457220536817,0.6417921406088749,0.031009061200376553,0.3994032735509281,0.6624761823314281,0.6603821535545341,0.824950213134227,0.6997734143505202,0.0,0.3618775771631142,0.7286740614124642,0.4547031530720481,0.7852740717401054,0.5843617290641769,0.041123585298243615,0.344081960355975,0.23218260042541106,0.7323233170074844,0.6498196497108346,0.8174816463562548,0.8305661811119022,-0.11082621301540038,0.5698779790009917
0.2613252549277314,0.3450333593553253,0.26324672521411924,-0.22342988748086853,0.13202317983710946,0.4034107583649586,0.546837258482905,0.019132418416068896,0.4101447190483227,0.5081937931215483,0.4040514865942393,0.18341399608159778,0.24198669038379397,0.017230606023579852,0.10296282220147594,0.31155808934346024,0.21617331284226912,0.057399522016111995,0.10831705054254566,0.7160426725563195,0.23909164105834235,0.11442586114290486,0.033786581916931756,0.39988869772422303,-0.1329512935520157,-0.028210364850474904,0.5010673826417212,0.42146295133681144,0.8211202440221163,0.16737086367288817,0.006447298435445776,-0.10448711521548502,0.32884547360667143,0.23719733694799125,0.03285252661961159,0.775874728328873,0.8573294934387886,0.5062813548052562,0.37590214209921335,0.4161730876694274,0.37140294800791923,0.2321991943633943,-0.3003083576828179,0.3517072616835816,0.4858594424099649,0.287946942233006,0.1639276222525493,0.12298070968771799,0.6743519350664579,0.6450919026223674,-0.4125429390063237,0.3055297510950644,0.34621615113914683,-0.49760396832370474,0.17962843384891353,0.39763091868314443,-0.13741895533377557,0.4760460818808741,-0.014788688783110264,0.21474095354246964,0.27184479409318013,0.241445268034304,0.35701073164079244,0.15862532682428404,0.29568239160944243,0.18888035294586236,0.517402694385415,0.36855804656337754,0.20362599717346544,0.27412155992291815,0.5467606954976413,0.38379098700110764,0.31241201013985775,0.662026851829931,0.4106753849067133,-0.16195656694718494,0.5167186131438468,0.4608673423624317,0.29975698720724697,0.0033523226479924037,0.5313427328000652,0.5812573989745821,0.5527269229479397,0.5296298036259235,0.450242761440414,0.3618775771631142,0.0,0.4795265843268345,0.7652811637972204,0.5324950795168344,0.13495754355634532,0.018414833003073425,0.5308859356241152,0.2925821043257363,0.38479314824188576,0.27216112518547136,0.3515845828425934,0.3363153325406278,0.5356907421704744,0.5993545151981997
-0.34839614876950004,0.12399884140804643,0.002287758167903382,-0.3056228212542162,0.11305103690952217,0.28838595743187195,0.18411621975022563,-0.3923511189158062,0.26282963476146304,0.38280303699202406,0.42692429516907826,0.373057639741945,0.6020082241332064,0.3693006042131237,0.5691517612885503,-0.15120990955644792,-0.17776899176425995,-0.3122639728497574,-0.2777545597112665,0.5839384893904265,0.17875058190071386,0.015065420748766148,0.13292869869559984,0.6159298715469699,-0.49229789095441806,0.06118947250175658,0.834473549346376,0.7862329218590952,0.5822761204641165,0.7608687680037851,-0.17345216244854075,-0.48716140060014135,0.037594212255081666,0.018430486317656647,0.5213215132908741,0.6284632720159502,0.6533032180185216,0.5447561383361443,0.6267702862372327,0.5788577494451302,0.6807891644281668,0.0025669540234913167,0.42145724550834684,0.7128407935303834,0.8238752845587836,0.8329613684370386,0.7571511989384017,0.6866391071922585,0.48673029850996496,0.7725158950544324,-0.5248819104514193,0.04761316984920416,0.29564297040660625,-0.015606211730542791,0.1944670008186998,0.27320704577542065,-0.22504021499639426,0.18870078538602292,0.20254598680287417,-0.20677511424204045,-0.2251265721656391,0.5166924954249468,0.5693998493714653,0.23021000679170642,0.3043685891775859,0.5734630884949097,0.656602602812484,-0.269176159544271,-0.12318264622684504,-0.11450012007858838,0.44273940731267897,0.4737894738197671,0.5553239560096769,0.5117173305166219,-0.19298767337142894,-0.5555229908682078,0.4610853633541295,0.8157044654594306,0.34217044964065496,-0.24385924855886934,0.2881193881043706,0.4523819001055102,0.5179745229112848,0.6909374416284902,0.7339972962214703,0.7286740614124642,0.4795265843268345,0.0,0.6848759250581901,0.7718822794005493,0.5411798162035931,-0.0062352482298500605,0.43612024143644207,0.09803912684285124,0.6180682693542163,0.7104032242643751,0.8363453824989454,0.8436518217657375,0.38652540212667497,0.7696281173353263
0.25872520108120867,0.32442223975668605,0.23552926125103987,-0.11583512926618747,0.1373897528010108,0.4104033030501501,0.6681803962261907,0.009267142690179569,0.44551379079750353,0.5088936841463615,0.4003752441751599,0.1781745819103939,0.3343749148624267,0.0992500379934716,0.13932725219923417,0.33007010380646407,0.05753215896806086,-0.010148885399955563,-0.0019042650158810643,0.8408414077060652,0.17820648972053216,0.018715083158983053,0.05770074822248494,0.35428136713292996,-0.2029574026112414,-0.09965476265778697,0.5972318237484339,0.4573501745236098,0.7764700484463097,0.28037595933369275,-0.0732314472631276,-0.14855345583908464,0.35490294619759805,0.19380820180778474,0.1966712780555174,0.8607806525271084,0.8577431810679875,0.6324726928150141,0.5207968540009513,0.6332703162372837,0.5755792633521845,0.12762522910959342,-0.21136340187510583,0.37886442723908736,0.5907685507448911,0.468460323045985,0.3690661925851189,0.35370508575637655,0.7513832101851193,0.7952115997539436,-0.39704688664473864,0.2690833763311158,0.3768972139575888,-0.47098045056878485,0.12280050632580544,0.41064816168661844,-0.15996663967351676,0.45087445608853766,-0.07938655701269536,0.13821939862572172,0.15965480464998322,0.3026170348916261,0.4294602742730551,0.13882060508953753,0.24298582800090202,0.21814090304543296,0.6697874575141557,0.22303113529250826,0.07874336028133805,0.19625942121965886,0.5328024023214042,0.3035086271486285,0.33927577437597617,0.7762830021466703,0.24098282379050298,-0.31557618551727784,0.447399895095972,0.5048478268452006,0.27501920749731323,-0.02532238566711759,0.4269445784601975,0.5618746349479067,0.5012173079139579,0.5206122373494964,0.44559826942885716,0.4547031530720481,0.7652811637972204,0.6848759250581901,0.0,0.6620649368271788,0.18566563732162714,0.04885216805589362,0.6308275935320891,0.18432492921386828,0.38409431502514874,0.33374713317401383,0.47046968755075974,0.4244425160407999,0.6497474626146702,0.7287338922370311
-0.019958140017655043,-0.021126386570437423,-0.2808514549397034,-0.03497874749026381,-0.1804395340098504,-0.016420736974256896,0.35698699780866583,-0.48738775229265585,-0.005856642964063762,0.5021547824948899,0.3116982963166112,0.1865532251225931,0.4069532673934772,0.1558518181809213,0.27814641645694393,0.15061750791098397,-0.19215761066926954,-0.2295472265664114,-0.24317313765730633,0.615245217286562,0.07822252091770099,-0.024610859402575784,-0.02550941357460927,0.41945964055681123,-0.22425727622287786,-0.06703838712130389,0.6880287264284206,0.6205260113939547,0.5091376940785933,0.5423753822368038,0.037827887151323146,-0.07163613765112409,0.3332062430475853,0.17634862888615863,0.5735592592403017,0.5915159020502361,0.6962993348998363,0.8068350125892669,0.8084493891217378,0.7125016122448454,0.8127570731863399,0.0429741903954396,0.31481314980324865,0.667994704034098,0.7994900403707296,0.7595961688999623,0.7465965257170835,0.5983533459974649,0.3743730251796739,0.8082033135106969,-0.392307448193579,-0.1647150068277858,0.3901230166088573,-0.0986621449642592,-0.21267871852780737,0.029362332266026428,-0.35750621287621775,-0.028525631652751786,0.246944321062793,-0.16331668969878435,-0.18395688227157714,0.3919720926849143,0.3333468821609577,-0.04175026253637096,0.1358900350935204,0.2328095931545066,0.8057447357465989,-0.11206714989558056,0.005412356893826762,-0.05722481503759166,0.22969260448326115,0.4471500956981267,0.34910193846522936,0.7160396615245848,-0.09165586946401842,-0.4469100690372903,0.14432371653655368,0.5517063090871173,0.6019830295131019,0.06672848506326494,0.37189406449267454,0.6434283553657134,0.6015871016975005,0.7569668099722023,0.5592182689392418,0.7852740717401054,0.5324950795168344,0.7718822794005493,0.6620649368271788,0.0,0.5173784101708641,0.2610852205133982,0.7438922032782241,0.3642917182726097,0.7213925213258887,0.6298192602756789,0.7356345435457247,0.6882214782696747,0.3118368280329336,0.7984896857881894
-0.5896288445513301,-0.23781921175568435,-0.4309628324438393,-0.39178336589553775,-0.2466071181817662,-0.07152362820287858,-0.16165885436743943,-0.6934202698246914,-0.08091500342368368,-0.020380560905273334,0.527471112589284,0.6246384754686289,0.6774285482159151,0.526548801690214,0.5849739668091005,-0.4699237679966205,-0.38008792385407,-0.5096582334460079,-0.36466567731458094,0.2465715567580663,-0.13065625404024683,-0.33405446609198686,-0.24159708415149742,0.48958427796311926,-0.37509318054545665,0.4184435155203726,0.3505569586189225,0.837645658561225,0.27896724557153124,0.7978629803976132,0.19256910211069123,-0.23368403792309347,-0.3092235894527914,-0.2304563373226472,0.49163729567242703,0.19108859791408403,0.2909968748405436,0.5148759211914031,0.775032289205128,0.4004465316461552,0.47971910393499945,0.029483989206409985,0.7203986371325928,0.8420910417577486,0.5417088663399574,0.6324725667002054,0.7031547998978682,0.4849206183296043,0.09863565273258412,0.5524790575890756,-0.07635263800301695,-0.15611260487312284,0.5067655909533955,0.5356576143729387,-0.12298467395082624,0.10993729204140029,0.015627589450797317,-0.14965030558042164,0.5980035952066152,-0.6056490223163368,-0.529958587752928,0.6215378827816936,0.5023242191438387,0.12690186900400804,0.2541246409997421,0.5125114518745315,0.7033160666122739,-0.4450937692995846,-0.222142948382275,-0.34289492048343767,0.14376389110709137,0.3443164679046866,0.43541433443132826,0.4081926141992307,-0.5398576169307828,-0.5791052283904495,0.1153726541621258,0.593498042356282,0.44214618375532005,0.19625450047345014,-0.16125970476157342,0.14487374081967502,0.11298979568954053,0.5268634875074584,0.39169970080459826,0.5843617290641769,0.13495754355634532,0.5411798162035931,0.18566563732162714,0.5173784101708641,0.0,0.6461495302865357,0.5571484248263261,-0.06256968343673001,0.5157736203958291,0.8545124492219716,0.7196187979818185,0.7041794764750632,0.04044550749361289,0.6113268325160855
-0.2523341782702474,-0.4922604669716993,-0.5626263672738911,-0.26233900457663806,-0.5738850420320265,-0.24853262992560599,-0.17025125956359835,-0.6463935207980468,-0.2767431427255217,-0.12924592918680627,0.553808643768808,0.5855596599689366,0.406372404682358,0.18158524605023108,0.08372213029777444,-0.4006424991871735,-0.5189161511434769,-0.60606318247115,-0.4305376691057765,-0.028180537369974928,-0.5282877024647289,-0.7050631633753472,-0.6926611161989092,0.13266130929933245,0.2032915964056086,0.5164703864940181,-0.2642810819672174,0.4603059770313123,0.04609042188427687,0.29172034586815326,0.33814810544189594,0.1971414861319204,-0.34482691224887646,-0.473220213980131,0.020051078900863557,-0.053997550671921725,0.03081807855863767,0.4275222646828642,0.6532006631137127,0.15193926521848836,0.11733853093782477,0.297712998541952,0.4107575803484058,0.5180733637607855,0.07630661441870369,0.03275076486179668,0.20255938591589487,-0.09210960125267982,-0.04166992943290519,0.28368632380500197,0.24487428809501177,-0.22647302930526048,0.4505795772352151,0.5381065443140466,-0.4049630957372812,0.056764935379734545,0.058642655016238054,-0.290771561741729,0.729958631297988,-0.30487809691300954,-0.17535380681694446,0.4901408358644712,0.19961740193759217,-0.21121073112793537,-0.07475964567769064,0.044399064565026035,0.5491747077278601,-0.3408029504156609,-0.36510295444775553,-0.5056985522557986,-0.2068282619574932,-0.11204302859576164,-0.09330218765585532,0.40535975886160097,-0.3777775896720085,-0.05051180198692711,-0.24103001392479673,0.11402709785357998,0.3270021660986372,0.49729880022038847,-0.42764580005983716,-0.14836334607059856,-0.2728174054672826,0.07421424376649668,-0.2717167709608066,0.041123585298243615,0.018414833003073425,-0.0062352482298500605,0.04885216805589362,0.2610852205133982,0.6461495302865357,0.0,0.625134261272076,0.1075944316789016,0.2170632690010614,0.3734518959070207,0.11435886213177279,0.034952126287775734,0.05300713159922527,0.3137128469478672
0.09376119348502464,-0.17883255727030567,-0.298217657800897,-0.2189277610342089,-0.36893412522027014,-0.002588813728404324,0.31467490936684606,-0.4793042605400444,-0.009944425341884486,0.4176448782134591,0.5522257852736239,0.4055504422303677,0.4037432844731694,0.1464686322579817,0.15455769908798536,0.04390079889947803,-0.24275718039426453,-0.37998949791217557,-0.20120497881104743,0.47669226492282546,-0.11198693970985062,-0.3729686777532549,-0.3542399581388832,0.38906228145100485,0.15768820976862,0.2056254657215085,0.22284839962566302,0.5413141511903853,0.5323117867498438,0.34797234342640726,0.16207163753190487,0.1745376185491438,0.08937482403421622,-0.13182834827499484,0.09304275651238385,0.4685081602024625,0.5487140451620797,0.7843233063245985,0.7914516816045657,0.5498479679820251,0.42621716911788743,0.3781444960357128,0.09586156943855281,0.5218397245745474,0.4076043553915697,0.27007475212586657,0.3489318249948759,0.11059067501851864,0.37250067486701255,0.6325597900881317,-0.15186444529134718,-0.046940962005863604,0.5065373156428031,-0.06496425916187619,-0.28755851072630306,0.18890320260908816,-0.21236726013653384,0.012386709612685603,0.4944811017446116,-0.001987041987715094,0.10355030362062191,0.5045019659693285,0.3733728102326451,-0.031439438037992894,0.15264648882615434,0.15776491277158142,0.7804395778332445,-0.005213115593537779,-0.11861689996859928,-0.2060404133816861,0.2065451332639888,0.19773103944558848,0.1264479322184888,0.8100898168136621,0.08227097808940144,-0.09165708363603763,0.1348994899872646,0.3980824215924274,0.4696528731139774,0.3633270452516881,0.14902148816216754,0.34508731812762816,0.21901169231143153,0.43598299546695857,0.1317625752055294,0.344081960355975,0.5308859356241152,0.43612024143644207,0.6308275935320891,0.7438922032782241,0.5571484248263261,0.625134261272076,0.0,0.35786786130709985,0.43131813053609025,0.4044515313423805,0.35554044494948095,0.28545666528903235,0.39706807687113044,0.623008583551871
0.48658922475395805,-0.23469399906654095,-0.46477205448138686,0.38158892164211156,-0.45013126768771144,-0.5206613731138262,0.08913062927054513,-0.3370303099106557,-0.575039996703771,0.5506752381598778,-0.2816343943862362,-0.46863100177275074,-0.446041841605249,-0.587477840389004,-0.4288960061207694,0.49709843657603786,0.07621914949614166,0.07736414740872921,-0.01378775497477283,-0.1184031454806545,0.012362926888806473,0.24710052717696115,-0.11283448262133602,-0.011584069563733364,0.5209844403843674,-0.29577083695877493,0.08792578280087493,-0.21942412504116465,-0.028594762302876213,-0.3231146586379083,0.18177741087954238,0.5638753639920766,0.6230520642499154,0.34539133288482066,0.06401147192971561,-0.08847131266489168,0.1886574832339952,0.3945838743728772,0.17415825868769622,0.08555375937723625,0.19997323776282214,0.25541845867243784,-0.11111285148033602,0.020700143022625205,0.20698531490813143,-0.03715895799073047,-0.0272872419840773,-0.17915124043009747,-0.29737649936860355,-0.014276307502645424,-0.2055104252188378,-0.4651822353752297,-0.1085125299535166,-0.30861708796320153,-0.5498244227935832,-0.5418168779721865,-0.5995088351889293,-0.43895003266825733,0.1539222620898455,0.3501827638554,0.2835377750324773,-0.2614531148031796,-0.47875696510569227,-0.49039396711149247,-0.30081270720492437,-0.5175619367271849,0.05444777476101749,0.23534412536462065,0.2575246663158722,0.025630352612121633,-0.3738640938691258,0.22677107592629914,-0.3560838571770711,0.19977137919066912,0.46732143143113514,0.4421397905391862,-0.3427858716682961,-0.2201626246001656,0.6054252939893017,0.20514069838379828,0.5822746403137922,0.5324837903709058,0.5836022488119805,0.3700055219456985,0.0396499638622712,0.23218260042541106,0.2925821043257363,0.09803912684285124,0.18432492921386828,0.3642917182726097,-0.06256968343673001,0.1075944316789016,0.35786786130709985,0.0,0.5691919469546581,0.05389287444990752,0.06155364883609476,0.024428880811749838,-0.1895562596831179,0.1186051665027957
0.0032854717977388796,-0.24832490781596156,-0.5538551574943165,0.14884390315840726,-0.39260407784818435,-0.3688592085807554,0.07152660580200146,-0.6761036260468344,-0.4091756378460128,0.44830031352219546,0.033966753569423185,-0.06261365700837399,0.1107603576812735,-0.17173422301499736,0.053536636381391896,0.15806397906597686,-0.24038885848728328,-0.24939300011686613,-0.3434608148138774,0.22895411700482776,-0.0387543781184791,0.07284925474276048,-0.12337363261737404,0.2748364621730829,-0.031213628883399992,-0.11147973934012356,0.561843027208759,0.41481198155268356,0.20840039150956252,0.3368878807980338,0.11489381872040635,0.11420464674053439,0.43193691963601477,0.2097011921632898,0.5670603560879356,0.24075875164256036,0.4982597939156759,0.6494909902178442,0.6342167857204305,0.4317965155972416,0.693476989969192,0.08909580551080917,0.4192954524186734,0.6206073354182873,0.7581885614534078,0.6215338185521659,0.6217362844443094,0.4236489260627835,-0.036675272407009005,0.5393654928664068,-0.3392450844094614,-0.48612166096586884,0.14377066434750813,0.01407659651903516,-0.4359556084803761,-0.339754900780767,-0.5693572879325809,-0.39562708307863376,0.31403714494590096,-0.12815674517439388,-0.17778873031722855,0.16045025766371088,-0.034549556601654055,-0.3433153588305636,-0.14134937773801978,-0.0553617929090611,0.5398153817513903,-0.1702538012190251,0.024934102924807026,-0.17532490628414513,-0.16370702744397675,0.4234735666190454,0.05044675357986467,0.4347488624231184,-0.07758457298835236,-0.18870119004263153,-0.16323447386793957,0.3243676269427246,0.7595698941980155,0.09299734105383171,0.4254195764700645,0.6381159755253333,0.7102465934863907,0.737036665434384,0.4628101940031224,0.7323233170074844,0.38479314824188576,0.6180682693542163,0.38409431502514874,0.7213925213258887,0.5157736203958291,0.2170632690010614,0.43131813053609025,0.5691919469546581,0.0,0.5202917599457111,0.5415198174372663,0.5092459247324688,-0.10609826646994285,0.49783841964211806
-0.5446146965490918,-0.16710903280544975,-0.3235093122203914,-0.3872636311868301,-0.17390272676824647,0.04987888188988496,-0.06536644808246214,-0.668641095354408,0.023761670375539525,0.11757264085305784,0.5326289236557255,0.5745218719791019,0.6768784358882872,0.4471901607018588,0.5740471872131238,-0.41124007045942773,-0.39969626621207793,-0.5377936497455497,-0.428731088553845,0.3660714936613289,-0.09367831098032128,-0.2855898350215143,-0.1886529917838345,0.5411710103331422,-0.4261521520037266,0.32033515894366427,0.5510110869027159,0.8825963533961356,0.39526335188040956,0.8217232413710733,0.04624074236390013,-0.3495600152004756,-0.206145884368559,-0.20968561987429377,0.511138340495677,0.3673772371908546,0.45044519298298874,0.5485911747132122,0.7698820793261018,0.46140926784522274,0.5890431269681018,0.04868759595599668,0.6700803558950152,0.8602825618123681,0.7009167558137328,0.7440513310601131,0.762794186703137,0.5693133391217323,0.24730982751348543,0.6908321195115114,-0.24754614206172149,-0.12725636302203605,0.4269980071064334,0.3768533975723641,-0.029122933894935556,0.17433111551034816,-0.11875187032018486,-0.06417318714198009,0.5079009382896116,-0.4744186974078026,-0.4312854798218539,0.6151520476866307,0.5324214031519834,0.11242364253018425,0.21347255106246915,0.5288665952589632,0.7226272290734429,-0.45274552093221077,-0.268737765817132,-0.35248134345024135,0.20912481510744324,0.3620924331836994,0.43710761032077305,0.471178035201946,-0.4755443884461172,-0.5784398137455844,0.21787886516392838,0.7194743567520389,0.43558514428088346,0.032321863247376195,-0.03923275262915013,0.24162995236397614,0.27014583499323264,0.597680931905377,0.5164950032638653,0.6498196497108346,0.27216112518547136,0.7104032242643751,0.33374713317401383,0.6298192602756789,0.8545124492219716,0.3734518959070207,0.4044515313423805,0.05389287444990752,0.5202917599457111,0.0,0.8367875409888481,0.811872329773546,0.19852421193036915,0.7551071556748317
-0.38908727205789256,0.056391155624592244,-0.16412479850434483,-0.22475065243580905,0.033106517640348485,0.1236339675621645,0.14423301466075525,-0.471823429398794,0.1295815123751148,0.2872259194813518,0.35933077805902114,0.3528876824545649,0.5987969419625482,0.43121928576800644,0.5885690766516337,-0.15103755647924974,-0.2169135867866486,-0.28702762113882235,-0.2730570958876748,0.5458962994676441,0.1479415792641785,0.00397693099904078,0.11924103183587516,0.5564743014606454,-0.5216170149800223,0.07173723749052369,0.7776030355056175,0.7838332189316984,0.4672398143645555,0.7996730814108084,-0.0373201919062742,-0.38371830671196955,0.04930421353838157,0.06828379082799034,0.6691351375793032,0.5250718200654466,0.5687273416455164,0.5948844957899548,0.7123959255137987,0.6240848142688286,0.7526355740392726,-0.0779944373814441,0.5566565634353858,0.7719525841377844,0.828437043285846,0.8855630174063996,0.8583721526673789,0.7589379991710431,0.34841163245936463,0.7521761295915421,-0.4028498793455241,-0.0593583225774531,0.3716673763540265,0.1339058204183238,0.04850724465948049,0.14175780201434318,-0.18365975175220126,0.04929182627859288,0.23850247524282936,-0.38883370613606516,-0.4192029727329013,0.49708621174415185,0.5257493396051939,0.19290550288827588,0.28767656749580606,0.5416996657378074,0.7124731546039096,-0.31671551738904546,-0.08232136834463484,-0.1120614405132621,0.35067180440465595,0.5064273171480096,0.5668477642544454,0.5056541092673109,-0.3304078429975846,-0.6669620536104246,0.3141990400735592,0.7425657276458055,0.4500320107869243,-0.10418802961287961,0.21927183131084338,0.461330767421103,0.489381836616716,0.7300663111705417,0.7119714629771693,0.8174816463562548,0.3515845828425934,0.8363453824989454,0.47046968755075974,0.7356345435457247,0.7196187979818185,0.11435886213177279,0.35554044494948095,0.06155364883609476,0.5415198174372663,0.8367875409888481,0.0,0.9147755485637278,0.23325266971286723,0.759412921802027
-0.43347579003596054,0.10505687353734147,-0.12695287354376675,-0.25028978730271656,0.10657649181882141,0.1432403411930729,0.10038839461440191,-0.42641565591461816,0.14936288961272168,0.28689050702898317,0.3247789259314275,0.3407104838594696,0.5964275838901074,0.48153634079301433,0.6521260723862878,-0.16018342178510706,-0.1275142964648837,-0.20990896140102408,-0.1894136101001137,0.5256177802972809,0.25440258919199027,0.1038712121361384,0.20751453337356612,0.5976705341413231,-0.5829347211054123,0.04790190768597555,0.7958771234042118,0.772242467694737,0.4732224735373746,0.8175638635010315,-0.053203828567389075,-0.4313241753529034,0.033338997255565085,0.13055283682965693,0.6732262382790862,0.4917047931544991,0.5418133622534252,0.5361079255719334,0.6509086263160493,0.5932153948661437,0.718804839621846,-0.14558719605849363,0.5606223904542529,0.7382396812083842,0.7963010308701801,0.8920285686502918,0.8530100433546792,0.7712626425363952,0.32242018609680223,0.6957435312949027,-0.42940376081838544,-0.03378069535778795,0.34998893582209545,0.12218684711717052,0.11540623061771806,0.12754749279222213,-0.15176431904611087,0.07734744123431221,0.213945139686447,-0.4101236852968756,-0.4467490944184784,0.4816214854681179,0.5340708780593724,0.2712396336305917,0.3709438829727646,0.5983789729457062,0.6525882026315318,-0.2784968224383957,-0.0027518106209382747,-0.035333627135451774,0.40335605423613163,0.5694843614498409,0.6352325932597394,0.42506962946226473,-0.3063880601060152,-0.697502550829781,0.370060761376138,0.7484444726172805,0.41615229890891636,-0.14829926519729708,0.26421949742699063,0.47981642292183635,0.5024186685318625,0.747601308473329,0.7724307342949365,0.8305661811119022,0.3363153325406278,0.8436518217657375,0.4244425160407999,0.6882214782696747,0.7041794764750632,0.034952126287775734,0.28545666528903235,0.024428880811749838,0.5092459247324688,0.811872329773546,0.9147755485637278,0.0,0.16028966814888146,0.6546135669833897
0.04701573267780773,0.4112001691991555,0.6397738785732512,-0.4442106413952896,0.38051053507785887,0.8070215495745533,0.5041195726164593,0.3142034331330217,0.8154602684394772,0.16404283852502433,0.6522887127878925,0.5002315624881617,0.47997812423078634,0.28966959090800615,0.22639107108873696,-0.07139238164257389,-0.02042889585113421,-0.1700289922869013,-0.03894079787999359,0.6543040760873214,-0.000840495671577843,-0.297909906910811,-0.03787781898660045,0.32101541966353886,-0.2038123911626688,0.18734595876959118,0.2630856279644621,0.41444859255097677,0.7127239649608799,0.23526858255470626,-0.2622096208775314,-0.41529010526245985,-0.18963329857279607,-0.2658178484159857,-0.26618481615953576,0.770823511802553,0.5486264065104721,0.1904622981064777,0.18210518659937622,0.3026211581318164,0.07454203789443496,0.2549266354880146,-0.35674496160656105,0.15979543185142134,0.1847940366790567,0.08886599694176421,-0.014730497280532722,0.061214468756178794,0.8861345012249622,0.5426366669594795,-0.2379297759419449,0.6513675067724759,0.30381361776569515,-0.31338071711947074,0.5550748153377293,0.8414153784316163,0.24354024346000228,0.7746613587370355,-0.08524114327209242,0.22962135890673682,0.3365241236311932,0.4202003535198638,0.6267717717638231,0.34885538452773934,0.2863986110953184,0.41320582838549935,0.3822622223473577,0.07769601307767497,-0.2567612775350199,0.02214351183243264,0.6538341978652635,-0.07903299341963059,0.3014949002124048,0.533865668398678,0.1445991795789843,-0.15311155059516904,0.6677777483866951,0.5217327374416836,-0.304315442648946,-0.17208363874902396,-0.03693787301029905,-0.05745332013323421,-0.07688938636786542,-0.03342522180159999,0.11928703908057012,-0.11082621301540038,0.5356907421704744,0.38652540212667497,0.6497474626146702,0.3118368280329336,0.04044550749361289,0.05300713159922527,0.39706807687113044,-0.1895562596831179,-0.10609826646994285,0.19852421193036915,0.23325266971286723,0.16028966814888146,0.0,0.5613056258297079
-0.13713678862881318,0.023102978783775128,-0.04908231199972833,-0.2938184491205533,-0.07413366048204652,0.2825470558223205,0.34651785608321906,-0.3881698536362414,0.2839810445853282,0.33431289479294884,0.5924837209079354,0.4859798742672159,0.625880950744677,0.2888282228674116,0.3628530869192622,-0.07992700703375545,-0.2936601506721543,-0.39239519788035027,-0.32262606399127264,0.7004157191656998,-0.044694694994896984,-0.27848182326959087,-0.16520915029920621,0.44941144907938535,-0.3156470242956313,0.14318385741518141,0.6143100153273697,0.7692594550488877,0.6730385455123844,0.6152123275912268,-0.06708856203514216,-0.3022601869343837,0.05519838012260512,-0.08918332710786296,0.36568860792314095,0.7369022130646626,0.7543587668135802,0.677287620519646,0.7582757237491939,0.6293867789382829,0.6727192603505151,0.10600128719560163,0.24216952354346177,0.6979430621752595,0.71872885513294,0.6638258554868176,0.6384497396312198,0.5045486201450211,0.6254306028216154,0.8915078746588273,-0.3666441412608023,0.06207530148888855,0.4301244119272161,-0.05107672688993306,0.02963048968959017,0.37597474821402427,-0.16177225498282738,0.2194961085574864,0.2609180663251972,-0.1323206919783195,-0.09046061939666218,0.5741936790821539,0.5648297588163149,0.09223383013406064,0.20726855495160368,0.40013509097079875,0.8272222440454465,-0.17854484811007024,-0.19991136826805972,-0.1608515469173697,0.3989648360103058,0.2597757501628204,0.3763202146553042,0.7416405692901881,-0.17308683248182055,-0.47244328054736323,0.3485623630342937,0.688868404706521,0.33935804341263887,-0.011751361731228836,0.1286254313361606,0.4103486648479018,0.35906630942017914,0.5594817774871478,0.4513874785759591,0.5698779790009917,0.5993545151981997,0.7696281173353263,0.7287338922370311,0.7984896857881894,0.6113268325160855,0.3137128469478672,0.623008583551871,0.1186051665027957,0.49783841964211806,0.7551071556748317,0.759412921802027,0.6546135669833897,0.5613056258297079,0.0
