0,1,2,3,4,5,6,7,8,9,10,11,12,13,14,15,16,17,18,19,20,21,22,23,24,25,26,27,28,29,30,31,32,33,34,35,36,37,38,39,40,41,42,43,44,45,46,47,48,49,50,51,52,53,54,55,56,57,58,59,60,61,62,63,64,65,66,67,68,69,70,71,72,73,74,75,76,77,78,79,80,81,82,83,84,85,86,87,88,89,90,91,92,93,94,95,96,97,98,99
0.0,0.0,0.0,0.0,0.0,0.0,-0.13058142441751988,0.0,0.0,0.0,-0.09956855474198457,0.0,0.0,0.09407449766762889,0.0,0.0,0.0,0.0,0.0,0.0,0.23542315458348112,0.0,0.12316975737045856,0.0,0.24746280867228804,0.0,0.0,0.0,-0.3478447501705817,0.3513104339735768,0.07820853328622913,0.0,0.4654279830730586,0.0,0.0,0.0,0.555366539512418,0.0,0.0,0.0,0.0,-0.6669457570899612,0.0,0.0,0.0,0.0,0.0,0.0,0.0,0.0,0.0,0.0,0.0,0.0,0.0,0.0,0.0,0.0,0.0,0.0,0.0,0.0,0.22709662741857473,0.0,0.0,-0.3667945775382205,0.0,0.0,0.0,0.0,0.0,0.0,0.0,0.0,0.0,0.0,0.21534350614362902,0.0,0.0,0.0,0.0,0.0,0.0,0.0,0.0,0.0,-0.6688777370834197,0.0,0.3673050302581148,0.0,0.20950660690079986,0.0,0.0,0.0,0.0,0.0,0.0,0.0,0.0,0.0
-0.3050977290175125,0.0,0.0,0.0,-0.31539811671297013,0.0,-0.06485481792877193,0.6821929730418232,-0.2666558060866415,0.08013796188107528,-0.04360713706069516,-0.21080460688611666,-0.47180900186385155,-0.21091278792101248,-0.5858075956632481,0.0,0.7512524019326556,0.0,0.19777601956897023,-0.20469880443258837,0.0,0.0,0.6367160941086525,0.3612471534158253,0.0,-0.24758504061157527,-0.3513445706287339,0.5196234323691851,0.2380908334899809,0.748212977332165,0.07523653872421497,0.12061345880200275,0.0,-0.15762510334643265,0.4963719607505588,0.0,0.0,0.09695105598030662,-0.1921840989551976,-0.2679258691974171,-0.8989892891088606,-0.3333395397379928,0.0,0.4330309633981942,-0.7231317202513136,0.14094509176804842,0.0,-0.242331928362035,0.0,0.0,-0.2562763209997253,0.9328693905348797,0.5213877236554753,0.0,-0.21826256612395287,0.0,-0.36959721733290685,0.0,0.050799085978436506,-0.12294015863720772,0.0,0.766645666931904,0.307825438903198,0.0,0.0,0.18031533007207026,0.6566665819185304,-0.4473404266916413,-0.11702656390564867,0.4484319152453766,-0.5236867839320624,-0.6283833603843405,0.23350120788078904,-0.30198249989269943,0.1783636690197124,0.1642144257410323,-0.12502240881863597,-0.3637425287869869,-0.10488598977806532,-0.09266026245868897,-0.19497383560438375,-0.016089604482473208,1.0745896291540642,-0.5515058347132127,-0.06689643014133201,-0.19236491875886735,0.31610662722823707,0.0,0.40401388331819366,0.11049273352501612,-0.2748257916778893,0.5244524092285765,0.3614292551387737,-0.11726284913537777,-0.5027666847607594,-0.29147771688532664,0.0,-0.1467433418580456,0.4135254787781587,0.1639674163672957
0.0,0.0,0.0,0.0,0.0,0.0,0.36291370680539525,0.0,0.0,0.0,0.32226126854920617,0.0,0.0,-0.21947119022013709,0.0,0.0,0.0,0.0,0.0,0.0,0.0,0.0,0.0,0.0,0.0,0.0,0.0,-0.4741130966791084,-0.36080095481538,0.0,0.0,0.0,0.0,0.0,0.0,0.0,0.3710651715895986,0.0,0.0,0.0,0.0,0.13888293539669616,0.0,0.0,0.0,0.0,0.0,0.0,0.0,0.0,0.0,0.0,0.0,0.0,0.0,0.0,0.0,0.0,0.0,0.0,0.0,0.0,0.0,0.0,0.0,0.4500775049826669,0.0,0.0,0.0,0.0,0.0,0.0,0.0,0.43441228539868215,0.0,0.0,0.2893145609006894,0.0,0.0,0.0,0.0,0.0,0.0,0.0,0.0,0.0,0.0,0.0,0.0,0.0,0.0,0.0,0.0,0.0,0.0,0.0,0.0,0.0,0.0,0.0
-0.19639213749123588,0.0,0.6232582880108625,0.0,-0.7586716007640513,0.28225693274774466,0.15600043125449353,0.0,-0.13419999126679322,1.1811567553489608,-0.26035883192200043,0.0,-0.19338653575714257,0.2731310053137012,-0.2662774125598938,0.2613380515300095,0.0,0.0,-0.13240664511306732,-0.30585188402806274,0.2202516821226925,0.02669633002602395,0.4385003440318289,-0.19049697396966353,0.212290317821256,0.0955816555033398,0.14765252013536614,-0.43958577138254035,-0.09907923825648722,0.0,-0.06717803330343329,0.29916378806243926,0.1368080960920544,0.0,0.05817559060109129,0.0,0.32199416571685496,-0.5568158046240113,0.0,-0.18179013214658818,1.1067069981511064,0.0,-0.3086596378164812,-0.1503881359895956,-0.020035685075646847,0.5254543112875695,0.0,-0.40568942764309246,0.0,0.0,0.07171942021332023,0.0,0.09216744475363611,0.6577082323224146,-0.10956819990491942,-0.419616812543007,0.2626275515591594,0.15071601114303138,-1.3608441749672084,0.23992768937480316,0.28963544001093794,0.0,0.07330021902802296,0.0,0.22996175408278546,-0.32142414384222606,-0.4913786913670146,0.0,0.0,-0.9436782479545434,0.0,0.2378296900903802,0.0,0.4359792206879991,-0.18878893653971793,0.3088349350074642,0.14799245545771705,0.26671068720799873,-0.11744832447784762,-0.24934802356009123,-0.07913517709323267,-0.2022569956818257,0.5214364189876526,0.0,0.11163065005089337,-0.5553822948552523,-0.37629883870740577,-0.11167707399839877,0.4345313829491311,-0.09460725725365735,0.3647563059525552,-0.21361906585507703,0.265292582550111,0.17829938417582547,-0.08866183274713502,-0.0870838039352681,0.0,-0.12303073789423463,-0.2148689907448331,0.3662719822305554
0.08373874377147267,0.0,-0.1510076343807787,0.0,0.0,0.0,0.03482792565781972,0.0,0.0,0.0,-0.08561589061350725,0.0,0.0805487748029918,0.2560845524067282,0.25947500110414257,0.4082516417212794,0.0,0.0,-0.2836633126799056,0.04444437875377877,0.17659285569395528,0.1576243518790027,0.0,-0.3009520910563686,0.06679509993124164,-0.11816673585718263,-0.13753378246892356,-0.027350544623326145,-0.05914185414842288,0.17393458669183515,-0.10423281968882978,0.0,0.062749948489222,-0.16534199257537588,-0.2733275950039589,0.0,0.3569215036687454,-0.31252019096478234,0.0,0.0,0.0,0.0841183732354206,0.0961366197492351,-0.3290866057386713,0.2316751450501447,0.6138287717843932,0.0,-0.039819757301806286,0.0,0.0,0.0,0.0,0.0,0.0733405328706512,0.7728110243528297,-0.17221980641179838,-0.2690353928507494,0.03166142742700817,-0.1052796139217716,0.2762096440053655,0.0,0.13194441376341434,-0.14548768189053218,0.0,0.05109273346715315,-0.34892109321277837,-0.045322674985008506,0.0,0.0,0.0,0.0,0.0,0.0,-0.08127714077201208,-0.05163005910834441,-0.17187200714093387,0.23210072543887253,0.0,-0.23558990817998735,-0.19819342493963457,0.3019230126462437,0.027807548178595043,-0.23929662413915842,0.0,0.0,0.0,-0.37894904424715625,-0.042578078753268085,-0.06687387816990442,0.14629106291545924,0.3316991375707989,-0.321857304375543,0.34814722208874227,0.0830765012152005,0.0,-0.22504818946655714,0.0,0.0,0.0,0.0
-0.679038416044282,0.0,1.187853340328568,0.0,1.4081478732107646,0.0,-0.10062189358713164,0.0,0.0,0.0,0.12454840212521778,0.0,-0.17193321329369898,-0.24616054413463154,-0.432756267033806,-0.9164336175548626,0.8363951158706489,0.0,0.37858610744317367,-0.23297305613578267,-0.24368901153325528,-0.9892558518525114,0.0,-0.05768310230323492,0.0,0.15760399310092799,1.1897191805646374,2.1827351977183467,-0.9358284605742523,-1.5581332371069216,-0.24345219907141885,0.3077902672488707,0.24204835705343053,-0.27535849655062095,0.21890260462261152,0.0,-0.31916926084823727,0.5587294679855922,0.0,0.3461333055117589,0.8929994294569288,-0.3632195655373801,-0.21144851938001308,-0.5694152890514579,0.4020563490900527,-2.75541492496127,0.0,0.5577006511754905,0.0,0.0,0.0,0.0,-0.41898643594233353,0.8673503965846797,-0.9896452385336116,0.1632842040313104,0.48184570148108574,-0.22790588213244437,0.8956920123488742,-0.39172791749567076,0.0,0.3030572255399081,-0.18817289885179825,0.0,-0.34481200592792205,0.5105591579712744,0.6283423221581177,0.0,0.0,0.0,0.0,0.0,0.7094308226600887,0.0,-1.0754343730535343,-0.4769745016151996,0.0,0.4295333028337347,0.6417702958676624,-0.1220314599172424,-0.27633939585206935,-1.3558878599156887,-1.2094693002279218,0.0,0.0,0.0,0.8619540085752712,0.6557081927751798,0.0,0.05190493638333016,-0.3668375752142404,0.0,-0.1802676122952438,0.7493282442103415,0.0,-0.48695379375761483,0.0,0.0,0.0,0.0
0.0,0.0,0.0,0.0,0.0,0.0,0.0,0.0,0.0,0.0,0.0,0.0,0.0,0.0,0.0,0.0,0.0,0.0,-0.17317030156960433,0.0,0.0,0.0,0.0,0.0,0.0,0.0,0.0,-0.4596046922483601,0.3543936019216045,0.30650545726355566,0.0,0.0,0.0,0.0,0.0,0.0,-0.49673267104539415,0.0,0.0,0.0,0.0,0.0,0.0,0.0,0.0,0.0,0.0,0.0,0.0,0.0,0.0,0.0,0.0,0.0,0.0,0.0,0.0,0.0,0.0,0.0,0.0,0.0,0.0,0.0,0.0,0.5202266040485121,0.0,0.0,0.0,0.0,0.0,0.0,0.0,0.0,0.0,0.0,0.0,0.0,0.0,0.0,0.0,0.0,0.0,0.0,0.0,0.0,0.0,0.0,0.17717683697229558,0.0,0.0,0.0,0.0,0.0,0.0,0.0,0.0,0.0,0.0,0.0
0.2692231264604278,0.0,0.37128453811722517,-0.1626164115258486,0.3110279316234094,0.39342672915401544,0.5257541478141202,0.0,0.0,-0.7820413681449299,0.05093194795605919,0.0,0.0,0.5062120430760538,-0.39372099723084686,0.14980136747684897,-0.7316864463670548,0.0,-0.04962626334691121,0.36346123717071893,0.05337582076371608,-0.07828065171365642,0.0,-0.14690682221511125,-0.10860624419125507,0.006283440562026454,0.15701245536704125,0.3960947198614054,0.12720625822485487,-0.044203645407186604,0.0012831358421109846,-0.010567305748814704,-0.2580166951839821,-0.3328358292917867,-0.7145567033225942,-0.295340581764109,0.37307352714531455,0.13660412063936772,0.0,0.029471842424139832,0.8743868981233809,-0.14943422848827315,-0.027310646374957503,0.16167562981180422,0.1812649138312869,-1.4017249304432404,0.1825203170717653,0.37111479841711703,0.0,0.0,-0.044570628401977175,0.0,-0.2896134792380113,0.8919738316607134,-0.32872247647186337,0.024721137877550592,-0.3604911095451209,0.6225828891370982,-0.22209805936891694,0.0,-0.2766200580356651,-0.5792906392479533,-0.187404009183609,0.3646267432561243,0.01665963701101386,-0.27865371340394274,-0.15023325400521148,-0.12993869487057946,0.0,-0.21953488181777941,-0.04140414835338835,0.7956129190101968,-0.17313074022708458,0.10838892664301114,0.4316498098888169,0.299694612044514,0.0,0.0,0.3075995358024845,-0.12238669282447792,-0.17774946798478486,0.0,-0.7081122851869399,1.1084451810810996,0.0,0.0,-0.01602727686288661,-0.7158788609383839,-0.5474515236102231,-0.5321678371508944,0.21895693875621067,-0.2601055963384948,-0.2012936250986394,-0.07808340939213726,0.491879680637088,0.0,1.2684797245931825,0.0,-0.26136398326481397,-0.20958911005646924
-0.652729008248446,0.0,0.1014351180915481,0.0,3.118684559140705,-0.9102582122493748,-0.5108814860013907,0.0,0.0,0.0,0.3540279052655917,0.0,-0.31771241642826364,-0.663987590326441,-1.491291668461953,-2.0558114655537882,-0.4785482983948392,0.0,0.5218220144315042,0.29101010933776295,0.5706225479774065,-0.22789075734507414,-0.7533772760774462,-0.10897560549241869,-0.9407056834119375,-0.15677650192181014,1.0108566550335647,1.5215620867674764,0.4594763895226076,-1.0115047317295218,0.6319483290596364,0.1352793990593053,0.12154495088812345,0.32044395337136317,1.2034072394015178,0.0,-2.1514010717862657,1.3113439352638245,0.0,-0.15349265901196507,-0.2778224508693907,-0.12605745365742066,0.41560212506462735,0.2627557503181266,-0.7556505575590726,-2.87738487462277,0.0,-0.06065531248082978,0.0,0.0,0.1149672207281418,0.0,0.4105374661173583,-0.38927553535360543,-1.3106752314200385,0.6845569988123632,-0.8590114892215629,0.6599082525366808,2.243885918169518,-1.0320772772409343,0.6827588333576124,1.0636877628711439,0.24693950643942852,0.0,-0.3372119598457697,0.0,0.9779041020049299,0.0,1.1868336374161217,1.025177261485703,0.0,-0.5737062558313858,0.0,-0.3249452631151339,0.1438732697341123,-0.5938362649817908,-1.1035322927209177,0.6415658338504662,0.7026514377664627,0.7343260381133699,-2.160746756131761,-0.6141131026694036,-0.5698425097827247,0.0,1.0977527454101172,-0.5780826750152801,2.4649171826387914,0.4316487287013446,0.0,1.45116258920362,-1.0599627185057212,0.2494262433567963,-1.1880699332363636,0.40643549358121867,0.0,-0.41674992093268093,0.0,0.0,0.030680553320255877,-0.8030945729740722
0.11572786386593986,0.0,0.0,0.0,-1.9732854331024647,0.031803765419132435,-0.012871673971482533,0.0,-0.16792604608339562,0.0,0.09154394108291597,0.0,0.5042317877548718,0.1517115803377988,0.7954177193892293,0.857592471707904,0.7794853360003389,0.0,-0.233218737324545,0.06572201325061261,-0.48813999738786285,0.2750080128958926,0.5168458433397747,-0.6853211314820893,1.1025669783092127,0.1963898399361506,-0.7769440553542597,0.3386818253132016,-0.3657101440129721,0.44332588657487654,-0.34279905012774353,-0.2053568126376282,-0.3050617162958587,0.295221992464157,-0.7345517307995082,0.0,0.6694420596235365,-0.6394976181612892,0.0,-0.13012936994916963,0.35060791517747936,0.144747316236918,-0.4167026020011387,0.4679464757920374,1.0480756931182498,0.07939823850026195,0.0,0.3417368152060556,0.0,0.0,0.2754298596446316,0.0,-0.202433846045303,1.020006098325075,1.0183351216953134,-0.4445630488060359,-0.5242566728014459,0.938979884746276,-1.1893330871330412,0.6461531426261159,-0.5898823382085071,-1.0866256359888595,-0.7815197101255825,0.0,-0.04499412316060836,0.885211215229782,-0.15069432036189,0.0,0.04610306435064038,-1.1679449151347499,0.0,0.7042260678082943,-0.30752879968816066,0.6325415604289828,-0.307417673840521,0.0,0.41483780454950997,0.22578768961873913,0.0,-0.8956167931218479,0.0,0.769836223629837,-1.42733641007416,0.0,0.0,0.13768095893091153,-0.5398658201034039,-0.48378499109285017,-0.497662947693685,-0.2621274335129813,0.8233908511155192,-0.2681448869545019,0.9181631981684271,0.3778729780848209,0.08377104524790147,0.07165499053661128,0.0,0.0,0.2255462615813703,-0.15232167353138407
0.0,0.0,0.0,0.0,0.0,0.0,0.0,0.0,0.0,0.0,0.0,0.0,0.0,0.0,0.0,0.0,0.0,0.0,0.11607557326563545,0.0,0.0,0.0,0.0,0.0,0.0,0.0,0.0,0.0,0.0,0.0,0.0,0.0,0.0,0.0,0.0,0.0,-0.390402835635584,0.0,0.0,0.0,0.0,0.0,0.0,0.0,0.0,0.0,0.0,0.0,0.0,0.0,0.0,0.0,0.0,0.0,0.0,0.0,0.0,0.0,0.3646313138338513,0.0,0.0,0.0,0.0,0.0,0.0,0.0,0.0,0.0,0.0,0.0,0.0,0.0,0.0,0.0,0.0,0.0,0.0,0.0,0.0,0.0,0.0,0.0,0.0,0.0,0.0,0.0,0.0,0.0,0.2988177278854625,0.0,0.0,0.0,0.0,0.0,0.0,0.0,0.0,0.0,0.0,0.0
0.23632762922582465,0.0,-0.3039475273155833,0.5659425083078456,0.8105692092175458,-0.44790402675102836,0.0,-0.33903227518725,-0.3820532680265454,-0.43520733722494576,0.0,0.0,0.28255874247996304,0.23757269320126936,0.2674485725002646,-0.02905107580362387,-0.12108499510335108,0.0,-0.19573562028451874,0.13294928479146606,0.45483839319221225,-0.14459019329984546,-0.6946552331752103,0.49409169675380804,-0.14225442539052582,0.2097648769929299,0.0,-0.36754283805069055,-0.6786132952945467,-0.3892098724063894,-0.13763826457726014,0.1589420230518661,0.0,0.31744728698249775,-0.6636954384085987,-0.3700663072516173,0.5907646180024375,0.0,0.0,0.0,-0.6502114125789831,0.32118447008750917,0.9193740174993894,-0.909942921943091,0.20848455507424501,0.960008207306627,0.20656888064905854,0.49248731771713133,0.0,0.0,0.0,0.0,-0.5908716334110293,-0.11974858854994197,0.2061489997384492,0.8532136402251235,-0.6627261381433184,0.33109460536285606,0.9526823340881722,-0.03619183534779047,0.19488210123056307,-0.2433976473819815,0.1944603565524366,-0.45279686778612993,0.38678406714144914,-0.1406512511627231,0.0,0.1563997923643451,0.9430879153449749,-0.14370774920317503,0.2140063305535253,0.08852334263517592,0.0,0.0,-0.7235863715419225,-0.4608744665694602,0.33592143708916056,0.4621601446627927,-0.08876387605794622,-0.47980297793192345,-0.3321360822631036,-0.541961550233913,-0.06693390915451702,0.7904055113353516,0.15976454674593907,0.01866570613227103,0.0,-0.17389652079335344,0.0,0.7625055058217156,0.0,0.0,-0.24336610127795172,-0.6679238081024585,0.2210385794465622,0.840837617978679,-1.5753303716184897,0.0,0.2892379385075201,-0.19054975748820796
-0.3779395257956085,0.0,0.12580771134057175,0.0,0.0,0.0,0.0,0.0,0.0,0.0,0.35775554493262196,0.0,0.0,0.24378141148459834,0.595995682728078,0.5270612848526118,0.0,0.0,-0.37423736896287396,0.0,-0.18877251217225027,-0.18277476274014848,0.07156619098486301,0.3418255819219995,0.5577926950583069,0.0,-0.9767945454162515,0.8568731037521441,0.0,0.7363415716758994,-0.4107376062688551,0.0,0.33405914275028303,0.11870456359489297,0.0,0.0,0.4971969012958538,-0.5470707501777092,0.0,-0.4065677710062524,0.0,0.0,0.0,-0.37114240073399807,-0.016508066811739767,0.0,0.0,0.41292271459905155,0.0,0.0,0.0,0.0,-0.9303744382736364,0.0,0.0,0.0,0.6433688398666398,0.051989085694214315,-0.6985446409348564,0.21996625348552046,-1.1923066645836773,0.0,0.0,0.0,0.0,0.34497699129086157,0.32275185786285976,0.0,0.0,0.0,0.0,0.0,0.0,0.19773502489234343,0.41003652563178483,0.0,0.13180237641748574,0.0,0.1477544883014966,0.4634358436350569,0.6137622001295988,0.0,-0.3459156207405502,0.0,0.0,0.0,-0.5117748916268094,0.20749093438019411,-0.12806265100588832,0.0,0.0,0.08095524287866372,0.42348362257590705,0.0773806980301201,0.0,0.06890077524918255,0.0,0.0,0.0,0.0
0.0,0.0,0.0,0.0,0.0,0.0,0.0,0.0,0.0,0.0,0.1548025816222949,0.0,0.0,0.0,0.0,0.0,0.0,0.0,0.286354722724965,0.0,0.18517246801698534,0.0,0.0,0.0,0.0,0.0,0.0,0.0,0.11950178084655455,0.2377463524631029,0.0,0.0,0.0,0.0,0.0,0.0,0.3205686241316731,0.0,0.0,0.0,0.0,0.0,0.0,0.0,0.0,0.0,0.0,0.0,0.0,0.0,0.0,0.0,0.0,0.0,0.0,0.0,0.0,0.0,0.0,0.0,0.0,0.0,0.2015245941725361,0.0,0.0,0.0,0.0,0.0,0.0,0.0,0.0,0.0,0.0,0.0,0.0,0.0,0.0,0.0,0.0,0.0,0.0,0.0,0.0,0.0,0.0,0.0,0.0,0.0,0.0,0.0,0.0,0.0,0.0,0.0,0.0,0.0,0.0,0.0,0.0,0.0
0.0,0.0,0.0,0.0,0.0,0.0,0.0,0.0,0.0,0.0,0.0,0.0,0.0,0.08330850070520499,0.0,0.0,0.0,0.0,0.08264757107002892,0.0,0.3993133926647117,0.0,0.0,0.0,0.0,0.0,0.0,0.0,0.0,0.2663557279176161,0.0,0.0,0.0,-0.08301306634517672,0.0,0.0,0.04152409429243041,0.0,0.0,0.0,0.0,0.0,0.0,0.0,0.0,0.0,0.0,0.0,0.0,0.0,0.0,0.0,0.0,0.0,0.0,0.0,0.0,0.0,-0.12395655205718334,0.0,0.0,0.0,-0.08376609049406633,0.0,0.0,0.40376747194965573,0.0,0.0,0.0,0.0,0.0,0.0,0.0,0.1909152463615848,0.0,0.0,0.0,0.0,0.04631211649232865,0.0,0.0,0.0,0.0,0.0,0.0,0.0,0.04722692531553612,0.0,0.12791265000525032,0.0,-0.08082933833787877,0.0,0.0,0.0,0.0,0.0,0.0,0.0,0.0,0.0
0.27011620437103157,0.0,0.0,0.0,0.0,0.0,0.2408161690680028,0.0,0.0,0.0,0.0,0.0,0.0,-0.11341737946582749,0.6572567228422386,0.0,0.0,0.0,0.0,0.0,-0.3706492919131015,0.12680363944294124,0.0,0.0,0.0,0.0,0.0,0.0,0.2568495159114573,-0.3843620139564818,0.12723564666348208,0.0,-0.1161486540934464,0.3736121696235533,0.0,0.0,0.0,0.0,0.0,0.0,0.0,0.24526926864546095,0.0,0.0,0.0,0.0,0.0,0.0,0.0,0.0,0.0,0.0,0.0,0.27927973031997166,0.0,0.0,0.33408281996899003,0.0,0.20033130429576712,0.0,0.0,0.0,-0.0898385989237724,0.0,0.0,-0.2040614415874932,0.0,0.0,0.0,0.0,0.0,0.0,0.0,-0.2560458032527035,0.0,0.0,-0.23336560630227934,0.05764458825830932,0.0,0.0,0.39802969216006656,0.0,0.0,0.0,0.0,0.0,0.11456857866391248,0.0,-0.16978244474302706,0.0,-0.27284312161641866,0.0,-0.11499130584598395,0.0,0.0,0.0,0.0,0.0,0.0,0.0
0.0,0.0,-0.23131311077807895,0.0,0.0,0.0,0.11014505026579274,0.0,0.0,0.0,0.04951660061224769,0.0,0.0,0.1649330004677456,-0.3645754533885726,0.0,0.0,0.0,0.15832125347157516,0.4125450879153333,-0.215588644487488,-0.21394579843242886,-0.19403728909007242,1.0297013225873597,0.0,-0.05580943767983374,-0.6189387393897647,0.5457185886713508,0.299440427823043,0.07058700248037235,-0.11848111993173126,0.21685407406870916,-0.16209554060465015,0.2656247105446249,0.0,0.0,-0.5186686511947427,0.0,0.0,0.0,0.0,0.652676964318432,-0.1260614516984302,-0.5207597482744537,-0.14793757460017015,0.0,0.0,0.2193303397328982,0.0,0.0,0.0,0.0,-0.6626978235216896,0.0,0.0,0.0,0.8179096017236408,0.14898091348767134,0.0,-0.17960679452721953,-1.0679526830566002,0.0,-0.02970866576775183,0.0,0.0,0.44190596661398784,0.0,0.0,0.0,0.0,0.0,0.0,0.0,0.22667231974834587,0.644116453856659,0.3770107088709047,-0.3712009463905757,0.0,0.14326477718503416,0.5067912390621496,0.3122452662816364,0.0,0.0,0.0,0.0,0.0,0.1288949174598712,-0.06625156371852407,0.0,-0.7889448403199454,-0.39339015267691047,-0.13274361953010758,0.019336591348836727,0.0,0.0,0.8850123293146553,0.0,0.0,0.0,0.0
0.10473607442162072,-0.19683764541536974,0.0,-0.002062508264102647,0.47347213836037927,0.5639581004980951,-0.4668199380767627,0.555870492060488,0.24935194590382284,0.0987958465723664,-0.12574532074454475,0.22649234691499254,0.09890576023439876,0.4222679972837786,0.0,0.6446217874967815,0.0181151046283054,0.0,-0.29045098559969296,0.3740958313453533,-0.49659932353314096,0.4379704473267351,0.463033074482313,-0.22649396492471424,0.0,-0.05783938079754203,-0.04336859030932227,0.0,0.0,-0.16445628954289593,-0.12886208383628264,-0.37227228522036543,-0.22398299371961836,0.05457288754602324,0.0,0.3619221611063988,-0.540668087122767,0.0,-0.2928375821183117,0.20312442790703825,0.26625663642972336,-0.1855998490841615,0.4270567272835706,0.5089552240049321,-0.34169866137902094,-0.31762587118180613,0.0,-0.07907836229395238,-0.4312944128335525,0.0,0.29771059833217994,0.0,-0.058579855329000216,0.3346639916671582,-0.439504212113606,-0.42557294036132165,0.0,-0.6099920792780936,0.42304919908109817,0.0,-0.5896583223670637,0.0,-0.2283153611750168,0.24742260035143387,-0.16148670902453982,0.49794165184016,-0.3389922426370879,0.47051271810233974,-0.5977542486440348,0.7926790667428514,0.3056066594290104,0.0,0.05856018768398269,-0.5932128262166724,0.22606435433783822,0.22865801349255377,0.0,-0.46496023465335357,-0.10418510928624582,-0.12715472731549354,-0.006408900701003473,0.6761798579877062,0.2773266422856724,0.0,-0.09848914717908194,-0.5575670012133637,0.0,0.0,0.05229740421477416,-0.2821998478090424,-0.20890831881140853,0.0,0.19534867452453522,0.0,-0.15547417540760472,0.014950976944252375,0.9430864890608749,-0.8864008051202218,0.5727159714705189,0.0
0.0,0.0,0.0,0.0,0.0,0.0,0.0,0.0,0.0,0.0,0.0,0.0,0.0,0.0,0.0,0.0,0.0,0.0,0.0,0.0,0.0,0.0,0.0,0.0,0.0,0.0,0.0,0.0,0.0,0.0,0.0,0.0,0.0,0.0,0.0,0.0,0.0,0.0,0.0,0.0,0.0,0.0,0.0,0.0,0.0,0.0,0.0,0.0,0.0,0.0,0.0,0.0,0.0,0.0,0.0,0.0,0.0,0.0,0.0,0.0,0.0,0.0,0.0,0.0,0.0,0.0,0.0,0.0,0.0,0.0,0.0,0.0,0.0,0.0,0.0,0.0,0.418410052331792,0.0,0.0,0.0,0.0,0.0,0.0,0.0,0.0,0.0,0.0,0.0,0.0,0.0,0.0,0.0,0.0,0.0,0.0,0.0,0.0,0.0,0.0,0.0
0.0,0.0,0.37736587111998304,0.0,0.0,0.0,-0.5344876536645461,0.0,0.0,0.0,0.4219686317090077,0.0,-0.5851238467736385,-0.07195718387935374,-0.33571891633917506,0.5392393871939158,0.0,0.0,0.0489964842280256,0.0,0.8854003672319972,0.15063889166511785,0.5343891173788569,-0.3666868982172996,-0.04529359156334246,-0.704502556858793,-0.19560555989236703,1.2386577492731408,0.0,-0.09706513211539151,-0.30278236628473976,0.09928448470727273,0.0,0.3006566469898216,0.0,0.0,-0.3326997557045828,-0.5025768727931038,0.0,-0.20989562896002392,0.0,-0.4074801454747363,0.7451569762834547,0.1630641313948355,-0.508668630468527,0.0,0.0,-0.49360236719978096,0.0,0.0,0.0,0.0,-0.41379542618815357,0.0,0.0,0.0,0.0,-1.1789192560099346,0.14728009235382541,0.0,0.0,0.6124471579930151,0.45030521446013816,0.0,0.0,-0.06378803488199862,0.5579474029614289,0.0,0.0,0.0,0.0,0.0,0.0,0.0,0.0,0.10773132370248037,-0.15822599268083493,0.6980507268605871,0.10801255115664299,-0.4466229481118083,-0.556180499253294,0.0,-0.6468455948779949,0.0,0.0,0.0,0.0,0.17176946847338592,0.45890083542355575,0.6923312571387347,-0.012277207091221064,0.48072722534905477,0.3735474161286011,-0.6364243333399501,0.0,0.10954832446721932,0.0,0.0,0.0,0.0
0.0,0.0,0.0,0.0,0.0,0.0,0.0,0.0,0.0,0.0,0.0,0.0,0.0,0.0,0.0,0.0,0.0,0.0,0.0,0.0,0.0,0.0,0.0,0.0,0.0,0.0,0.0,0.0,0.0,0.0,-0.15272839767875923,0.0,0.0,0.0,0.0,0.0,0.0,0.0,0.0,0.0,0.0,0.0,0.0,0.0,0.0,0.0,0.0,0.0,0.0,0.0,0.0,0.0,0.0,0.0,0.0,0.0,0.0,0.0,0.0,0.0,0.0,0.0,0.0,0.0,0.0,0.0,0.0,0.0,0.0,0.0,0.0,0.0,0.0,0.0,0.0,0.0,0.5494382395397978,0.0,0.0,0.0,0.0,0.0,0.0,0.0,0.0,0.0,0.0,0.0,-0.1298944891347791,0.0,0.0,0.0,0.0,0.0,0.0,0.0,0.0,0.0,0.0,0.0
0.0,0.0,0.0,0.0,0.0,0.0,0.2590598727065995,0.0,0.0,0.0,-0.2968947934941114,0.0,0.0,-0.276244312783464,-0.3075904775749796,0.0,0.0,0.0,0.2680692917329909,0.0,-0.17550812064012555,0.0,1.1632268001377666,0.0,0.0,0.0,0.0,0.0,-0.23919124672131709,-0.36938926625368274,-0.1350059824632683,0.0,0.0,-0.24859209945720068,0.0,0.0,0.0,0.0,0.0,0.0,0.0,-0.14976347601074744,0.0,0.0,0.0,0.0,0.0,0.0,0.0,0.0,0.0,0.0,0.0,0.0,0.0,0.0,0.0,0.0,0.30050543787031436,0.0,0.0,0.0,0.0,0.0,0.0,0.0,0.0,0.0,0.0,0.0,0.0,0.0,0.0,0.03687192258090517,0.0,0.0,0.0,0.0,0.0,0.0,0.0,0.0,0.0,0.0,0.0,0.0,0.5173594949005565,0.0,0.0,0.0,-0.34181964280018756,0.0,0.0,0.0,0.0,0.0,0.0,0.0,0.0,0.0
0.0,0.0,0.0,0.0,0.0,0.0,0.0,0.0,0.0,0.0,0.0,0.0,0.0,0.0,0.0,0.0,0.0,0.0,0.0,0.0,0.39261198775329076,0.0,0.0,0.0,0.0,0.0,0.0,0.10415502840821173,0.0,0.41292183024400125,0.0,0.0,0.0,0.0,0.0,0.0,0.0,0.0,0.0,0.0,0.0,0.0,0.0,0.0,0.0,0.0,0.0,0.0,0.0,0.0,0.0,0.0,0.0,0.0,0.0,0.0,0.0,0.0,0.0,0.0,0.0,0.0,0.0,0.0,0.0,0.0,0.0,0.0,0.0,0.0,0.0,0.0,0.0,0.0,0.0,0.0,0.0,0.0,0.0,0.0,0.0,0.0,0.0,0.0,0.0,0.0,0.0,0.0,0.23877346494736296,0.0,0.0,0.0,0.0,0.0,0.0,0.0,0.0,0.0,0.0,0.0
-0.14577714916312354,0.0,-0.16931002538448453,0.0,0.0,0.0,-0.39348208207684177,0.0,0.0,0.0,0.4495812210839084,0.0,0.0,-0.12332978445937584,-0.2413001211370079,-0.2525860030625581,0.0,0.0,0.0,0.0,0.5494190943792965,0.3720449816983187,0.0,0.0,-0.08402904029228093,0.0,0.5349230433381202,-0.39439464121283874,-0.2503151961672737,0.0,0.1866254707189954,0.0,0.11121633850480946,0.14425057489599244,0.0,0.0,0.0,0.0,0.0,0.0860963428137583,0.0,0.22737084956360307,0.0,-0.11176280125979172,-0.12225567722608287,0.0,0.0,0.0,0.0,0.0,0.0,0.0,0.4763872057428477,-0.3811520965450251,0.0,0.0,-0.11151932501094494,-0.22454082050387716,0.0,-0.4213654439583304,0.6341222847957828,0.08551504449088486,0.0,0.0,0.0,-0.13561270618678875,-0.11148994744926496,0.0,0.0,0.0,0.0,0.0,0.0,0.0,0.0,0.0,0.2008038789389601,0.6336450298583001,-0.0841004903939403,0.0,-0.0846591775754016,0.0,-0.16517897676496343,0.0,0.0,0.0,-0.2377693400055147,0.0,-0.17886011116860281,0.6224480253318466,0.059845030062640636,-0.22578098416941808,-0.08155086387688401,-0.17752088991639187,0.0,-0.12497221646501191,0.0,0.0,0.0,0.0
0.0,0.0,-0.3306013491266576,0.0,0.0,0.0,0.0,0.0,0.0,0.0,0.21893793685847668,0.0,0.0,-0.35986234684295315,0.0,0.0,0.0,0.0,0.0,0.0,0.41606917504748014,0.0,0.21096100223382583,0.0,0.0,0.0,0.0,0.0,-0.21039287253614042,0.0,0.0,0.0,0.0,0.15876717156289852,0.0,0.0,0.0,0.0,0.0,0.0,0.0,-0.2837659068001605,0.0,0.0,0.0,0.0,0.0,0.0,0.0,0.0,0.0,0.0,0.0,0.0,0.0,0.0,0.0,0.0,0.8222582663706633,0.0,0.0,0.0,0.31737594867049274,0.0,0.0,-0.1842504435148655,0.0,0.0,0.0,0.0,0.0,0.0,0.0,0.0,0.0,0.0,0.0,0.0,0.0,0.0,0.0,0.0,0.0,0.0,0.0,0.0,-0.10876963907404613,0.0,0.0,0.0,0.0,0.0,0.0,0.0,0.0,0.0,0.0,0.0,0.0,0.0
-0.29769092758844024,0.0,0.09729072165537433,0.0,0.0,0.0,-0.6018372675768423,0.0,0.0,0.0,0.9007995747080968,0.0,-0.8393302655830054,-0.3984352797929683,-0.8786001224085995,-0.05140348608507561,0.0,0.0,0.3090503864391155,0.0,0.6982429831741155,-0.14447991553559955,0.6465538056014304,-0.3645715334826001,0.37083651822318364,0.0,-0.578242262547163,1.154897113815168,0.4217749199552526,0.6955400053044114,-0.3322868850807649,0.22315487176907411,0.14524717331071652,0.4193433935212978,0.0,0.0,-1.0660525692560259,-0.530291572264129,0.0,-0.55078956008429,0.0,0.5122831580986367,0.4363596120535709,0.13025852093140172,-0.7686920704183084,0.0,0.0,0.1440893191612475,0.0,0.0,0.0,0.0,-0.6088951811511666,-0.536442269689216,0.0,0.0,0.7892153425798456,-0.9793062699892254,-0.21516981138833222,-0.43403159871036867,-0.5807855720998862,0.7320614083045522,-0.12998771405564685,0.0,0.0,0.4231816229197502,0.8447899451063139,0.0,0.0,0.0,0.0,0.0,0.0,0.2990589355294504,0.5979500553241737,0.0,-0.6032908797937626,1.2673012953175538,0.27019578990409077,0.0,0.0,0.0,-0.5704241581378187,0.0,0.0,0.0,0.7915557116461829,0.24804870320211947,-0.15144609471057102,0.7718527859424635,-0.8055525699671154,0.3713537878835557,0.3353468736816705,-0.6694213432551941,0.0,0.0,0.0,0.0,0.0,0.0
0.0,0.0,0.0,0.0,0.0,0.0,-0.11349521281886507,0.0,0.0,0.0,0.0,0.0,0.0,0.0,-0.17386613941468865,0.0,0.0,0.0,-0.13501870581765238,0.0,0.0,0.0,0.4319519873960637,0.0,0.0,0.0,0.0,0.43464470383781406,0.27842449328646135,0.0,0.0,0.0,0.0,0.0,0.0,0.0,0.10301340155264155,0.0,0.0,0.0,0.0,-0.1744888518835433,0.0,0.0,0.0,0.0,0.0,0.0,0.0,0.0,0.0,0.0,0.0,0.0,0.0,0.0,0.0,0.0,0.0,0.0,0.0,0.0,-0.07818456604646828,0.0,0.0,0.0,0.0,0.0,0.0,0.0,0.0,0.0,0.0,0.0,0.0,0.0,0.0,0.0,0.1374310939896201,0.0,0.0,0.0,0.0,0.0,0.0,0.0,0.0,0.0,0.09657394954676748,0.0,0.08017832575530569,0.0,0.0,0.0,0.0,0.0,0.0,0.0,0.0,0.0
0.0,0.0,0.0,0.0,0.0,0.0,0.0,0.0,0.0,0.0,0.0,0.0,0.0,0.0,0.0,0.0,0.0,0.0,0.0,0.0,0.0,0.0,0.0,0.0,0.0,0.0,0.0,0.0,0.0,0.0,0.2034836636117381,0.0,0.0,0.0,0.0,0.0,0.0,0.0,0.0,0.0,0.0,0.0,0.0,0.0,0.0,0.0,0.0,0.0,0.0,0.0,0.0,0.0,0.0,0.0,0.0,0.0,0.0,0.0,0.0,0.0,0.0,0.0,0.24334590383265528,0.0,0.0,0.0,0.0,0.0,0.0,0.0,0.0,0.0,0.0,0.0,0.0,0.0,0.0,0.0,0.0,0.0,0.0,0.0,0.0,0.0,0.0,0.0,0.0,0.0,0.2186912138067642,0.0,0.0,0.0,0.0,0.0,0.0,0.0,0.0,0.0,0.0,0.0
0.0,0.0,0.0,0.0,0.0,0.0,0.0,0.0,0.0,0.0,0.0,0.0,0.0,0.0,0.0,0.0,0.0,0.0,0.0,0.0,0.2919698524170494,0.0,0.0,0.0,0.0,0.0,0.0,-0.2818607265558463,0.0,0.0,0.0,0.0,0.0,0.0,0.0,0.0,0.5049930669382654,0.0,0.0,0.0,0.0,0.0,0.0,0.0,0.0,0.0,0.0,0.0,0.0,0.0,0.0,0.0,0.0,0.0,0.0,0.0,0.0,0.0,0.2428363342554186,0.0,0.0,0.0,0.0,0.0,0.0,0.0,0.0,0.0,0.0,0.0,0.0,0.0,0.0,0.0,0.0,0.0,0.42058439698421557,0.0,0.0,0.0,0.0,0.0,0.0,0.0,0.0,0.0,0.0,0.0,0.0,0.0,0.0,0.0,0.0,0.0,0.0,0.0,0.0,0.0,0.0,0.0
0.0,0.0,0.0,0.0,0.0,0.0,0.0,0.0,0.0,0.0,0.0,0.0,0.0,0.0,0.0,0.0,0.0,0.0,0.0,0.0,0.0,0.0,0.0,0.0,0.0,0.0,0.0,0.4836158313182735,0.0,0.0,0.0,0.0,0.0,0.0,0.0,0.0,0.0,0.0,0.0,0.0,0.0,0.0,0.0,0.0,0.0,0.0,0.0,0.0,0.0,0.0,0.0,0.0,0.0,0.0,0.0,0.0,0.0,0.0,0.2979138003341025,0.0,0.0,0.0,0.0,0.0,0.0,0.0,0.0,0.0,0.0,0.0,0.0,0.0,0.0,0.0,0.0,0.0,0.2053269845383689,0.0,0.0,0.0,0.0,0.0,0.0,0.0,0.0,0.0,0.0,0.0,0.0,0.0,0.0,0.0,0.0,0.0,0.0,0.0,0.0,0.0,0.0,0.0
0.0,0.0,0.0,0.0,0.0,0.0,0.0,0.0,0.0,0.0,0.0,0.0,0.0,0.0,0.0,0.0,0.0,0.0,0.0,0.0,0.0,0.0,0.0,0.0,0.0,0.0,0.0,0.0,0.0,0.0,0.0,0.0,0.0,0.0,0.0,0.0,0.0,0.0,0.0,0.0,0.0,0.0,0.0,0.0,0.0,0.0,0.0,0.0,0.0,0.0,0.0,0.0,0.0,0.0,0.0,0.0,0.0,0.0,0.0,0.0,0.0,0.0,0.0,0.0,0.0,0.0,0.0,0.0,0.0,0.0,0.0,0.0,0.0,0.0,0.0,0.0,0.0,0.0,0.0,0.0,0.0,0.0,0.0,0.0,0.0,0.0,0.0,0.0,0.0,0.0,0.0,0.0,0.0,0.0,0.0,0.0,0.0,0.0,0.0,0.0
0.0,0.0,-0.15859322781840046,0.0,0.0,0.0,0.0,0.0,0.0,0.0,0.20155434250392942,0.0,0.0,-0.7126243938327861,1.5526344674928085,-0.4574217928505292,0.0,0.0,0.0,0.0,0.0,0.3633782459522255,0.0,-0.3054444750342239,-0.23290380844293965,0.0,0.5565664699152291,-1.1080852743840346,0.12306757484879868,0.0,0.4454366771088774,0.0,0.18461988987712555,0.2382220934519552,0.0,0.0,0.0,0.6536866471896144,0.0,0.0,0.0,0.21914874556064337,-0.3486081009884271,0.3505984500470367,0.5559421099684111,0.0,0.0,0.0,0.0,0.0,0.0,0.0,0.46086884919625914,-0.6972674225474537,0.0,0.0,0.5230810772663584,-0.4954374139550647,0.4586994587217567,0.0,-0.30164720812869,0.11803887326258,0.3501218079115159,0.0,0.0,-0.8402409432978936,0.0,0.0,0.0,0.0,0.0,0.0,0.0,0.026308703844553888,-0.1375926491232862,0.0,-0.1799482912304988,0.46358343851879175,-0.3707980777440215,0.6963830918857759,0.5596663291324314,0.0,0.0,0.0,0.0,0.0,0.06349202735181265,0.8226924066341796,-0.2670563080373616,0.3315220511099305,0.0,-0.357725818278766,-0.20232599571821447,-0.3515894701994535,0.0,-1.008476392435384,0.0,0.0,0.0,0.0
0.0,0.0,0.0,0.0,0.0,0.0,-0.4098630436641825,0.0,0.0,0.0,0.0,0.0,0.0,0.0,0.34122810953631977,0.0,0.0,0.0,0.0,0.0,0.0,0.4007864079364136,0.0,0.0,0.3579664534716954,0.0,0.0,0.0,0.29131436835273833,-0.32250010078931535,-0.2782985812840047,0.0,0.0,0.1635560034229726,0.0,0.0,-0.2953800014497022,0.0,0.0,0.0,0.0,0.3943071444238546,0.0,0.0,0.0,0.0,0.0,0.0,0.0,0.0,0.0,0.0,0.0,0.0,0.0,0.0,0.0,0.0,0.0,0.0,0.0,0.0,0.2228291967257101,0.0,0.0,0.0,0.0,0.0,0.0,0.0,0.0,0.0,0.0,-0.16258762041865843,0.0,0.0,0.0,0.0,0.0,0.0,0.0,0.0,0.0,0.0,0.0,0.0,0.0,0.0,0.2862637022737806,0.0,-0.2664973722877516,0.0,0.0,0.0,0.0,0.0,0.0,0.0,0.0,0.0
0.0,0.0,0.0,0.0,0.0,0.0,0.5936505890261892,0.0,0.0,0.0,0.0,0.0,0.0,0.0,0.0,0.0,0.0,0.0,0.2707918344183377,0.0,-0.5207193366407472,0.0,0.5000905384575947,0.0,0.0,0.0,0.0,-0.249810548992853,0.21650712311822307,-0.5606708468509991,0.0,0.0,0.0,0.0,0.0,0.0,0.8778574345437248,0.0,0.0,0.0,0.0,0.0,0.0,0.0,0.0,0.0,0.0,0.0,0.0,0.0,0.0,0.0,0.0,0.0,0.0,0.0,0.0,0.0,0.0,0.0,0.0,0.0,0.0,0.0,0.0,0.0,0.0,0.0,0.0,0.0,0.0,0.0,0.0,0.0,0.0,0.0,0.0,0.0,0.0,0.0,0.0,0.0,0.0,0.0,0.0,0.0,0.0,0.0,-0.15035069847342333,0.0,0.0,0.0,0.0,0.0,0.0,0.0,0.0,0.0,0.0,0.0
-0.18665424047748427,0.0,-0.08889816404684366,0.0,0.0,0.0,0.0,0.0,0.0,0.0,0.2910588256131793,0.0,0.0,-0.03294988647525246,-0.3543755023172669,0.0,0.0,0.0,0.05478512785861106,0.09206936202205405,0.0,0.16331667750258766,0.2147244021590069,-0.5045325387157027,0.09645273502607893,-0.13240212537721888,0.21737822936757345,0.5432575200846887,-0.4199392315564101,0.23124240038902802,-0.1707194345782916,0.20041228343982093,-0.007905125228745993,0.3066806020685233,0.0,0.0,0.0,-0.050849595518663915,0.0,0.12954737862418084,0.0,0.07939402147292596,0.346873461624555,-0.08352406321196056,-0.41197616421600775,0.0,0.0,0.5474900101176239,0.0,0.0,0.0,0.0,-0.14139906451541678,0.11486579588174628,0.0,0.0,0.19628020645706878,-0.31534168931807965,0.0,-0.2984965387904078,-0.06721892510286465,0.17380805181118114,-0.05741560962604114,0.0,0.0,0.18218314689655513,0.06111600247598187,0.0,0.0,0.0,0.0,0.0,0.0,-0.08912937146927141,0.22679747745312406,0.0,-0.08056768379239757,0.17263942384251937,-0.08396627101495924,-0.20725067968790117,0.239275789241579,0.0,0.1617750692250564,0.0,0.0,0.0,0.16263576453268552,-0.5055108974730096,0.0,-0.23476370994165585,-0.29443625859762135,-0.08885053123858178,0.37459689223051584,-0.10351925418371355,0.0,0.0786455318645588,0.0,0.0,0.0,0.0
-0.025781121949495552,0.0,0.44096608023172457,-0.10830550343430392,-0.15284741923939854,0.0,0.0,0.0,0.0,0.06306564797247477,0.011670462470085838,0.0,0.0746403439827878,-0.06980184542695053,-0.00893294558964336,-0.22619969625976227,0.0,0.0,-0.03123634156819441,-0.1082824672538991,0.0332568932319747,-0.47945690662714957,0.10333507473894996,0.10757270495920701,0.07265274563256185,-0.01933176252664448,-0.15298944230601302,0.0,-0.24110749343865417,-0.12145485278343306,-0.026742215583122172,0.07005395700166489,0.058495792667574376,0.16103555693974558,0.0,0.0,0.3531432602108503,-0.004490613443025787,0.0,0.0,0.5544281693574552,0.5045380660375158,0.058048879781920526,-0.1848907274283143,0.2569467435676101,-0.2890451290319227,0.494757278239374,0.45801598906991825,0.0,0.0,0.0,0.0,-0.19540076953734004,0.08445822369660425,0.08962428011869819,-0.25392364965617564,-0.021574314477757095,-0.024888992434157292,-0.046424310508495686,-0.05509841911704545,0.0,0.15279854597134868,0.16505458984951213,-0.19070366638363495,0.09031196340984415,0.0,0.028334615273507995,-0.10219333878297837,-0.0269756847739257,0.041133646605244795,0.08103085805188381,0.07007765763120913,0.06523311375332741,0.2181546612992447,-0.0755732649062427,0.03445177467770598,0.15493199642635444,0.0,0.0,0.06916149149371706,0.28263759703234914,-0.800241547986269,-0.05775804145961885,0.0,0.5760460565841895,-0.5178316982008001,-0.17195543466807195,0.07640047630806907,0.2697080557297896,-0.09360095042135243,0.0,-0.07953127186385636,0.0035336618895263072,-0.41229511072351016,0.003198084629191522,0.05102142016595212,-0.1982751066045331,-0.08406631140841364,0.19729235593440683,0.05416379423654928
0.0,0.0,0.0,0.0,0.0,0.0,0.0,0.0,0.0,0.0,0.0,0.0,0.0,0.0,0.0,0.0,0.0,0.0,-0.13359938698452997,0.0,-0.09977741843379145,0.0,0.0,0.0,0.0,0.0,0.0,0.9469424914132909,0.0,0.0,-0.09513053958142585,0.0,0.0,0.0,0.0,0.0,0.0,0.0,0.0,0.0,0.0,0.0,0.0,0.0,0.0,0.0,0.0,0.0,0.0,0.0,0.0,0.0,0.0,0.0,0.0,0.0,0.0,0.0,-0.12205806114637813,0.0,0.0,0.0,-0.10591609613407849,0.0,0.0,0.0,0.0,0.0,0.0,0.0,0.0,0.0,0.0,0.0,0.0,0.0,0.0,0.0,0.0,0.0,0.0,0.0,0.0,0.0,0.0,0.0,0.0,0.0,0.0,0.0,0.0,0.0,0.0,0.0,0.0,0.0,0.0,0.0,0.0,0.0
-0.2706655645495978,0.0,-0.0019504159252664713,0.0,0.0,0.0,0.0,0.0,0.0,0.0,0.0,0.0,0.0,0.5436097600061414,0.2637849024810214,0.9322725970625472,0.0,0.0,-0.3413586993436352,0.0,-0.0866125354023154,-0.3979991635121723,0.0,0.10532488296992099,0.21284660494141366,0.0,-0.28556389851700537,0.4942700778501085,-0.7973297946936606,0.3160138296012509,-0.4682542037341523,0.0,0.31340544742808824,0.0,0.0,0.0,1.0952685519752496,0.0,0.0,-0.23697184079723718,0.0,-0.24417752123418934,0.5235353297103836,-0.3064555481139057,0.4510401638808022,0.0,0.0,0.0,0.0,0.0,0.0,0.0,-0.93702392677912,0.6711881432952174,0.0,0.0,0.0,0.23145126900286275,-0.15589298808691782,0.29596658479948684,-0.7930006005265897,-0.39460807663560354,-0.13056280440865445,0.0,0.0,0.18911308132874366,9.535055427139366e-05,0.0,0.0,0.0,0.0,0.0,0.0,0.0,0.3060074203549009,0.0,0.5013076099437009,0.0,-0.13175490038326423,0.3082772962183183,0.31227412270808214,0.0,-1.0381206998876646,0.0,0.0,0.0,-1.4667517131286152,0.4510152954277183,0.0,-0.23318418461248727,0.32921323762479043,0.09849662065316592,0.57305011711253,0.22588621602371314,0.0,0.0,0.0,0.0,0.0,0.0
0.8735244785750148,0.0,-0.620082408635906,0.13003605874494623,-0.885023144304466,1.0053325970454479,-0.1343726571010545,-0.01592719990933783,0.0,-0.6440159771687524,0.10292934247155144,-0.32807406150120555,1.0206273457235202,0.0,-0.888948702151491,0.18851944721698538,-0.17563403860719845,0.0,0.26913080943341383,0.0,-0.01522091934146419,0.5999553507289834,0.5183960749195968,-0.20538504806930796,-0.03840814132201342,-0.22272670776051978,-0.6079045025704439,-0.2764183580674604,0.16208618148646187,0.8233687373687649,0.0,-0.1623987101955594,-0.2620001556504817,0.524203751844828,0.0,0.0,-0.5553380336073321,0.46495888975829125,0.0,-0.14521182064414367,-1.551405978952301,-0.34598123529048364,0.17049571315427783,0.6972768144121588,-0.44767852738943653,1.87073972491716,0.55979836876296,-0.7322424453969916,0.0,0.0,0.0,-0.5617867479448373,0.9541308940908653,0.5901315329754265,0.020260252026256642,-0.30165233720655804,-0.13217140111926487,-0.20767263942220926,-0.5469857328513068,0.003549638928116272,1.2290146349481634,0.06284143536850428,-0.508014422578984,0.11555601810304655,0.0,0.7534258228248283,-0.20662244774588956,0.5077580682381934,-0.5419152361760067,-0.3887759088246036,0.08588447402148591,0.46641442838364916,-0.39318217504402625,0.12752915240722656,-0.11907151677248828,0.14003206880715718,-0.614517821628041,-0.9454715311673918,-0.15561419714071867,-0.49265915121215587,0.0,0.8617435387959587,0.7628198657664506,-0.65324242188798,-0.44755618969074173,0.0,0.6195790972298538,-0.20184904914489055,0.9634477065789967,-0.4503021573382151,-0.10782544669688854,0.0,0.85804862199977,0.0,-0.6155340572659456,0.0,-0.24032226779170396,0.19685941785567526,-0.4886404372937464,-0.7822131417998974
0.0,0.0,0.3218981160384318,0.0,0.0,0.0,0.0,0.0,0.0,0.0,0.10947157268974042,0.0,0.0,-0.07075708457107721,0.6865544454505723,0.3497759990141703,0.0,0.0,-0.1386143276816705,0.0,-0.274988946406373,0.3865933858767216,0.0,0.0,0.41158770530310046,0.0,0.0,0.8327294133615174,0.0,0.8632967379551892,0.06059802987159734,0.0,-0.19205312830610594,0.46203809957192105,0.0,0.0,-0.4971203434575728,0.0,0.0,0.0,0.0,0.24599433601489115,0.0,-0.20453262803975797,0.0,0.0,0.0,0.0,0.0,0.0,0.0,0.0,0.0,-0.19779040131814268,0.0,0.0,-0.4334985108146863,0.0,-0.610743438702485,0.22260149135872181,0.0,-0.29964158263236057,-0.2605152507607862,0.0,0.0,0.0,0.0,0.0,0.0,0.0,0.0,0.0,0.0,0.4949242101984875,0.0,0.0,0.0,-1.1452845087760397,-0.058842551692364894,0.0,-0.6392698980821099,0.0,0.0,0.0,0.0,0.0,0.29726343785183257,0.0,-0.12924155209570537,0.0,0.23362974131437575,0.0,0.5193052282232526,0.0,0.0,0.0,0.0,0.0,0.0,0.0
0.055429754996542374,0.0,-0.3069211812047908,0.0,-0.5034816684210034,0.0,-0.0778521768293757,0.0,0.0,0.0,0.21225736050497468,0.0,-0.07508062726664821,-0.19367731423454337,-0.9228742511739914,0.012077015272427521,-0.09836646823401948,0.0,0.27182029506120026,-0.26345052836829136,0.6110179445921716,0.32448818964208015,0.2404913982861894,-0.7894438896986583,0.0,-0.24230322613784766,-0.1577073925501979,-0.0013492211140657406,0.2624802078080735,0.25347265190518936,0.12738131625929205,0.0,-0.21625802737400604,0.09583648881421397,0.019170363426019583,0.0,0.16888606586826224,0.0,0.0,0.21097086870766776,0.0,0.0,0.08964948904885878,0.35543655170997007,-0.23833436148267928,0.3542219610321454,0.0,-0.1269732564613517,0.0,0.0,0.0,0.0,0.3956859082269337,0.16016950366831872,0.1787530362984991,0.029581159943463005,-0.4690479349174287,-0.22363000350511886,-0.44844692912661577,-0.17207418936071686,0.4674182297717786,0.28540473821856327,0.0,0.0,-0.007111538456821942,0.0,0.17178441105633102,0.0,0.0,0.0,0.0,0.0,0.0,-0.15967955106098292,0.0653054576094982,0.3720052917520294,-0.11836529611393426,0.4629101179999728,-0.07849967687013418,-0.3351614645527834,-0.20489851300032313,0.4675856336169997,0.0,0.0,0.0,0.0,0.0,-0.4738452479796501,0.14749096837883904,0.3422571131363411,0.0,0.0,0.24938649237170885,-0.19787344968874887,0.0,0.050546118163581455,0.0,0.0,0.0,0.0
0.0,0.0,0.0,0.0,0.0,0.0,0.0,0.0,0.0,0.0,0.12943743441255523,0.0,0.0,0.0,0.0,0.0,0.0,0.0,0.0,0.0,0.0,0.0,0.0,0.0,0.0,0.0,0.0,0.5046243092273404,-0.2482325742318579,0.0,0.0,0.0,0.0,0.0,0.0,0.0,0.2858154553919994,0.0,0.0,0.0,0.0,0.0,0.0,0.0,0.0,0.0,0.0,0.0,0.0,0.0,0.0,0.0,0.0,0.0,0.0,0.0,0.0,0.0,0.24927661068078122,0.0,0.0,0.0,0.0,0.0,0.0,0.0,0.0,0.0,0.0,0.0,0.0,0.0,0.0,0.0,0.0,0.0,0.0,0.0,0.0,0.0,0.0,0.0,0.0,0.0,0.0,0.0,0.0,0.0,0.23105314506550229,0.0,0.0,0.0,0.0,0.0,0.0,0.0,0.0,0.0,0.0,0.0
0.19526467062917746,0.0,-0.11593957841401838,0.0,0.0,0.0,0.0,0.0,0.0,0.0,-0.08469715142111554,0.0,0.0,0.0,-0.5129842530798143,0.15782242746933953,0.0,0.0,0.10082930098514417,0.0,-0.16250654437154596,0.16178641195953275,-0.09611455798183637,-0.3710103119857381,0.17005733843045404,0.0,-0.4080803970369682,0.2803497153612476,0.5697117674459388,0.0,0.06258810521821015,0.0,-0.2756221685457016,-0.20158178646355793,0.0,0.0,-0.5054027222163657,0.0,0.0,0.5112147967379503,0.0,0.5052737870872354,0.0,0.32702587721024123,0.3382538433000208,0.0,0.0,0.0,0.0,0.0,0.0,0.0,0.4689885794683165,-0.2879898613126021,0.0,0.0,-0.4316571753200326,0.5234950508652475,-0.5400412171780666,0.1393841468324607,0.0,0.12808453259102312,-0.32670446939523307,0.0,0.0,0.2798718090821774,-0.3047207280636761,0.0,0.0,0.0,0.0,0.0,0.0,0.30774334968223677,-0.20809755991885379,0.0,-0.3005243189936758,0.0,0.1885948729691735,0.0,0.0,0.0,0.25835559473156544,0.0,0.0,0.0,0.5744171503307649,-0.5672896282073463,-0.05413302985151394,0.0,0.20284893610970456,-0.2991747904283747,0.0,0.31569800877878956,0.0,-0.1350926752849751,0.0,0.0,0.0,0.0
-0.12634032330324452,0.0,0.12670068834039233,0.0,0.0,0.0,0.3331935844272325,0.0,0.0,0.0,0.0,0.0,0.0,-0.09224336110336533,-0.8670166725263667,0.0,0.0,0.0,0.0,0.0,0.47014355151370657,0.0,-0.29015930777910715,0.0,-0.09812208047418364,0.0,0.4244156210903834,0.15908185647354578,-0.5259485174134725,0.2562329526760066,0.0,0.0,0.14314015482470463,-0.2784655659627684,0.0,0.0,0.7134063024887702,0.0,0.0,0.0,0.0,0.12336987582777352,0.0,0.0,0.0,0.0,0.0,0.0,0.0,0.0,0.0,0.0,0.0,0.0,0.0,0.0,-0.12542643769070946,0.0,-0.1592249670773009,0.0,0.0,0.0,0.0,0.0,0.0,0.5155762462432862,0.0,0.0,0.0,0.0,0.0,0.0,0.0,0.19059661943270692,0.0,0.0,0.17784836356075834,0.0,0.1742886648913163,0.0,-0.4187944099353305,0.0,0.0,0.0,0.0,0.0,0.0,0.0,0.19027170313579925,0.0,0.0,0.0,0.0,0.0,0.0,0.0,0.0,0.0,0.0,0.0
-0.12439946190443563,0.0,-0.2449483558370408,0.0,0.0,0.0,0.18891106348400005,0.0,0.0,0.0,0.0,0.0,0.0,0.0,-0.43081824370060856,-0.38576482498813824,0.0,0.0,0.056789084974391064,0.0,0.0,0.21959070661190633,-0.11767196208269035,0.0,0.16963139292683826,0.0,-0.04500458816078535,-0.4627708705515646,0.4357121642325825,-0.24436909867274642,0.08042844956876036,0.0,0.09927780375350127,0.0,0.0,0.0,0.31864359365032124,0.0,0.0,0.17413544302013162,0.0,-0.3061253124914022,0.0,0.5535986626514932,0.0,0.0,0.0,0.0,0.0,0.0,0.0,0.0,0.0,-0.2972123826058721,0.0,0.0,-0.11931648546547433,0.39914618505704474,0.4051098205047103,-0.32648087940083326,0.1780564672230894,-0.2358095177618041,0.2408990382198972,0.0,0.0,-0.20230487672507755,0.0,0.0,0.0,0.0,0.0,0.0,0.0,0.0,-0.4434517896711044,0.0,-0.119575531897177,0.5968966577479881,0.0,0.0,-0.23208168506817176,0.0,1.1175818820485386,0.0,0.0,0.0,0.0,0.0,-0.01117466208100891,0.0,-0.1102546266518851,0.0,-0.3054950864700933,0.0,0.0,0.0,0.0,0.0,0.0,0.0
0.027934654838763673,0.0,0.37331854608505327,0.0,0.0,0.0,-0.12646175290321301,0.0,0.0,0.0,-0.06300242336893519,0.0,0.0,0.0,-0.5247594838631818,0.37425972294113796,0.05241622960318304,0.0,0.4419323555812418,-0.4016857064777076,-0.106758686798202,-0.5562747877881753,0.3760314815348052,0.0,-0.1781671907386842,-0.25962041393078106,0.2967056327946326,0.9262615681242587,-0.2888843121276097,-0.88616859576753,-0.20219595700032006,0.24116672334984604,-0.28969952822416917,-0.302236148081345,0.0,0.0,-0.45519335180474557,0.0,0.0,0.335537508363315,0.0,-0.200710633625651,0.11593746982799802,0.2638641270738036,0.2874277104322698,0.0,0.0,0.13842725404995193,0.0,0.0,0.0,0.0,-0.1681227340927547,0.920508333067675,-0.30069398617797793,0.0,-0.5016797777237638,0.0,0.08278033479308308,-0.0342585098924033,0.0,0.4297062076573641,-0.14674580592768177,0.0,0.23158972537116995,-0.09514576084618179,0.3584360600506953,0.0,0.0,0.0,0.0,0.0,0.0,-0.1119385822709493,-0.5865647195213511,0.0,-0.2188174751590959,1.0106880915897736,0.2621977653725216,-0.7427777892448424,0.0,-0.49704471391273847,-0.7256488008823127,0.0,0.0,0.0,0.4663668799473967,0.34210917075587366,-0.0521792599617667,-0.16299705354522712,-0.0486395777298394,0.13440882639256785,0.0,0.22459973154808724,0.0,-0.12414846193244398,0.0,0.0,0.0,0.0
-0.5353864084779787,0.0,0.5520914401760035,0.23224441101504292,0.6912248794422164,-0.25906564262970383,-0.7800110334559545,0.0,-0.11270480654604259,0.0,0.0,0.0,-0.6518534135996722,-0.4851148488837903,0.4004742227805085,-0.40153410042076076,1.4497235798560577,0.0,0.12462661608341893,-0.6822963323849353,-0.15443755985037555,-0.2094523442192699,0.32217144161976086,-0.6008015246963982,0.7262998070199095,-0.1069557754664307,0.1349098451644257,1.2094263003432784,-0.9416673499552864,-0.4456559987156444,-0.2552788994714169,0.0,0.09334837542133384,0.22287670590923575,0.04496297064997476,0.0,-0.42545917139455897,-0.6567627745690546,0.0,0.04932717635718381,1.0026407505283286,-0.19252390097793382,0.8548546667098803,-0.3098510031115124,0.2417215417778143,0.0,0.0,0.3913565219578069,0.0,0.0,0.2249917372279785,0.0,0.0,0.44906053265506884,-0.05685979762604182,-0.45438415377555963,0.07935859945297044,-0.2309722709465313,0.5370920789304068,0.3769034295660987,-0.6509339999485271,0.6642916078857012,-0.11892958976457474,0.0,0.0,0.38328512399037973,0.8359681763305632,0.2243798964170868,-0.08508512519634304,-0.11954969853148005,0.0,0.0023904898050909618,-0.526334511670173,-0.08551600554357719,-1.0602079443667622,-0.7358922819748933,0.30578517098874347,1.5454834376858564,-0.0015384932430176357,-0.0986997111668429,0.0,-0.8244747139040914,-1.9682960423563924,0.0,1.493183173286671,0.228155348113501,0.0,0.10171014234729492,0.20577038056954083,0.7773283716058866,-0.3756291769822088,0.2950601490520964,0.2300943042837031,0.6267299220038364,-0.32277287029628,0.29038217771705355,-2.12761753006049,0.143251311280415,0.33475630078977026,-0.09596358741028671
-0.3223489158298869,0.0,0.0,0.0,0.0,0.0,0.17440104914502913,0.0,0.0,0.0,-0.13764673259115245,0.0,0.0,0.0,-0.1401225405119518,-0.5725336105336358,0.0,0.0,0.029125141158927018,0.0,0.771171209865573,0.9274664699415393,-0.238608780396004,-0.7726539504330795,-0.1845497633173387,0.0,1.142344371182682,-0.6507682471673861,0.19427376388100923,-0.38024296967822385,0.60040079153491,-0.0899972250601827,0.0,0.0,0.0,0.0,0.0,0.6472737149251647,0.0,0.0,0.0,-0.34601772138045994,-0.4416132258783501,0.12165182171727172,-0.24843936689219093,0.0,0.0,0.0,0.0,0.0,0.0,0.0,0.9960976432108235,-0.49956854311278565,0.0,0.0,-1.0176169046692103,0.0,0.11859101097001486,0.0,1.1511842409131512,-0.13759979295269045,0.2898761380995654,0.0,0.0,-0.6794762460275192,0.22669135032732188,0.0,0.0,0.0,0.0,0.0,0.0,-0.3343565928594274,0.0,0.0,0.0,0.0,-0.2669059088327931,0.0,-0.8866010157351196,0.0,1.0245105874671987,0.0,0.0,0.0,0.0,0.0,0.27190137622379684,0.38377429441839833,0.0,-0.18150689889485339,-0.16777352129211243,-0.30108778199973085,0.0,0.0,0.0,0.0,0.0,0.0
0.0,0.0,0.11367617216309142,-0.04229528337718469,0.1652689718186589,0.45256727471106506,-0.2980871220080569,0.25434511836879964,0.24102387849583284,0.1723374918589749,-0.043304562170982386,-0.03855048607218266,-0.31083627956010035,0.08721600988703004,0.0,0.11171565674149635,0.0,0.0,-0.12005306342781169,-0.39894575587677694,0.12706740831513036,-0.05015714012768985,0.19877908898810145,-0.4108839870237748,0.0,-0.14846742651723505,-0.17447072717405343,0.0,0.2961241782273334,0.0,0.0,0.13914524262849134,-0.281334748086766,0.0,0.0,0.0,0.12918210101882652,-0.24554821982975972,-0.10707745113694081,0.08926367374306646,0.31686576769158803,0.06955825182007536,0.6216279416437442,0.08167336792231136,-0.32518267350784913,-0.09851382930801938,0.04594701113638308,0.10594116120110872,0.0,0.0,0.2582705607738037,-0.1239354258635216,-0.08898939037840906,0.7172724326954074,-0.1783741777786702,0.0637366527106154,-0.575194633908995,-0.5706904867525092,0.0,0.0,0.43598367908516955,0.386487382183725,0.2155516060734504,-0.2787680224627633,0.37569360948036196,0.0,0.12073107224077208,-0.10746244178515638,0.0,0.39995730143726754,0.17636134819143762,0.08335677333450442,-0.29671269726295757,-0.3149821287388055,0.0,0.24172167625346092,0.0,-0.239457893232332,0.05372757798085051,-0.31051950878117235,0.08161825193763927,-0.4941832017299429,0.0,0.3902353843648798,0.09744539406158403,-0.1910497098039146,-0.1979352711808754,-0.5413725600075782,0.0,0.2164106112348062,-0.19171560220864625,0.12851227982264907,0.08578891575178582,-0.2917464190884692,-0.16915416958845908,0.17008502630918942,-0.2907856062879412,0.18365830479059717,0.5257240872760995,0.5973701945347542
-0.03923944530416948,-0.008442153247769368,-0.02700481112286507,0.0,0.0,0.0,0.2246271094089636,-0.2277420151112428,0.04753657580252453,-0.05513493810953854,0.06109320772355474,-0.22699965372774056,0.0,0.020188146932778137,-0.04239464679748173,-0.025246198307554882,-0.002323859776417872,0.0,0.03070528418563638,0.11959973784660681,0.02116605913401018,0.18249829154109126,0.0,-0.2281926676512552,0.0,0.05281256803989531,-0.32708725029274005,0.4888378607220771,0.0,0.4152878306673661,-0.030230931898964197,0.07833239066394992,-0.027630538722121623,0.1819061179788919,-0.43233416300271066,0.6823154736571702,-0.00751984599404211,-0.0373315902100356,-0.11270582913180993,0.008995555738865846,0.0,-0.18382555954847177,-0.017895271934520368,-0.02216836196415458,-0.13428172914485323,0.3722979952391521,-0.108448203728555,-0.013113440423525885,-0.2228587786678205,0.0,-0.1626379921529028,0.0,-0.07791649149169672,-0.08276581100422913,0.08975962575041155,0.0,0.0,0.0,-0.03069532287503137,0.08020297086254348,-0.19430971902142186,-0.12264968213028477,-0.10449700501849576,0.04156185208426135,-0.06343671884998967,-0.08110214974071404,0.05792158318372949,0.2491403866753492,-0.19362284005880548,0.06039950687348074,0.0,0.0,0.0754539830504736,0.15371587479696586,-0.06132224234011019,0.0,-0.17433756751662138,-0.0014973472253928533,-0.016958387384487864,0.0,0.01651108849381821,-0.2016466280518123,0.0,0.3076842539271216,-0.26612872706283697,0.22845632121070397,-0.030492115341195516,-0.23587080100009714,-0.2347147741825486,0.0,0.0,0.10966146279331963,0.31978662242217065,0.0,-0.1449712452602391,0.08203253633781163,0.0,0.36781043167376376,0.17997419002090245,0.29318633534762634
0.1400150917164692,0.0,-0.21815003836444263,0.0,0.0,0.4827716869975626,0.48455946613912704,0.0,0.0,0.0,0.42988451709921766,0.0,-0.3730456583802764,-0.13438045744388236,-3.2773971786899665,-1.508030603869394,-0.38942551841099604,0.0,0.7498823102633378,0.022971289245529936,1.6596795637397412,-0.32164333193155087,-0.6877439090995403,-0.2086354071005876,-1.2857966809252594,-0.7479609742767801,2.1129275483894254,-1.0882113177991828,0.0,-0.3570665065468341,0.5304820118036212,0.6924108489426413,0.909156583024047,-1.2994205933556018,0.46279814727129165,0.0,0.15298448677381846,0.5768237381766763,0.0,0.579624398808624,-0.5560025791087964,-0.192481244187198,0.0,-1.565082682709718,-0.393255979494223,0.5707433081765833,0.0,-0.42458979784918416,0.0,0.0,0.0,0.0,0.9815708034796239,-0.7678148314879973,0.0,0.0,1.2302323940654842,-0.42075457700917496,1.8271859632590561,-1.3940076784730195,1.078415555855396,1.182668043488588,0.41023124184305204,0.0,0.0,-0.6229358049256758,0.005366866476467225,0.0,0.24456404458001274,0.0,0.0,0.0,0.2219249564032424,0.0,-0.6034758808835029,-0.7968045681668912,-0.35829061665912393,1.3603794757818921,-0.17327561546976206,0.9922045077971333,0.6199216718410275,-1.1007135742984715,0.10047047482533183,0.0,0.6595857594987546,0.0,0.4589893695746539,1.1796540881697644,0.6374755070024566,-0.5835620705093927,-0.9450376187163544,-0.5781693659876544,-0.6639753779763699,1.0571837554846781,0.0,-0.93322062546027,0.0,0.0,-0.5705064296394967,0.0
-0.07561101093922434,0.0,0.04774969539475246,1.007634241277826,0.3374588772093223,0.2001472201646058,-0.5424974719270547,-0.08246061316329611,0.18946811352503035,0.09770402277137857,0.019510596859845873,0.35866510915053706,-0.370763178179608,0.0,0.5381811315848937,0.47037028415530674,0.33245860474573513,0.0,0.08034338698911137,0.029583099461126028,-0.21028018337869744,0.028841755732088248,0.7701666411573233,-0.5720698390989605,-0.004580287697975721,-0.23275347724406092,-0.09065552898926929,1.4194502846900292,0.0,0.0,0.010145825934773861,-0.1868033072187011,-0.1545064583454458,0.0,0.0,0.6884169129757784,-0.958285184336237,-0.36100801114338266,0.0,-0.3348937311029102,0.3230089112420308,-1.268064853937766,0.41389829780162374,0.6659358720851689,0.3245113191014598,-0.739047393527745,-0.673024605892267,-0.47400339266763536,0.0,0.0,-0.29049544099007385,0.0,0.5498643103528296,0.0,0.2624311369138051,-0.5200007110307334,0.09069053725587828,0.0,0.49519512959708245,0.524767919261585,-1.4674110077720335,0.4839573785593325,-0.4364470177251325,0.3494039208265578,0.0,-0.5098920341264246,0.49118198007990765,-0.07334155610640336,0.06605441686119418,0.0,-1.0766124238412138,0.47817798715299803,-0.9986680786961651,-0.4467960802799873,0.025754040825699875,-0.2829207531261761,-0.4208630699269621,1.3508869771343237,0.0,0.0,-0.6502326794150058,0.0,-2.165001186778443,0.5002871756698535,0.551212004985009,0.5767144713446253,0.23250083655876164,0.0,-0.10778775068039745,0.0,0.0,0.17821379742051846,0.5191241426539396,1.0024993008498577,-0.0767194775976015,-0.32794702025462424,-0.1512006096617857,0.48460311933988226,-0.22178865960241756,0.03309390999948453
0.21750026154977517,0.0,0.0,0.0,0.0,0.0,0.19645544306659532,0.0,0.0,0.0,0.0,0.0,0.0,0.2776373396880408,0.23749595030488732,0.5600905285132343,0.0,0.0,-0.16400772603587366,0.0,0.0,0.11269811812877335,-0.24662376938090563,0.0,0.0,0.0,-0.4914443031721948,0.4537174364193803,0.13252941477950647,0.0,-0.30349765904864595,0.0,0.0,0.0,0.0,0.0,0.1960124173172093,0.0,0.0,-0.046327489085706386,0.0,0.0,0.0,0.0,0.0,0.0,0.0,0.0,0.0,0.0,0.0,0.0,0.0,0.2154040464531154,0.0,0.0,0.0,0.0,0.0,0.21999597266030219,0.0,-0.08181311062259256,0.0,0.0,0.0,0.25747944456962824,0.0,0.0,0.0,0.0,0.0,0.0,0.0,0.10448460558408133,0.0,0.0,0.07800446093568486,-0.8505338745164118,0.0,0.0,0.14368937043547791,0.0,0.3306768782884256,0.0,0.0,0.0,-0.35517633008703464,0.0,0.0,0.0,0.2539270937739162,0.0,0.09973546969598385,0.0,0.0,0.0,0.0,0.0,0.0,0.0
0.0,0.0,0.0,0.0,0.0,0.0,0.0,0.0,0.0,0.0,0.0,0.0,0.0,0.0,-0.35492314734194663,0.0,0.0,0.0,0.0,0.0,0.0,0.0,0.0,0.0,0.0,0.0,0.0,0.0,0.0,0.40455388613382104,0.23569217185592592,0.0,0.0,0.0,0.0,0.0,0.0,0.0,0.0,0.0,0.0,0.0,0.0,0.0,0.0,0.0,0.0,0.0,0.0,0.0,0.0,0.0,0.0,0.0,0.0,0.0,0.0,0.0,0.0,0.0,0.0,0.0,0.0,0.0,0.0,0.0,0.0,0.0,0.0,0.0,0.0,0.0,0.0,0.6620897984795848,0.0,0.0,0.0,0.0,-0.11148571769773044,0.0,0.0,0.0,0.0,0.0,0.0,0.0,0.22775464681155339,0.0,0.0,0.0,0.15269257021471389,0.0,0.0,0.0,0.0,0.0,0.0,0.0,0.0,0.0
-0.058577311376777574,0.0,0.6676114016521044,0.0,0.0,0.0,-0.3441978351560756,0.0,0.0,0.0,0.3287649487574096,0.0,0.0,-0.3785269281992329,-0.9255334183627957,0.0,1.038995780713826,0.0,0.3825760410306432,-0.48401721527458164,0.3309638916565113,-0.3961816901730305,0.5820630762157123,-1.2190060491021417,0.0,0.2207321155957333,0.40651658213017583,0.0,-0.6744770170068094,-0.07178987874738373,0.1328270411313538,0.0,-0.23714478117145416,-0.1637982232036248,0.07878448379531183,0.0,0.48507690361116085,-0.12015287842472833,0.0,0.21187575714015755,0.0,-0.5518702364625183,-0.13171904877912183,0.35545574058519247,0.31651655918404703,0.0,0.0,0.16931019409946346,0.0,0.0,0.0,0.0,0.7419951749989252,0.597928513946221,0.0,0.0,-0.2929839078007127,-0.20984569589889757,-1.2727076430184276,-0.2256599103049194,0.48754279958336055,0.0,-0.44435966218677503,0.0,0.0,0.23778254793071002,0.273315691136549,0.0,0.0,0.0,0.0,0.0,0.0,0.12427565641179772,0.0,0.6356197856591111,0.38316032837420144,0.9451302966894211,0.3251522569630368,-0.7311227564462883,-0.352459511279572,0.0,-0.5577421793152506,0.0,0.0,0.0,0.0,-0.34352413985761454,-0.18417172003771196,0.3501182104495789,0.07014696642858684,0.48384300447755446,0.3566206161680432,0.0,0.0,-0.014631148137231875,0.0,0.0,0.0,0.0
-0.5073895032994332,0.0,1.0568385243999363,0.0,0.0,0.0,-0.4221443103671524,0.0,0.0,0.0,0.09957697617713573,0.0,-0.4463471592693984,0.07088925658460378,0.5892076068117514,0.35716779452453284,0.34920537666297835,0.0,-0.1892445369815432,-0.6824630890833694,-0.5104642843699453,-0.18394916813192777,0.4169677851113325,-0.4126260800977711,0.7873379322550833,0.14884179871401848,-0.5402584187906633,1.335274084634118,-0.09734035758723994,-0.6385621795250029,-0.23123104153041082,0.19913870487772134,-0.3586597121276319,0.4715929261655115,0.0,0.0,0.0,-0.3813917256129492,0.0,0.09774312475344249,0.0,-0.7284005930185145,0.0,0.8829135101244456,0.18152827338727429,-0.9849932096424414,0.0,0.0,0.0,0.0,0.0,0.0,-0.1971641573822389,0.9468189340123045,-0.2620540650745779,0.0,-0.3443963837231354,0.0,-1.146926921286413,0.4856196718632582,-0.5298236997233626,-0.36777604213287485,-0.20816333655539498,0.0,0.25663003704074905,0.24356353283676885,0.43633181417366956,0.0,0.0,0.0,0.0,0.0,0.0,0.026264243968708856,0.1189540494580712,0.46442060190286794,0.10214199823400642,0.9633613468045509,0.28160845768596365,-0.2971974470845745,-0.7333869247942634,0.5097477441400124,-1.397355962452543,0.0,0.0,0.0,-0.6729252059887116,0.0,0.23484978567906822,-0.10369276366593366,0.3535096777039015,0.415267367822015,0.5630456237240229,0.6234489110428056,0.0,0.5895936853766874,0.0,0.0,0.0,0.0
0.035278910037611674,0.0,0.45549426893133255,0.0,0.0,0.0,0.38737591841197305,0.0,0.0,0.0,0.0,0.0,0.0,0.0,0.0,0.0,0.0,0.0,0.08658470307259053,0.0,0.20771924178649118,0.0,0.0,0.0,0.0,0.0,0.0,0.0,0.0,0.0,-0.12742000152389396,0.0,0.0,0.0,0.0,0.0,-0.16085068371215058,0.0,0.0,0.0,0.0,0.0,0.0,0.0,0.0,0.0,0.0,0.0,0.0,0.0,0.0,0.0,0.0,0.28801594182332724,0.0,0.0,0.0,0.0,-0.16345764108991404,0.0,0.0,0.0,-0.1632788291313463,0.0,0.0,0.0,0.0,0.0,0.0,0.0,0.0,0.0,0.0,0.0,0.0,0.0,0.0,0.0,0.0,0.0,0.0,0.0,0.0,0.0,0.0,0.0,0.0,0.0,0.12366405140642713,0.0,-0.09781922244427439,0.0,0.0,0.0,0.0,0.0,0.0,0.0,0.0,0.0
0.06347000782653062,0.0,0.10111512808694408,0.0,0.0,0.0,-0.11438328423467989,0.0,0.0,0.0,0.0,0.0,0.0,-0.42029466300302937,0.272753431209972,-0.3423396402947842,0.0,0.0,0.2918549706777662,0.0,-0.06492242501816287,-0.09289945029871981,0.2847687089960081,0.0,-0.17503989374533638,0.0,-0.21185437325373999,0.0,-0.23137735181739372,-0.11675275404920112,-0.08935027985052345,0.0,0.0,0.08584672764442822,0.0,0.0,0.0,0.0,0.0,0.0,0.0,0.11125543767727993,0.0,0.045989328331250544,0.0,0.0,0.0,0.0,0.0,0.0,0.0,0.0,0.1932263099031669,0.41758010376640753,0.0,0.0,0.5908944984165869,0.0,0.0,-0.14179710826261402,0.29073120440341105,0.20841170146421778,0.016521400950620713,0.0,0.0,0.4249254796697967,0.0,0.0,0.0,0.0,0.0,0.0,0.0,-0.45752540079418563,0.0,0.0,-0.10272577452420814,0.0,0.305397853890429,0.0,0.5855067366595994,0.0,-0.6511788799287269,0.0,0.0,0.0,0.0,0.0,0.08736895794603805,0.0,-0.4048332718573454,0.0,0.050765212627445676,0.0,0.0,0.0,0.0,0.0,0.0,0.0
0.0,0.0,0.0,0.0,0.0,0.0,0.0,0.0,0.0,0.0,0.0,0.0,0.0,0.0,0.0,0.0,0.0,0.0,0.0,0.0,0.3221763995710512,0.0,0.0,0.0,0.0,0.0,0.0,0.2498332152501234,0.0,0.0,0.0,0.0,0.0,0.0,0.0,0.0,0.0,0.0,0.0,0.0,0.0,0.0,0.0,0.0,0.0,0.0,0.0,0.0,0.0,0.0,0.0,0.0,0.0,0.0,0.0,0.0,0.0,0.0,0.0,0.0,0.0,0.0,0.0,0.0,0.0,0.0,0.0,0.0,0.0,0.0,0.0,0.0,0.0,0.0,0.0,0.0,0.326217882441198,0.0,0.0,0.0,0.0,0.0,0.0,0.0,0.0,0.0,0.0,0.0,0.0,0.0,0.0,0.0,0.0,0.0,0.0,0.0,0.0,0.0,0.0,0.0
0.0,0.0,0.0,0.0,0.0,0.0,0.0,0.0,0.0,0.0,0.42114398407769,0.0,0.0,0.0,-1.5847080322438571,0.0,0.0,0.0,0.15081062991712718,0.0,0.39124529770784444,-0.1475683942937849,0.0,0.0,-0.2289123942862569,0.0,0.0,0.5470385308027137,0.15135733548753902,0.36315137205635595,0.0,0.0,0.23525247957613638,0.0,0.0,0.0,-0.575021287862029,0.0,0.0,0.0,0.0,0.0,0.0,-0.5488674149708808,0.0,0.0,0.0,0.0,0.0,0.0,0.0,0.0,0.0,-0.38701782717009026,0.0,0.0,0.3540755863854039,0.0,0.11986383162850049,0.0,0.0,0.0,-0.15787726399400287,0.0,0.0,0.7090624234871774,0.0,0.0,0.0,0.0,0.0,0.0,0.0,0.43690576231217937,0.0,0.0,-0.2981655020706821,0.0,0.21101308267486582,0.0,-0.5397970493091451,0.0,0.0,0.0,0.0,0.0,0.6822120826458629,0.0,0.0,0.0,0.0,0.0,0.0,0.0,0.0,0.0,0.0,0.0,0.0,0.0
-0.07273156898928695,0.0,0.0,0.0,0.0,0.0,0.0,0.0,0.0,0.0,0.0,0.0,0.0,0.08971619047163162,0.21282880471841487,0.42539227775368316,0.0,0.0,0.0,0.0,-0.1393714098192519,-0.18241520825896448,-0.06795207248792609,0.0,0.15158354162921264,0.0,-0.26647303119802607,0.3910442958305943,0.0,0.2361348779818708,-0.13087361635424674,0.0,0.0,0.0,0.0,0.0,-0.40472647933259226,0.0,0.0,-0.03785704653165749,0.0,0.0,0.0,0.08466614430067862,0.0,0.0,0.0,0.0,0.0,0.0,0.0,0.0,-0.2856901042823929,-0.3629508057238674,0.0,0.0,0.3002204193728568,0.0,0.16640863702344103,0.0,0.0,-0.0961825798922343,0.0,0.0,0.0,0.0,0.0,0.0,0.0,0.0,0.0,0.0,0.0,0.3192265139237538,0.0,0.0,-0.22632176023902906,0.3015658466949399,0.0,0.0,0.0,0.0,-0.109576422241077,0.0,0.0,0.0,0.45015325037550225,0.0,0.0,0.0,0.1498399724557456,0.0,0.0,0.0,0.0,0.0,0.0,0.0,0.0,0.0
-0.3960446413160837,0.0,0.15575031048830204,0.0,0.0,0.0,0.0,0.0,0.0,0.0,-0.18238663647879147,0.0,0.0,0.0,0.0,0.39939903684384936,0.0,0.0,-0.20737436534915404,0.0,-0.06773261453334657,0.29692620602789577,-0.191385287234007,0.0,0.2676784792563069,0.0,0.0,-0.5188293652878312,-0.17599263493052394,0.4511043543282614,0.11745319105838431,0.0,0.0,0.0,0.0,0.0,0.3769443430210937,0.0,0.0,0.0,0.0,0.0,0.0,0.0,0.0,0.0,0.0,0.0,0.0,0.0,0.0,0.0,0.0,-0.32380865338369524,0.0,0.0,0.0,0.0,-0.4076176755669714,0.2539460753857781,0.0,0.0,0.4622183454080237,0.0,0.0,0.3699619529054895,0.0,0.0,0.0,0.0,0.0,0.0,0.0,0.0,0.0,0.0,0.6346717721523405,-0.28337944709815505,0.0,0.0,-0.15956966211191315,0.0,0.0,0.0,0.0,0.0,-0.2085112121543417,0.0,0.0,0.0,0.32193523179275974,0.0,0.2965454042973598,0.0,0.0,0.0,0.0,0.0,0.0,0.0
0.0,0.0,0.0,0.0,0.0,0.0,0.0,0.0,0.0,0.0,0.0,0.0,0.0,0.0,0.0,0.0,0.0,0.0,0.0,0.0,0.0,0.0,0.0,0.0,0.0,0.0,0.0,0.0,0.0,0.0,0.0,0.0,0.0,0.0,0.0,0.0,0.0,0.0,0.0,0.0,0.0,0.0,0.0,0.0,0.0,0.0,0.0,0.0,0.0,0.0,0.0,0.0,0.0,0.0,0.0,0.0,0.0,0.0,0.0,0.0,0.0,0.0,0.0,0.0,0.0,0.0,0.0,0.0,0.0,0.0,0.0,0.0,0.0,0.0,0.0,0.0,0.0,0.0,0.0,0.0,0.0,0.0,0.0,0.0,0.0,0.0,0.0,0.0,0.0,0.0,0.0,0.0,0.0,0.0,0.0,0.0,0.0,0.0,0.0,0.0
0.23606788544044022,0.0,-1.5348137854416033,1.0635008108298183,0.011786767231620476,0.12468441231474808,-0.3018186100312491,0.0,0.6226613100681893,-2.362852801596134,0.8896688299560244,0.0,0.17492818909703545,0.0,-0.9880799836936491,0.15567455450914933,0.16759869082042256,0.0,0.5991425698327955,0.16362325495496483,0.4003707740436111,0.3572786285089855,-0.12780642510367926,-0.09470481508509615,0.0786326502202572,-0.5041457291270772,0.0,0.0,0.508635147793075,0.1711938177280333,0.04189296146099393,-0.40309575213969506,-0.2626963061428007,-0.2688915191936851,-0.20862513759424567,0.0,0.0,0.5764306660521492,0.0,0.06090778586617644,-1.5375004674298427,-0.06961339152206344,0.6675890773110755,0.7035841285551931,-0.2479032591398781,-0.9787684904114411,-0.374080189716132,0.8952500809304917,0.0,0.0,0.42125468603793725,0.0,-0.30413237050093156,0.0,0.26406283268667186,1.167709353069146,-0.2749587523410868,-0.15222609064706294,1.953918712661172,-1.1177060572963962,0.15794503521438208,0.0,0.18472060949865282,0.0,-0.1779827667486239,1.3889209522561696,0.7937142072637415,-0.31677773288036315,0.7187927978545944,-0.2537197133371847,-0.48985759478506263,0.7000850102896691,-0.8723721970297652,-0.6352854923067341,0.17309692578776464,0.0,-0.7009391001542394,0.7787831654375255,-0.09022694772555118,-0.5479487466956345,-0.838840613971859,1.312499393647503,-0.7568207392929744,0.0,0.0,0.1813583728080566,0.8686103073078718,-0.6288909409473163,-0.40783302311002023,0.0,-0.6924457337704352,0.2802507456300941,-0.21727043867985094,-0.45210413669433613,0.47462094771577146,-0.29310157338910997,1.4019548229298007,-0.13268574010821998,-0.23472403475092052,-0.544759750641957
0.0,0.0,-0.7733809161908549,0.0,0.0,0.0,0.14144060889468124,0.0,0.0,0.0,0.1909947367648855,0.0,0.3542782812327323,0.5123150699228062,-1.8134577869020996,-0.545418931386688,-0.5979476788422793,0.0,0.14516222443148014,0.0,1.7283975157312625,1.0637203023006985,-0.38141528197068086,-0.33637021290908753,-0.5657695745797329,-1.0355200970216645,1.1715392420659017,0.0,0.2921798633671097,0.30007946228471016,0.21179647521556044,-0.16592293045150042,0.8616382264165444,-0.318606367917467,0.3614071163991589,0.0,-0.7266809889756661,0.0,0.0,-0.35231056805076066,0.0,0.2538931226637142,0.0,-0.9501110774717961,0.0007583236518710068,0.0,0.0,-1.458144268239546,0.0,0.0,0.0,0.0,0.11292133529090487,-1.5290058458990596,0.5902834463354709,0.0,0.4997719683017616,-0.7262936473497078,2.697707131328648,-0.6665599671321439,0.4384953310089761,0.5218469685813925,0.6423518787756788,0.0,0.0,0.2491238777602518,-0.1842405626610064,0.0,0.0,0.0,0.0,0.0,0.0,0.31671014163911815,-0.6307952409393427,-1.1636103256565764,-0.5712461027799551,0.0,-0.6699674000550283,1.0603389685955658,-0.980548939455063,0.0,-0.04925045333709943,0.0,0.0,0.0,0.8876870007524834,0.8132084398898015,0.5500593226849266,1.0908883687918403,-0.13083786367546382,-0.8181449279513722,-0.32042739929848296,0.0,0.0,-1.0075597715905973,0.0,0.0,0.0,0.0
0.0,0.0,0.0,0.0,0.0,0.0,0.0,0.0,0.0,0.0,-0.1257484465054483,0.0,0.0,0.25062429892803617,0.0,0.0,0.0,0.0,-0.18253646690428454,0.0,0.23597096810793478,0.0,0.0,0.0,0.0,0.0,0.0,0.0,0.0,0.28803604942671746,0.11631192560795917,0.0,0.0,0.0,0.0,0.0,0.0,0.0,0.0,0.0,0.0,0.0,0.0,0.0,0.0,0.0,0.0,0.0,0.0,0.0,0.0,0.0,0.0,0.0,0.0,0.0,0.0,0.0,0.1397277464847928,0.0,0.0,0.0,0.24074438285864494,0.0,0.0,0.0,0.0,0.0,0.0,0.0,0.0,0.0,0.0,0.0,0.0,0.0,0.09285080504282928,0.0,0.0,0.0,0.0,0.0,0.0,0.0,0.0,0.0,0.0,0.0,0.0,0.0,0.0,0.0,0.0,0.0,0.0,0.0,0.0,0.0,0.0,0.0
0.13922707659971964,0.0,-0.13251558311013856,0.0,0.0,0.0,0.0,0.0,0.0,0.0,0.0,0.0,0.0,-0.3422940620543784,0.0,0.2721689766155916,0.0,0.0,0.0,0.0,0.0,0.0,-0.24474884034148373,0.0,0.0,0.0,-0.09258839345482965,0.0,-0.44319243587982077,0.0,0.0,0.0,-0.17413315195772175,0.4326483078874242,0.0,0.0,-0.24435382877925815,0.0,0.0,0.0,0.0,0.3632323522051081,0.0,0.23920620708495371,0.0,0.0,0.0,0.0,0.0,0.0,0.0,0.0,0.0,0.2834903621703384,0.0,0.0,0.23659007854270486,-0.38205371373173075,0.0,0.0,0.0,0.0,0.0,0.0,0.0,0.375881243761923,0.0,0.0,0.0,0.0,0.0,0.0,0.0,0.3432847807332124,0.0,0.0,0.0,0.0,0.14420578512960003,0.0,-0.3014394401779517,0.0,0.04524431504964348,0.0,0.0,0.0,0.0,0.0,0.4381141483506966,0.0,-0.1605310739046437,0.0,0.0,0.0,0.0,0.18181050408034627,0.0,0.0,0.0,0.0
0.421943613439921,0.0,-0.8939572243891057,0.959403778934714,-0.44632306741500627,0.13888488107461794,0.3701342148792684,0.0,-0.5343452887011563,-1.354047261256117,0.6665666737410734,0.0,0.5044057819332588,-0.3859507614310679,0.19276152254962,0.11459489130678485,0.08020158762473939,0.0,0.08032743089556549,0.3145998953404625,0.04240969143492018,0.456020962973826,-0.42895227430656174,-0.5533513670330313,-0.21449372246349646,0.20618940677788072,0.0,-0.5797450941293426,0.0,0.9863867309288519,0.39638043868340705,-0.5817816991171247,-0.25418825302275133,0.4417241101680741,-1.0478049050418436,0.0,0.5826050335766286,0.3458057760154742,0.0,-0.14824432691425404,-0.8351713055322044,-0.06512528956460217,0.11259175135049815,0.7320540185689681,0.0411051632905578,0.028291482540093837,0.0,0.48683144991517724,0.0,0.0,-0.19639145459388643,0.0,0.17044572173962824,-0.5916337228502022,0.13826735759663472,0.6577683873079905,-0.6461268906817828,0.6758140392641426,0.3679056133341567,-0.4831117040745419,-0.8669025639125456,-0.6866435731107042,-0.05798493542271191,0.0,-0.08087123702750526,0.0,0.050988223902157626,0.0,0.7471836263003474,0.4731731454691839,0.0,0.22585379026877506,-0.07750398274430634,-0.06921420528604902,1.0616930511752245,0.38703274079396555,-0.23720762655346478,-0.23711336334862412,-0.1726652775625082,0.02540588515677411,0.0,0.0,0.13664768213123457,0.0,-0.232216368916903,1.5398421698755762,0.17032684026077527,-0.4325011180472151,-0.7143195171562754,0.0,0.0,0.4354234562871178,0.08051824341660835,-0.7149246272354557,0.1408706333284531,0.31670014597743906,0.0,0.0,0.2783093501539853,-0.19431695292109638
0.12072755633878846,0.0,0.27662656711368294,0.0,-0.6784154339473231,-0.20013709718190198,0.12594686945137532,0.0,0.0,0.0,-0.116810507024253,0.0,-0.16451621988261794,0.0,0.0929236266166095,0.0,0.7603484333176513,0.0,0.0,0.09481583234857871,-0.2924367088554045,-0.26621210284183094,0.28755585157056446,-0.22132062073636127,0.28266114012851706,0.10444881448839083,-0.30989774837546236,0.49641017372525237,-0.368792825190669,-0.18755575190123788,-0.17887602998123026,-0.11348250143270983,-0.1231035410864317,-0.3433665152940391,0.0,0.0,0.7927842696251323,0.0,0.0,0.41948055956910413,-0.1515692924034039,0.07229784932286987,-0.24393759192586495,-0.2918760260606935,0.4268729310808129,0.0,0.0,0.27550466876757884,0.0,0.0,0.0,0.0,0.1544973748100995,0.630850361193343,0.4213489332035917,-0.18445353998184544,-0.15446289468245378,0.15501152061846107,-0.7029556775420882,0.30253903080157063,0.20062303680422933,0.19282349977748692,-0.23478419579307605,0.0,0.057765442817501844,0.08437954200068468,0.35547885137277596,0.0,0.0,0.0,0.0,0.0,0.34749923842066455,-0.26615719541393545,-0.30006560049217657,0.11453202658319234,0.5612875382768074,-0.25109522337496354,-0.04682753493504144,-0.24770622934201197,1.0087147030840597,-0.0704133461345739,-0.583956127811943,0.0,0.0,0.0,-0.7663247031840028,-0.19216750566316432,-0.022958011502111214,-0.49815267463233537,0.15534286511980644,-0.03599062869609981,0.2497421769963781,0.08135452604622534,0.0,0.0,0.0,0.0,0.0,0.0
-0.05814156790091898,0.0,-0.34624752112289503,0.0,-0.5510994673072827,0.13154104833753327,-0.20181960572797494,0.0,0.0,0.0,0.20617966589972586,0.0,0.47412334005603163,0.0,-0.8275798351380182,0.1703758434468009,-0.35341735179862666,0.0,0.2257442124893328,-0.15427930169551463,0.7342782344422422,0.23635132286855987,0.33902229458457833,-0.5548523518099767,0.01779788901982976,-0.23472137419371725,0.3456281123170997,0.0,0.05414185953688247,0.04104135135024249,0.03121130528947733,0.0,0.04712728188180443,0.3718489568880918,-0.1962299832815183,0.0,-0.44139116806715234,-0.26720028695867004,0.0,-0.3083668232574352,0.4355854225280551,0.0,-0.08149763818567063,0.3136710035183453,0.08837005562619288,0.0,0.0,-0.3570338209902787,0.0,0.0,0.17838788262144667,0.0,0.0,-0.1395334211784542,0.08253243877120311,0.026149651537495065,0.07424412491175236,-0.03943967411655959,0.15603763495807332,-0.24606238985528042,0.08716466410793466,-0.1735144289883467,-0.16040308903726894,0.0,-0.1333720694677008,0.2471336106855348,-0.2447929876066149,0.0,0.7309295995377145,0.0,0.0,0.6086666743321156,-0.5155511220681132,0.5509457658271381,-0.10387518752603841,-0.03992218338448211,-0.5139713383859931,0.785333654155431,-0.054939941283868754,-0.21430764245099362,-0.896133112939267,0.20514851532286224,-0.27650100821707413,0.0,0.0,0.0,0.6079399970152756,-0.07070967028428715,0.19070406490440145,0.33915343318392255,0.06392503775550226,-0.3465045043588255,0.2448157555799063,0.07636358775489238,0.0,-0.23260782028335025,0.0,0.0,-0.24521809700835284,0.0
-0.009192880648872609,0.0,0.36164262836374556,-0.0868758601068167,-0.9304619559430927,0.23077269348400384,0.4300977296890858,0.0,-0.12780108275561364,0.7279530346972746,-0.11264138722748562,0.0,-0.2217359949776153,0.5776402779488193,0.0,0.8904005680229489,-0.39347584871138985,0.0,-0.3033916496740416,0.5684636831987804,-0.21125508203085086,0.0,0.28105409144855653,0.24475764586774218,-0.1527584250720636,0.0,0.0,0.0,0.633653146473213,0.7835026804389714,0.12297859719954557,0.06999027822082676,-0.08918910605169507,-0.41865833345955616,-0.1476562342906848,0.0,0.274892468067084,-0.0925150913173225,0.0,-0.4791908017123381,0.5407821368755292,-0.22951410026516844,-0.8238962931863608,0.5959786423369284,0.0,-1.0859058392130514,0.6840718282923216,-0.2687940517599206,0.0,0.0,-0.5394352634752198,0.0,0.061032331617275865,-0.39619996153634873,0.14331217486862594,-0.3242399022227765,-0.36414280601230653,0.834199242667086,-0.9395840145413246,0.2641768921088648,-0.9883905244127027,-0.24018599448107403,-0.11779518664174907,0.0,0.2530282219392941,-0.510537428594844,-0.21093347846531468,-0.40169213865383663,0.60001800376593,0.0,0.0,0.37286398662745335,0.13684443936622814,0.27575991972608194,0.6730570097031736,0.4930406722474072,-0.19718738448419326,-0.21019106673332727,-0.0711280498911115,0.0,-0.630665493487254,0.23177166244983252,0.6521314898388364,0.0,-0.28787611092085297,-0.49316228355863845,-0.041707495744507994,0.18379814381678172,-0.4038490747870389,-0.5131430465541132,0.5219874631118402,-0.06356072101471773,0.45416178968045745,0.23691799832069949,0.0,-0.5044947876220398,1.4337207476488159,-0.5429381969145886,0.11367259466296109,0.5135115723014794
-0.47937371629704173,0.0,0.02413953363327396,0.0,0.851318592663087,-0.8418415035287348,0.0,0.0,0.0,0.0,0.008127262997399472,0.0,-0.6339401672926925,-0.6431708225811844,0.20549427362925557,-0.6677385747431502,0.0,0.0,0.15862942417956857,0.02967985149688679,-0.2951465257062296,-0.3554249082266466,0.0,0.8049594075266369,0.08775581325842174,0.20041897533579456,-0.7902816754491342,0.5397175132241675,0.5484174454847535,-0.3896109473775799,0.06228252491524586,0.10606405897893345,-0.12376047160672514,0.3663507190853319,0.9740432901476023,0.0,-0.42183576412345275,0.4904128577415174,0.0,0.12380866331751787,-1.402218522039054,0.0,0.08672355661231729,0.31835726789955593,-0.5330447153182367,-0.5283970624783869,0.0,0.29759314386417735,0.0,0.0,0.2602198172946053,0.0,-0.1351533842438148,0.13692314303301256,-0.2229080951465848,0.32844989640304534,0.03431121033741813,0.09646831096544795,-0.21893258404702526,-0.18212626282971656,0.5282327822157076,0.3533264734882523,0.0410960347854426,0.0,0.022887634027864756,0.138487846119689,0.45369080589884714,0.0,0.11674672161545252,0.0,0.0,0.0,0.6443254633700094,-0.11655080845018456,0.0,0.3176322009845891,-0.1826291145753273,-0.27444778948379955,0.5057555740662938,0.10604838468182379,-0.47165609302553224,0.0,0.44388531021225486,0.0,0.0,-0.12528301654183654,0.415758124542045,-0.17152632123063055,0.16248327916768462,0.24516743054622983,-0.3759491522427611,0.511664495083378,-0.4262855497117257,-0.20460116079187987,0.0,0.5162617711400275,0.0,0.0,0.05501884991853123,0.0
-0.12984526713676636,0.0,0.5122922619523771,0.0,-0.5541610910033766,0.0,-0.2919118579684317,0.0,0.0,0.0,-0.1603768860311524,0.0,0.0,0.5294004180857024,1.074150265342952,0.6063564369929073,0.6542677577753679,0.0,-0.47001086084380395,0.0,-0.8693614106624765,0.0,0.70494549581085,-0.4564101995460877,0.7106588380629487,0.10980197737021047,-0.5957426266802275,1.2875867896794522,-0.21653502643655503,-0.532990466954495,-0.38310212033282914,0.16263122011453662,-0.2077330943404851,0.20144223646147558,-0.4260491655324734,0.0,-0.44227615627347355,-0.8612902331061543,0.0,-0.3335930519128121,0.9978984587020846,-0.20718735763707974,-0.0729055934417896,0.5784735202867854,0.6710695172207503,-0.9086042246936629,0.0,0.2780688482740048,0.0,0.0,0.0,0.0,-0.4769050994712999,0.7855144952424704,0.42489660111504124,-0.8787139491289557,-0.2988486931144557,0.3824387405726955,-0.7012295518715972,0.8601725258173641,-0.7783635320161973,-0.24629877917756282,-0.5242152140890858,0.0,0.0936227154184941,0.3098395420345247,0.07982010155550268,0.0,0.0,0.0,0.0,0.0,0.0,0.17851837604130988,0.15464593475236565,-0.22146180622796116,0.0,0.8667171776821581,-0.08529256343453229,-0.37634357602124296,-0.22517754084314107,0.34780215369361683,-1.221946789147141,0.0,0.0,0.0,0.0,-0.12014861292083412,-0.37388985615589515,0.19849665155490934,0.3048722211015711,-0.0018025124138444787,0.6381987625824472,0.8769217714434853,0.0,-0.138057860908523,0.0,0.0,0.0,0.0
0.0,0.0,0.0,0.0,0.0,0.0,0.0,0.0,0.0,0.0,-0.33447935823839736,0.0,0.0,0.0,0.0,0.0,0.0,0.0,0.0,0.0,0.0,0.0,0.0,0.0,0.0,0.0,0.0,0.0,0.0,0.0,0.0,0.0,0.0,0.0,0.0,0.0,-0.44535557284597393,0.0,0.0,0.0,0.0,0.0,0.0,0.0,0.0,0.0,0.0,0.0,0.0,0.0,0.0,0.0,0.0,0.0,0.0,0.0,0.0,0.0,0.6091132443810319,0.0,0.0,0.0,0.1392026157824832,0.0,0.0,0.0,0.0,0.0,0.0,0.0,0.0,0.0,0.0,0.0,0.0,0.0,0.23334081552675934,0.0,-0.11258017861991151,0.0,0.0,0.0,0.0,0.0,0.0,0.0,0.0,0.0,0.0,0.0,0.0,0.0,0.0,0.0,0.0,0.0,0.0,0.0,0.0,0.0
0.3164249830690817,0.0,-0.20383323833266553,0.0,0.0,0.0,0.12138225364192738,0.0,0.0,0.0,0.11890387619157007,0.0,0.0,-0.28729482992551286,-0.6296795915219651,0.0,0.0,0.0,0.24391934761764936,0.0,0.12134277139402082,0.30996146910103967,-0.2351645793475113,0.0,-0.3554860223846131,0.0,0.4196117922850153,-0.7136730813763836,-0.28647013262328186,-0.4774790163839501,0.10740543988780453,0.0,-0.05443199822245616,-0.2793208806718657,0.0,0.0,0.550776915415185,0.0,0.0,0.3971158783573121,0.0,0.3633954481965569,0.0,-0.28184975197593226,0.0,0.0,0.0,0.0,0.0,0.0,0.0,0.0,0.16147522157405542,-0.459600016727656,0.0,0.0,-0.24999174672288713,0.37744786354069076,0.49397919711401145,-0.42850887961140854,0.858628247450759,-0.17082914093413815,0.08561153083059182,0.0,0.0,0.3577023876599189,-0.43520755817637835,0.0,0.0,0.0,0.0,0.0,0.0,0.4019255492414566,0.0,0.0,0.37757892634610085,0.36553775368882996,0.0,0.0,-0.15574088788905432,0.0,0.0,0.0,0.0,0.0,-0.2769733960782673,0.0,-0.24091895472409425,0.0,0.06772557661863748,0.0,-0.42581508881406965,0.0,0.0,0.3441176773967068,0.0,0.0,0.0,0.0
0.27317184154775487,0.0,0.0,0.0,0.0,0.0,0.20977775247781835,0.0,0.0,0.0,-0.023371244987169117,0.0,0.0890912757753386,0.15359622343815257,-0.9101568380361044,-0.09992122077270407,0.0,0.0,0.1446880893048893,0.0,0.25547352207040896,0.11036079565514012,-0.18761368506036827,-0.12074831630905616,-0.20596703460746102,-0.3250960942184874,0.5589836593196749,0.2722492485583205,0.1373114589601659,0.0,0.0,0.20644560780514631,0.21242028851043576,-0.411325754926796,0.0,0.0,-0.6380426522531304,0.19153447021671743,0.0,0.0,0.0,0.2973938162846784,-0.1366191951673958,-0.42578416629937454,0.1786194540388083,0.0,0.0,-0.23787904364322687,0.0,0.0,0.0,0.0,0.1625968307853538,-0.31786279264359596,0.0,0.0,-0.1367160382175693,-0.09481301844381174,1.1417158348402001,-0.4117725297618271,0.6671729937319298,0.5234153421734415,-0.05545801830316552,0.0,0.0,0.0742455011166703,-0.4131630999911628,0.0,0.0,0.0,0.0,0.0,0.0,0.4682338849652007,-0.7066345540789747,0.0,-0.10020954301734639,-0.44739546412241343,-0.03594709132494378,0.07309003462687744,-0.20728789489812904,0.0,-0.11038637679178351,0.0,0.0,0.0,0.8549986409170275,0.21614710917345936,0.1494143039749173,0.16874994956775613,0.02371003834384733,-0.567187688594912,-0.34022079589641707,0.5475475810648222,0.0,-0.874808510642733,0.0,0.0,0.0,0.0
0.0,0.0,0.0,0.0,0.0,0.0,0.0,0.0,0.0,0.0,0.0,0.0,0.0,0.0,0.0,0.0,0.0,0.0,0.0,0.0,0.0,0.0,0.0,0.0,0.0,0.0,0.0,0.5391297548263284,0.0,0.0,0.0,0.0,0.0,0.0,0.0,0.0,0.0,0.0,0.0,0.0,0.0,0.0,0.0,0.0,0.0,0.0,0.0,0.0,0.0,0.0,0.0,0.0,0.0,0.0,0.0,0.0,0.0,0.0,0.0,0.0,0.0,0.0,0.18004519744188152,0.0,0.0,0.0,0.0,0.0,0.0,0.0,0.0,0.0,0.0,0.0,0.0,0.0,0.0,0.0,0.0,0.0,0.0,0.0,0.0,0.0,0.0,0.0,0.0,0.0,0.0,0.0,0.0,0.0,0.0,0.0,0.0,0.0,0.0,0.0,0.0,0.0
0.07703428681550041,0.0,0.10760867365257533,0.0,0.0,0.0,0.07935622871748793,0.0,0.0,0.0,-0.038865620711013876,0.0,0.0,0.10649057311309719,0.0,0.0,0.0,0.0,-0.11590341989985734,0.0,0.0,0.0,-0.09582030853934859,0.0,-0.05616992519017124,0.0,-0.07057943986006004,0.327516900614212,0.16207870518608825,0.5070875575416324,0.0,0.0,0.06609949179407601,0.0,0.0,0.0,-0.17150055394262834,0.0,0.0,0.0,0.0,0.02957492099029061,0.0,-0.2624291887166146,0.0,0.0,0.0,0.0,0.0,0.0,0.0,0.0,0.0,-0.2973709768603883,0.0,0.0,0.151042304323837,0.0,-0.12336270398456163,0.0,0.0,0.0,0.0,0.0,0.0,4.650476067197344e-05,0.0,0.0,0.0,0.0,0.0,0.0,0.0,0.2313165556160596,0.0,0.0,0.0,0.0,0.0,0.0,0.0,0.0,0.0,0.0,0.0,0.0,0.3292931922755392,0.0,0.0,0.0,0.27282202073037026,0.0,0.06958243230454185,0.0,0.0,0.0,0.0,0.0,0.0,0.0
0.0,0.0,0.0,0.0,0.0,0.0,0.0,0.0,0.0,0.0,0.0,0.0,0.0,0.5054843834169541,0.0,0.0,0.0,0.0,0.0,0.0,0.0,0.0,0.0,0.0,0.0,0.0,0.0,0.0,-0.14212134085234368,0.4699864907956739,0.14180088436925872,0.0,0.0,0.0,0.0,0.0,0.0,0.0,0.0,0.0,0.0,0.0,0.0,0.0,0.0,0.0,0.0,0.0,0.0,0.0,0.0,0.0,0.0,0.0,0.0,0.0,0.0,0.0,0.0,0.0,0.0,0.0,0.19917526497196344,0.0,0.0,-0.5898676822053154,0.0,0.0,0.0,0.0,0.0,0.0,0.0,0.0,0.0,0.0,0.0,0.0,0.0,0.0,0.0,0.0,0.0,0.0,0.0,0.0,0.0,0.0,0.26173984234820646,0.0,0.0,0.0,0.0,0.0,0.0,0.0,0.0,0.0,0.0,0.0
0.0,0.0,0.0,0.0,0.0,0.0,-0.4650514921215335,0.0,0.0,0.0,-0.08658000024134849,0.0,0.0,0.25237354603882256,0.22707198368360595,0.6692256973273416,0.0,0.0,0.0,0.0,-0.26304604350621485,-0.29247140813483463,0.7682369170919454,0.10571902450021549,-0.22681957415715495,0.0,-0.290989824176887,0.16956336690288348,-0.5373218890541407,-1.1096373893824196,-0.11233384591884323,0.0,-0.15817277337556668,-0.3207490861390948,0.0,0.0,-0.3650632532524377,0.0,0.0,0.2757652315442629,0.0,-0.5294981925336679,0.0,0.0,0.3850621374549621,0.0,0.0,0.0,0.0,0.0,0.0,0.0,0.20932096075204887,0.0,0.0,0.0,-0.18095598533162355,-0.2462986348039358,-0.15531409853612857,0.36069302377145773,0.10293872607612514,0.3529051859212175,-0.10850203316502977,0.0,0.0,0.059160161527781786,0.18442651641057642,0.0,0.0,0.0,0.0,0.0,0.0,-0.3539827773170514,-0.490674647200311,0.0,0.0,1.2473248634693612,0.3031763711118226,0.0,0.0,0.0,-1.3005324363213668,0.0,0.0,0.0,0.20813796770323434,0.4006775783265507,-0.41559401366620774,0.6149917730417032,0.19701858332909716,0.12611279915946344,-0.3317073557396872,0.10989758087065518,0.0,0.49258825190266947,0.0,0.0,0.0,0.0
0.0,0.0,0.0,0.0,0.0,0.0,-0.3497458783642649,0.0,0.0,0.0,0.0,0.0,0.0,0.0,0.0,0.0,0.0,0.0,-0.28274615092963035,0.0,0.0,0.20603156543216222,0.0,0.0,0.18197643890465978,0.0,0.0,0.515504493390496,0.0,-0.35232315719099794,0.0,0.0,-0.18624745056553504,0.48872005772622185,0.0,0.0,-0.6773077448051854,0.0,0.0,0.0,0.0,0.22406215947158303,0.0,0.0,0.0,0.0,0.0,0.0,0.0,0.0,0.0,0.0,0.0,0.15236089613895387,0.0,0.0,0.0,0.0,0.0,0.0,0.0,0.0,0.0,0.0,0.0,0.0,0.0,0.0,0.0,0.0,0.0,0.0,0.0,0.07232316783753757,0.0,0.0,0.269726214001432,0.0,0.0,0.0,0.0,0.0,0.0,0.0,0.0,0.0,0.2878581007138818,0.0,0.0,0.0,0.0,0.0,0.3553412380794007,0.0,0.0,0.0,0.0,0.0,0.0,0.0
0.04633697457919017,0.0,0.29195862540419387,0.0,0.0,0.0,-0.09176997897826895,0.0,0.0,0.0,0.07178661471717271,0.0,-0.1806455764293169,-0.13426585280813558,0.2761118743979829,0.17410962416774317,0.4016358132209819,0.0,0.20835535995931956,0.0,-0.242120496174794,-0.7144114174768401,0.22431679212602307,0.0904977853064749,-0.23379105333170025,-0.08336792351108933,0.31809266952870385,0.0,-0.48832817006067275,-0.8286655775344912,-0.16897731421772416,0.0502589431957237,-0.03014297685643319,-0.46953890507600154,0.4186522419813007,0.0,0.15431150817724532,-0.10101077297899308,0.0,0.13478181227607372,0.0,0.0,-0.08067986732598084,-0.2050723273452858,0.6039965603871191,0.0,0.0,0.11504394462167367,0.0,0.0,0.0,0.0,0.0,0.3470679321794566,-0.35413552647228974,0.0,0.14215978164938936,0.0,0.0,0.0,-0.15374810958361967,0.42815649940995537,-0.2637215498525137,0.0,0.12101918666652184,-0.34323975124698103,0.29290451415522584,0.0,0.0,0.0,0.0,0.0,0.0,-0.17529321799393838,-0.6524213306992936,0.0,0.20270315414923162,1.215106195696624,0.22413267846087043,-0.3795802325658737,0.7198793415587605,0.0,-0.5480663278849706,0.0,0.0,0.0,-0.018804354504937074,0.6313935069160608,-0.40058851500940307,0.0,-0.20922933227645038,0.0,0.0,0.01951259455102805,0.0,-0.27697623741555005,0.0,0.0,0.0,0.0
0.0,0.0,0.1556972232623358,0.0,0.0,0.0,-0.3318560076313607,0.0,0.0,0.0,0.0,0.0,0.0,0.0,-0.30726899200710756,0.4022686637631297,0.0,0.0,0.11612833130322116,0.0,0.0,-0.24665931308764444,0.0,0.0,0.0,0.0,0.0,0.6690184619196503,-0.33050388226393446,0.37405351267456666,-0.2528066112276824,0.0,-0.043784068962595846,0.0,0.0,0.0,-0.4958280652145694,0.0,0.0,0.0,0.0,0.06245390177839927,0.0,0.0,0.0,0.0,0.0,0.0,0.0,0.0,0.0,0.0,0.0,0.0,0.0,0.0,0.0,0.0,-0.21061575585173542,0.0,0.0,0.0,-0.1974212482085015,0.0,0.0,0.5229094101369012,0.0,0.0,0.0,0.0,0.0,0.0,0.0,0.13788152876432339,0.0,0.0,0.0,-0.32142061737216815,0.3833618197583495,0.0,0.0,0.0,0.0,0.0,0.0,0.0,0.2256015330148473,0.0,0.0,0.0,0.24509910256602316,0.0,0.0,0.0,0.0,0.0,0.0,0.0,0.0,0.0
0.0,0.0,0.2731920664049934,-0.5658400308525093,0.0,-0.036966281798881284,0.0,0.0,0.0,0.5415545705377813,-0.16389915240349556,0.0,-0.0018349075158707873,-0.3031503172851195,0.08933025883829283,0.0,0.7043779423304981,0.0,0.2368514968338655,-0.36118916880535645,-0.4322107408655479,0.06841445531865199,0.19742402839835532,-0.18889028320251766,0.017349546317646503,0.07449891295032063,0.19125017084806675,0.0,0.05564467937265652,-0.10721269390887354,-0.02901598969989091,0.023304488178102656,0.05398117119624754,-0.38812994053640554,0.6441307455100224,0.8177423171859014,-0.3798630720822178,-0.1320322373132657,0.0,-0.029901018700954296,-0.2147011140026747,-0.2546249270940154,-0.48687585028967234,-0.0347341503405936,-0.05347334503169851,0.712119918892635,-0.3875067402040234,-0.49792005030518627,0.0,0.0,0.0,0.0,0.3869563903024247,0.3861428049765283,-0.5095280527347834,-0.016598939536027868,0.5064619455817407,-0.2750126813486706,-0.6951062558427447,0.25106200657665784,0.4927038316673597,0.2955765183339388,0.0060134826536687586,0.0,-0.08010939348269006,0.05626975955585839,0.0,0.0,-0.3885502150586755,0.1864749921594464,0.2552146304842665,-0.30419811248925704,0.0,-0.02665411308302884,-0.13795970180863482,0.0,-0.0752711953642175,-0.36879524080255754,0.0,0.014873343208893497,0.6327862020796127,0.0,0.7581998457831126,0.0,-0.34299712831813234,0.40318396949691304,0.2759712188449743,0.3013078959938857,0.12803017603307848,0.0,-0.12884411236842117,0.18175077149606245,0.07384100400023993,0.37694918852354753,-0.21473266946048553,-0.3035663554177589,-0.2687573513022192,0.0,-0.1643130400964256,-0.008886927281989365
0.10083765459906921,0.0,-0.382655737952559,0.0,-0.5300619089011472,0.2025036555291666,-0.13437844059244233,0.0,0.0,0.0,-0.054954119870597284,0.0,0.7803274776856399,0.3068812593186333,0.27531769820093155,0.2909299475799122,-0.4308333249212629,0.0,-0.3154751824241897,0.0,0.21627304785115625,0.7686889329572097,-0.1232107050382637,-0.30662750733811606,0.0,0.14340014625612918,0.18455461101798476,-1.4225921340057317,0.0,0.18058155388178176,0.1186064212126638,0.0,0.0,0.5154200557748112,-0.7065905491332891,0.0,0.14932733046854765,-0.2506461594935774,0.0,-0.07009962598819931,0.4968098237939075,0.047986921331243916,-0.11586080891360007,0.4762998742113628,-0.14147907196756915,0.8767733692850902,0.0,-0.2436600091192787,0.0,0.0,0.0,0.0,0.12629651375291318,-0.4017344640586835,0.31499469371163813,0.0,0.0,-0.12133912863852159,-0.17205318886258214,0.06342033801088479,0.07622933498498957,-0.803429082257714,0.15283016713133996,0.0,-0.05612764737714382,0.0,-0.681475143956705,0.0,0.3420264318692436,0.0,0.0,0.0,-0.2430226086970807,0.1343111860522396,0.4912194672301347,0.3336519656165084,0.13392499116826856,0.0760165988156973,-0.3831594372772238,-0.239640620240601,-0.5346535953521461,0.9406956600278864,0.8169693381656045,0.0,0.0,0.0,-0.3407244346290657,-0.16825532722616016,-0.06235205242147024,0.38180490222774005,0.4058266830540158,-0.030235168467888984,0.20720977429149112,-0.21169811310286274,0.0,0.21633623561152326,0.0,0.0,0.0,0.0
-0.4006746068588608,0.0,0.3749932812749562,0.0,0.0,-0.21315897437981746,-0.24181719784232825,0.0,0.0,0.0,-0.1607192965859828,0.0,-0.26608237475628194,0.0,0.416852532671526,0.17064482087593558,0.21798842148134095,0.0,-0.2015811243961464,-0.009017627074161011,-0.21207680126945735,0.0,0.0,0.10123350707680745,0.4203092517414097,0.102673278365016,-0.1842393206048498,-0.42525070973323553,-0.13510375379607073,0.5635889161862747,0.016061916524565945,0.0,-0.019795933987795084,0.1286786791047331,0.11920269696671743,0.0,0.2920872404023457,-0.16243291962252393,0.0,-0.14085344968680089,0.42048994097017794,0.18932708036177268,-0.026286619341696127,0.11839361679751349,0.05658020089725707,0.03282687362272513,0.0,0.20264770517975175,0.0,0.0,0.2657278684619194,0.0,0.006690335159037553,-0.05744294635718515,0.1391460806066518,-0.014914426550100723,-0.49227142138351465,0.3428584372835657,-0.37136345650730446,0.276587390971911,-0.10406617067817417,-0.13990740477164193,0.0,0.0,0.03204452552737669,0.08087788624483688,0.036574067133364474,0.0,0.17775261184498203,0.0,0.0,0.0,0.0,0.22333487751194828,0.0,0.07274014824121906,0.48691296894655445,-0.009360534621739358,0.016694349359027832,-0.21862781754491717,-0.36843397248001475,0.577109157172932,-0.0785065164291803,0.0,0.0,0.0,-0.37273943645795615,-0.10147307346041007,-0.2314173811466444,0.19136133427314017,0.13881137493774953,0.1327712596502052,0.22287243856128916,0.0,0.0,-0.07061985359972583,0.0,0.0,0.19426369563816123,0.0
0.0,0.0,0.0,0.0,0.0,0.0,-0.1524373907285087,0.0,0.0,0.0,0.0,0.0,0.0,0.0,0.0,0.0,0.0,0.0,0.0,0.0,0.0,0.0,0.0,0.0,0.0,0.0,0.0,0.0,0.0,0.0,0.0,0.0,0.0,0.0,0.0,0.0,0.8098499644219159,0.0,0.0,0.0,0.0,0.0,0.0,0.0,0.0,0.0,0.0,0.0,0.0,0.0,0.0,0.0,0.0,0.0,0.0,0.0,0.0,0.0,0.0,0.0,0.0,0.0,0.0,0.0,0.0,0.0,0.0,0.0,0.0,0.0,0.0,0.0,0.0,0.12751325328682428,0.0,0.0,0.15967656937188301,0.0,0.0,0.0,0.0,0.0,0.0,0.0,0.0,0.0,0.0,0.0,0.0,0.0,0.0,0.0,0.0,0.0,0.0,0.0,0.0,0.0,0.0,0.0
0.47542794058686094,0.0,-0.14653334563754783,0.0,0.0,0.0,0.0,0.0,0.0,0.0,-0.09257467285931739,0.0,0.0,0.0,-0.10405778021498073,0.0,0.0,0.0,0.0,0.0,0.0,0.13202258480487308,-0.24815591356594735,-0.2483820801999268,-0.0903327211270652,0.0,-0.26632035400513326,0.5259488096433053,0.29592127101879767,0.16795083978334396,-0.1539862945851662,0.0,-0.2571330284694484,-0.12093256295859468,0.0,0.0,0.04432912181939418,0.0,0.0,0.1698478332891536,0.0,0.47195157877201477,0.0,0.0,-0.18972404083278116,0.0,0.0,0.0,0.0,0.0,0.0,0.0,0.0,0.3304064939262352,0.0,0.0,-0.20158545863504096,0.0,0.0,0.04834366419117312,0.5415975374973474,0.3676422615556958,-0.09215636288855783,0.0,0.0,0.29137341904092934,-0.15795850048649912,0.0,0.0,0.0,0.0,0.0,0.0,-0.1630518317519059,0.0,0.0,-0.23051127826140946,-1.0570492759337262,0.10411191772168053,0.0,0.17080202393084679,0.0,0.4340649751398588,0.0,0.0,0.0,0.1989852504924596,0.0,0.15056864093128586,0.0,0.0583681791188457,-0.1636775916731207,0.03917420597294177,0.0,0.0,-0.2260475347732162,0.0,0.0,0.0,0.0
0.0,0.0,0.0,0.0,0.0,0.0,0.0,0.0,0.0,0.0,0.0,0.0,0.0,0.0,0.0,0.0,0.0,0.0,0.0,0.0,0.0,0.0,0.0,0.0,0.0,0.0,0.0,0.0,0.0,0.0,0.3032967717747154,0.0,0.0,0.0,0.0,0.0,0.0,0.0,0.0,0.0,0.0,0.0,0.0,0.0,0.0,0.0,0.0,0.0,0.0,0.0,0.0,0.0,0.0,0.0,0.0,0.0,0.0,0.0,0.0,0.0,0.0,0.0,0.0,0.0,0.0,0.0,0.0,0.0,0.0,0.0,0.0,0.0,0.0,0.0,0.0,0.0,0.0,0.0,0.0,0.0,0.0,0.0,0.0,0.0,0.0,0.0,0.0,0.0,0.0,0.0,0.0,0.0,0.0,0.0,0.0,0.0,0.0,0.0,0.0,0.0
0.0,0.0,0.07207019727833347,0.0,0.0,0.0,0.09762012427173329,0.0,0.0,0.0,-0.03576096518747071,0.0,0.0,0.0,-0.2446967403956566,0.2279801975612463,0.0,0.0,0.0,0.0,-0.05180561650486909,-0.36256846250137986,-0.098065095556586,0.0,-0.1461016052459914,0.0,0.06013961084699118,0.0,-0.32928803908326737,0.23111522926052727,-0.14295765377879943,0.0,0.0,-0.11184584586476715,0.0,0.0,0.279589200330554,0.0,0.0,0.3215569209110904,0.0,-0.2011617914409845,0.0,0.0,0.2746522278023349,0.0,0.0,0.0,0.0,0.0,0.0,0.0,-0.24539533348855178,0.3792293380400307,0.0,0.0,0.0,0.20117369235315344,0.28280912638671485,0.0,-0.459887556621985,0.044464343644886016,0.0,0.0,0.0,0.0,0.0,0.0,0.0,0.0,0.0,0.0,0.0,0.0,0.12055612926498765,0.0,0.23950663635878022,-0.015683861564391388,0.0,0.0,0.5336468423093224,0.0,-0.11567821659008953,0.0,0.0,0.0,-0.421326498559074,0.0,0.20217232118835504,0.0,0.0,0.0,0.2693808848055899,0.0,0.0,0.0,0.0,0.0,0.0,0.0
0.0,0.0,-0.31935786955894774,0.0,0.0,0.0,-0.07687109745769335,0.0,0.0,0.0,-0.13117775312679483,0.0,0.0,-0.537511267669436,0.0,0.0,0.0,0.0,0.236118668223938,0.0,0.5562163833993212,0.0,0.0,0.0,0.0,0.0,0.0,0.0,0.0,-0.23993907906089462,0.0,0.0,0.0,0.0,0.0,0.0,0.1128506923756092,0.0,0.0,0.0,0.0,0.5398097370777345,0.0,0.0,0.0,0.0,0.0,0.0,0.0,0.0,0.0,0.0,0.0,0.0,0.0,0.0,0.0,0.0,0.0,0.0,0.0,0.0,0.14043232164619132,0.0,0.0,0.3073920060923491,0.0,0.0,0.0,0.0,0.0,0.0,0.0,0.0,0.0,0.0,0.22958027447605256,0.0,0.0,0.0,0.0,0.0,0.0,0.0,0.0,0.0,0.0,0.0,0.0,0.0,0.0,0.0,0.0,0.0,0.0,0.0,0.0,0.0,0.0,0.0
0.367945442700894,0.0,-0.11409905844111586,0.0,0.0,0.0,0.0,0.0,0.0,0.0,-0.36003165750771154,0.0,0.0,0.5089312200276864,0.5562737301231881,0.0,0.0,0.0,-0.07387793715505636,0.0,0.0,0.0,0.0,0.0,-0.28505796948615403,0.0,0.2514427855000614,0.3311847092678566,-0.38540610362681016,-0.9710505904715433,-0.24746113086090518,0.0,0.0,-0.43803127887130233,0.0,0.0,0.4672890137663655,0.0,0.0,0.2502329187387401,0.0,0.5050681698633224,0.0,-0.8427113548693508,0.5880425420160812,0.0,0.0,0.0,0.0,0.0,0.0,0.0,0.07905979014025401,0.7805430914475311,0.0,0.0,0.3445776883884897,-0.6018566390353577,0.1892442592501186,0.0,0.5878906539824451,0.667113930077772,0.0,0.0,0.0,0.16330058575510106,-0.36200175332482376,0.0,0.0,0.0,0.0,0.0,0.0,-0.4997376502026575,-0.4613310064960243,0.0,0.0,-0.6573253559586847,0.0,0.0,0.5222108262960469,0.0,-1.205766292097269,0.0,0.0,0.0,-0.36281139487224034,0.0,0.11413682812109038,0.378268787998061,0.0,0.0,0.0,0.7714003508574091,0.0,-0.4339719782657233,0.0,0.0,0.0,0.0
0.6366506079417943,0.0,0.0,0.0,0.0,0.0,-0.30903000385759,0.0,0.0,0.0,0.0,0.0,0.0,0.0,0.0,0.0,0.0,0.0,0.11866545394782063,0.0,0.0,0.0,-0.3463208238859132,0.0,0.0,0.0,0.0,0.0,-0.24088345055834062,0.0,-0.2785316305457143,0.0,-0.3371684310795348,0.0,0.0,0.0,0.0,0.0,0.0,0.0,0.0,0.6077165271452163,0.0,0.0,0.0,0.0,0.0,0.0,0.0,0.0,0.0,0.0,0.0,0.09302145839143078,0.0,0.0,0.0,0.0,0.0,0.0,0.0,0.0,0.0,0.0,0.0,0.38494798479228265,0.0,0.0,0.0,0.0,0.0,0.0,0.0,0.22988344245857217,0.0,0.0,0.0,0.0,0.17537309130992354,0.0,0.0,0.0,0.0,0.0,0.0,0.0,0.264871480512041,0.0,-0.06574093868065783,0.0,0.0,0.0,0.0,0.0,0.0,0.0,0.0,0.0,0.0,0.0
0.37877366567143533,0.0,-0.20826975757493177,0.0,0.0,0.0,0.06363215896691446,0.0,0.0,0.0,0.13036948844170534,0.0,0.0,-0.40533552750268953,1.1106773689226952,-0.5529791900845402,0.0,0.0,-0.20506715310782908,0.0,-0.246065477181497,0.7641923938640562,-0.2262823205487366,0.0,0.2560492775185754,0.0,-0.2966234151332126,-0.4460779712461357,0.7450845872025712,-0.19658364598822073,0.15625777850946843,0.0,-0.19078384387690142,0.577024190521747,0.0,0.0,-0.18439335919634633,0.0,0.0,-0.31815501184465367,0.0,0.7268797931617031,0.0,0.4121536951646557,-0.5576169024889912,0.0,0.0,0.0,0.0,0.0,0.0,0.0,0.0,-0.6917274258449244,0.0,0.0,0.0,0.0,0.0,-0.14458921759503815,0.6609494163956251,-0.5243069240357691,0.3183621227401012,0.0,0.0,-0.30587981422969357,-0.3607607513246941,0.0,0.0,0.0,0.0,0.0,0.0,0.16703263839101806,-0.5510590418860478,0.0,0.0,-0.17507136400382345,-0.1073582082095265,0.0,-0.7361026651918471,0.0,1.5306646222966058,0.0,0.0,0.0,0.1920488881017082,0.0,-0.23175523242923457,0.5763684738459194,0.0,0.0,-0.2172172920676531,0.0,0.0,0.28944290639262404,0.0,0.0,0.0,0.0
-0.3437510439857753,0.0,-0.14451818467031538,0.0,-0.373905259901922,-0.6025079556854538,0.30724300163291385,0.0,-0.5157887401668844,0.0,-0.2472294040958054,0.0,0.6142508338649681,0.3822392295044723,1.3045931595638827,0.3390431273316704,-0.21440978020301038,0.0,-0.5498359658798199,0.13811406249730757,-0.3314431770140936,0.24698946367105573,-0.43116858397326036,0.27807439544002294,0.018776350225652716,0.10248442841659405,0.0,0.0,-0.33652394801545693,-0.5003397107311585,-0.2717787995573777,0.4397632379042002,0.13079729487577996,0.24322358368198885,-0.25292574308161203,0.0,0.0,-0.38241298087051956,0.0,-0.02954619618188966,0.29979823467931743,0.3989530074071588,0.6208325950425105,-0.26815791767469965,-0.3479337197643227,0.009807250719657268,0.0,-0.1654934164959248,0.0,0.0,0.11185260721207249,0.0,-0.34713034492350275,-0.14104644498328306,0.9275154791664444,-0.11260681141347223,-0.6075414958591435,0.23496143734418878,0.8333508588287093,0.2643847968852742,-0.4429578102025642,0.03848875891759879,0.12970471803836925,0.0,0.014902858125048768,-0.4587217151451085,-0.35963403487244067,0.0,0.35775581584097343,0.544432304801394,0.0,-0.6132554462835254,0.3726482406835836,0.0,-0.43358459326388227,-0.26545672052165825,0.2043357493587115,-0.1576156639791232,-0.2659512696410588,-0.23140854716039316,-0.42659892986348896,-0.7986680065458975,0.9822498994153702,0.0,-0.8557897498731237,0.0,0.0,0.08959777484779824,0.0,0.9412915279309882,0.21639656730087103,-0.285788800824218,0.2359472906906249,0.03385316396364105,0.0,0.14270639740620233,0.0,0.0,0.4222255997034934,0.08569074775255281
0.0,0.0,0.14581530570312282,0.0,0.0,0.0,0.12818762461296854,0.0,0.0,0.0,0.0,0.0,0.0,-0.059193318719932074,0.0,0.0,0.0,0.0,0.06009890859206853,0.0,0.0,-0.2141186018619906,0.0,0.0,-0.06731788173578349,0.0,-0.04952692985837953,0.0,0.22480718077734044,0.32908754914151356,-0.043341986916766106,0.0,0.1488273935157144,-0.14554297820825232,0.0,0.0,-0.11348440937476448,0.0,0.0,-0.06005243172940654,0.0,-0.15834876401748535,0.0,0.6070118147434931,0.0,0.0,0.0,0.0,0.0,0.0,0.0,0.0,0.06694388241159581,0.026749790034925308,0.0,0.0,-0.1140505444148914,0.0,0.0,0.0,0.0,0.2659027026169375,0.0,0.0,0.0,-0.14377317969936074,0.0,0.0,0.0,0.0,0.0,0.0,0.0,-0.1561435788485651,0.0,0.0,-0.2830888112474577,-0.39307050380219355,0.0,0.0,0.2717169860038289,0.0,0.2149441197874462,0.0,0.0,0.0,0.3750585209263446,0.0,0.06331419567783941,0.0,0.08724160733304899,0.0,0.06641596116571383,0.0,0.0,0.0,0.0,0.0,0.0,0.0
-0.07640447306926981,0.0,0.09133222001017371,0.008183306671673746,-0.13124875068688022,0.025249467464521558,0.0,0.0,-0.2996773902512847,0.23345224755288674,-0.02722430035965983,0.0,0.0991494887107124,-0.33083147197417817,0.4025852705125975,-0.0415610760999567,0.231470653739025,0.0,0.0692304154891868,-0.22451547196484808,0.13491752763678444,-0.11090697111661246,0.09226892689200662,-0.06036987479456453,0.030600366429054567,0.07222305219268577,0.0,-0.21218724511768322,-0.327504717892119,0.0,0.0616081047048925,0.0,0.1153718518729639,0.317896727613977,-0.08269047187106204,0.0,0.18900184057408176,-0.17378881387663472,0.0,-0.2060428696340479,0.15096997045567578,-0.014072593042470938,0.02355316310170097,-0.18010114273970082,0.2487759473965194,0.724153526735984,0.0,-0.20728301657080925,0.0,0.0,-0.08944601801628815,0.0,0.16523818773059412,-0.17939969779500536,0.0,0.0,0.04455926373686167,0.0,-0.28605631681914595,0.16658696769316644,-0.09374833285113496,0.03776811103523081,0.06939033885059911,0.0,0.09593448624503947,-0.16703919834556857,-0.045875798515858934,-0.24288711662616275,0.220783056168328,-0.12284228440764194,0.0,0.05581597608961593,-0.04087859404176288,0.21796358873287008,-0.24818338527959874,-0.012471836364951555,0.01855179408827045,0.1822717452457715,-0.08335628569970716,0.0,0.0,-0.7552485737954763,-0.08535060506199445,0.0,0.21123270559208213,0.31312984762642093,-0.11070299104503137,0.16321948787208354,0.13148355568196868,0.41691619328136476,0.10028051862773708,0.06362645487305446,0.14425263976487385,-0.115569277503549,-0.20983452251740678,0.17818073634441495,0.0,0.36914868692308195,0.0,0.07793521299284487
-0.33127250900834476,0.0,0.4083053541535592,0.0,0.6004709754232105,0.09873320888940973,-0.770449581986697,0.0,0.0,-0.42437054255888174,0.6478074304721452,0.0,-0.5235251657412046,0.0,-1.341970023106339,-0.1413851921365138,0.556437355702913,0.0,0.2772195531549319,-0.20002775059094346,0.0,-0.09002081171512935,0.8994791039905266,-1.0142148823494763,0.9038326764942738,-0.06885665396022578,0.0,1.6035036440845267,0.4756734991899073,0.31879842324366775,0.0,-0.3783591065327072,-0.3355377674444329,0.42640141772812457,0.0,0.0,-1.2291730903119222,-0.33330705005084454,0.0,-0.4563781617289919,0.9645482883760758,-0.530267254583461,-0.43303657010566954,1.1638576518912396,0.28504288965521873,-2.1190443487051267,0.0,0.5419873711023079,0.0,0.0,0.4362373990850987,0.0,-0.44297743824734054,0.7979141508105693,-1.305262034512645,-0.16634035627592825,0.47545239295993535,0.604587750523563,-0.6740154283753541,-0.2685273371027626,-1.2692370713122942,-0.5564874272921061,-0.7516712847377451,0.0,-0.24306496497568153,1.2754291622695368,0.5885350050189992,0.0,0.9643936712334678,-1.5331889879393688,0.0,1.0865960460790474,-0.9966199838173144,0.8512226957338414,0.574654179018617,0.17892590640003903,-0.8133083237183004,1.7974355228653078,0.581380107479015,-0.18123872378276729,-1.2846952108894407,1.084214157171343,-1.8564916609862252,0.0,1.3541690199631402,-0.059629284968564455,1.464654372017589,-0.4990927468591236,-0.3655767763014734,-0.27670262153146885,-0.34696883181241234,0.2369141762988343,0.22765392052969596,0.5689034438232876,0.8236350119961244,0.22336203663953497,0.0,0.0,-0.07841553892282649,0.20144651663618796
-0.1874182716886864,0.0,-0.9000761152463743,0.0,2.002950371596055,0.1817860483208864,-0.33695881790621096,0.0,0.0,0.0,0.38117144380973456,0.0,0.0,-0.42931735094179224,-2.366852186372393,-1.4374290647209131,-1.3113244940851412,0.0,0.580480021945339,-0.21199675844942234,1.653353018187031,0.1936875879118093,-0.6916941576932957,0.0,-1.0844446919938326,-0.35446304066862666,1.0406514846483386,-0.729129264204234,1.233631849963379,-0.416613637552246,0.6285453339306494,0.3725475931243416,0.45088032533172673,0.3053202905359389,0.9797794661210155,0.0,-1.3490034310024233,0.8173081335505368,0.0,-0.059415266717651516,-0.7078996290506031,-0.2954092262837832,0.0,0.1342074246364835,-1.433207016367816,0.0,0.0,-0.7615879352012253,0.0,0.0,0.0,0.0,0.4228811762107042,-1.1056843680006085,-1.3620929246158717,0.926882339679122,0.7438943308295205,-0.6281269677007186,1.6485370235269077,-1.407951846143457,1.376691271322449,0.5109212417081228,0.628807797588795,0.0,0.0,-0.1887484256984844,-0.03377226053429311,0.0,1.17373860558755,0.0,0.0,0.0,-0.5628836974213117,0.13224955006746464,0.5266287370817191,0.0,-1.1814130386477961,0.5720493429009517,0.31123815131374094,0.8998653683192352,-1.5844509125198671,0.0,1.8368440519953206,0.0,-0.19212970611432723,0.0,1.6480603410836787,0.06094181606119209,0.9583289635231285,0.6452845186454854,-1.073845477667129,-0.10566937079087069,-1.0797999499682278,-0.20450699212413537,0.0,0.10628653715436598,0.0,0.0,0.0,0.0
0.15999163607119732,0.0,1.725707427583303,0.0,0.8623846984130632,-1.6163634484031066,0.9180783668129108,0.0,0.0,0.0,-1.0195870327298087,0.0,-1.43678740910329,-0.8709562738369094,3.6519796957683823,-0.7229518591497854,2.2067515986418735,0.0,-0.07783147121695816,0.8147810257229269,-3.258185582591302,-2.0168238156654144,-1.078293683228472,2.871438746787703,-0.519896601837319,0.7037825497793863,-0.4215310726836593,0.0,-1.863095980947207,-2.2987255588975453,-0.34265889288086215,-0.17153662805234815,-0.3289266309247292,-2.36333564779474,0.9599981173753847,0.0,2.152309573334983,1.5515702302679815,0.0,1.9574181970780578,-2.1600557084357606,0.48998339684526115,0.6052468749233093,-1.7986874825882875,1.0688679319469698,-0.44386120093651105,0.0,1.8182177821967054,0.0,0.0,-0.39932094845240673,0.0,0.4998236124256368,1.7414536956325333,0.6787437026511105,0.0,-0.9851919914410983,0.09779338192472586,0.0,0.6647943383986132,1.248248535287017,1.6335163862732665,0.0,0.0,0.4181273983964817,-1.2129581821317128,1.2741380083103016,0.0,-3.0551987313204467,3.5333514002520188,0.0,-3.178492106582736,3.68610740123054,-2.8000874264829547,-1.9428324820673484,-0.2894577751586247,2.614618464327777,-2.298735241916018,0.5723242018129684,-0.457846229507757,4.378894207278107,-2.223797928689123,-1.389510919503642,0.0,0.0,0.2421251043432493,-2.446507617883556,1.666413973421928,-1.252239900311847,-0.9354631647360289,-0.11355614655524521,1.2824103020617237,-1.2200136347432853,-0.0684947242027687,0.0,0.047851468409429665,0.0,0.0,1.7011317305063631,0.0
