0,1,2,3,4,5,6,7,8,9,10,11,12,13,14,15,16,17,18,19,20,21,22,23,24,25,26,27,28,29,30,31,32,33,34,35,36,37,38,39,40,41,42,43,44,45,46,47,48,49,50,51,52,53,54,55,56,57,58,59,60,61,62,63,64,65,66,67,68,69,70,71,72,73,74,75,76,77,78,79,80,81,82,83,84,85,86,87,88,89,90,91,92,93,94,95,96,97,98,99
1.0,0.22281603288797533,0.17965056526207604,0.012127440904419324,-0.18848920863309354,0.2938486051467421,0.13607399794450153,0.21459403905447072,0.36875642343268245,0.045632065775950664,-0.12147995889003083,0.11181911613566291,0.00041109969167523125,0.05981500513874615,0.13196300102774922,0.19856115107913672,-0.16135662898252826,0.2485097636176773,0.011305241521068859,0.3371017471736896,-0.10484119697688117,-0.07009249743062693,0.10010277492291882,0.053037311411833994,0.2576699731034916,0.022816032887975332,0.16258992805755396,-0.12579650565262077,-0.07061000060713951,0.1773895169578623,0.2129496402877698,0.39897225077081194,0.10071942446043167,0.0696813977389517,0.0750256937307297,0.2645426515930113,-0.0748201438848921,0.22425488180883865,0.2029909042199425,0.23494347379239466,0.07759905452458563,-0.07050359712230216,-0.03741007194244605,-0.06310380267214799,0.04254881808838644,0.13833504624871532,0.07194244604316546,0.2534429599177801,0.4846086650111539,0.04953751284686536,0.3514902363823227,0.24152106885919836,0.17277352404745489,0.04008221993833505,0.2665981500513875,0.33689619732785203,0.24234326824254881,0.21459403905447072,0.017677286742034944,-0.14552929085303187,-0.16896197327852006,-0.2,0.032682425488180886,0.025077081192189106,-0.03329907502569373,0.14881808838643373,0.1354573484069887,-0.17060637204522097,-0.12559095580678314,0.07255909558067831,0.05940390544707092,-0.10626927029804728,0.1669064748201439,0.0526207605344296,-0.12682425488180885,-0.17800616649537512,0.08726039376340822,0.05673175745118191,0.09003083247687566,0.19527235354573483,-0.20842754367934224,-0.07029804727646455,-0.05303186022610483,-0.12415210688591984,0.06362094668969338,0.0421377183967112,-0.10534970978503345,0.020966084275436794,0.22918807810894143,-0.2199383350462487,0.0867420349434738,0.12456320657759508,0.08324768756423433,-0.05796505652620761,-0.28242548818088387,-0.08900308324768756,0.17503468855015802,0.25775950668037,0.4795477903391573,0.11181911613566291
0.22281603288797533,1.0,0.2879753340184995,0.06125385405960946,-0.0197327852004111,0.2060743103599923,0.07995889003083248,0.15683453237410072,0.3052415210688592,0.21726618705035972,0.03001027749229188,0.17697841726618704,0.12106885919835561,0.05796505652620761,0.15436793422404932,0.3447070914696814,0.0065775950668037,0.2355601233299075,0.02219938335046249,0.2813977389516958,-0.01295097139126179,0.12250770811921892,0.09660842754367935,0.12210915883189688,0.145639550015017,0.12250770811921892,0.24131551901336074,-0.04049331963001028,-0.0007194614326782774,0.17965056526207604,0.21397738951695788,0.2959917780061665,0.2485097636176773,0.2594039054470709,0.1936279547790339,0.2725590955806783,-0.01500513874614594,0.11099691675231245,0.18798499433836705,0.2211716341212744,0.01428644844889722,0.10154162384378213,0.06885919835560124,-0.0328879753340185,0.12661870503597122,-0.016855087358684483,0.08735868448098665,0.08345323741007195,0.21923017655753793,-0.0008221993833504625,0.15971223021582734,0.37533401849948617,0.16825119504204858,0.20801644398766703,0.3625899280575539,0.22240493319630011,0.25159301130524153,0.3237410071942446,0.11531346351490238,-0.02528263103802672,0.03843782117163413,-0.12538540596094552,0.06289825282631038,0.07708119218910586,-0.09516957862281604,0.23206577595066805,0.06289825282631038,-0.03473792394655704,0.004933196300102775,0.18293936279547793,0.04275436793422405,-0.0020554984583761563,0.02487153134635149,0.04953751284686536,-0.04357656731757451,0.08735868448098665,0.0689655173324463,0.14902363823227133,0.08571428571428572,0.16505652620760536,0.029804727646454265,-0.01747173689619733,0.020349434737923947,0.023638232271325797,0.12590575071869853,0.14470709146968141,-0.02065882113833339,-0.01500513874614594,0.1405960945529291,-0.10215827338129498,0.011305241521068859,0.09023638232271326,0.010688591983556012,0.028982528263103807,-0.09146968139773896,-0.03864337101747174,-0.07677681288723902,0.07872559095580679,0.12990750256937308,-0.022816032887975332
0.17965056526207604,0.2879753340184995,1.0,0.021788283658787256,-0.002877697841726619,0.3454442678902414,0.18067831449126415,0.24933196300102775,0.32990750256937307,-0.06557040082219938,-0.18211716341212744,0.08365878725590956,0.0881808838643371,0.1290853031860226,0.31757451181911617,0.3077081192189106,-0.09126413155190133,0.12209660842754368,0.00041109969167523125,0.28591983556012335,0.0781169702964997,0.036176772867420354,0.3445015416238438,0.046253469254506394,0.11830001557324246,0.04809866392600205,0.18170606372045223,0.09064748201438848,0.12405570703466867,0.3173689619732785,-0.008838643371017472,0.07852004110996917,0.12394655704008223,0.07029804727646455,0.13648509763617678,0.1381294964028777,0.03391572456320658,0.08221993833504625,0.1444061875589971,0.19773895169578623,-0.10946091797176648,-0.011921891058581706,0.022816032887975332,-0.2520041109969168,0.10688591983556013,0.120863309352518,0.1260020554984584,0.13525179856115108,0.20011305848922942,-0.09660842754367935,0.03761562178828366,0.3416238437821172,-0.0013361426606882292,-0.018088386433710177,0.42918807810894144,0.38766700924974307,0.28859198355601234,0.3693730729701953,-0.12271325796505653,-0.24234326824254881,-0.11325796505652622,-0.08180883864337102,0.26885919835560124,0.20739979445015416,0.1301130524152107,0.33771839671120246,-0.045632065775950664,-0.07255909558067831,-0.05015416238437821,0.1183967112024666,0.13854059609455294,0.07852004110996917,0.16752312435765676,-0.00020554984583761563,-0.12661870503597122,-0.003494347379239466,0.35119995935166765,0.39897225077081194,-0.052826310380267215,-0.11901336073997945,-0.026515930113052415,-0.1761562178828366,0.08982528263103802,0.06557040082219938,0.0701988797884662,0.15334018499486127,0.012436404764867365,0.08201438848920864,0.15827338129496404,-0.19506680369989723,-0.16135662898252826,-0.08119218910585818,-0.15868448098663926,0.010071942446043166,-0.04131551901336074,-0.030421377183967115,0.09877177668626064,0.10380267214799589,0.05632065775950668,-0.0762589928057554
0.012127440904419324,0.06125385405960946,0.021788283658787256,1.0,0.3019527235354574,0.0389536975692953,0.3103802672147996,0.5237410071942447,0.20883864337101748,0.05179856115107914,-0.19013360739979446,-0.14511819116135663,0.014799588900308325,0.06927029804727647,0.01274409044193217,0.2511819116135663,-0.11366906474820143,0.045837615621788286,-0.0762589928057554,0.01932168550873587,0.04584232730557745,0.08982528263103802,0.052826310380267215,-0.08757323512186545,0.03340356651720573,-0.12929085303186025,0.05200411099691676,0.046865364850976365,-0.11336656574916285,0.061459403905447074,0.07728674203494348,0.1802672147995889,0.18335046248715314,0.13997944501541623,0.044193216855087356,0.09146968139773896,0.06536485097636177,0.13093525179856116,0.0868492729447349,0.1473792394655704,0.17482912814082138,-0.026927029804727647,0.028776978417266185,-0.10421377183967112,0.015416238437821172,0.027749229188078112,0.10318602261048304,0.13586844809866394,-0.037103653885265445,0.08036998972250771,-0.16485097636176774,0.0750256937307297,-0.043270466165364965,0.44090441932168556,0.12641315519013363,-0.03720452209660843,0.06844809866392601,0.2655704008221994,-0.03535457348406989,-0.09825282631038026,-0.11387461459403907,0.03144912641315519,-0.04501541623843783,-0.006166495375128469,-0.0012332990750256938,0.015621788283658787,-0.1272353545734841,-0.12168550873586846,-0.09516957862281604,-0.007605344295991779,-0.20041109969167523,-0.08612538540596094,-0.11551901336073998,-0.09537512846865365,-0.1276464542651593,-0.06125385405960946,-0.12015005925727232,-0.00945529290853032,0.053854059609455295,-0.1105858170606372,-0.08263103802672148,0.04439876670092498,-0.05714285714285714,0.12209660842754368,0.16208438276194903,0.11366906474820143,0.010997481899510811,0.16238437821171636,-0.05035971223021583,-0.09866392600205551,-0.29640287769784174,-0.18869475847893116,-0.06269270298047276,0.03741007194244605,0.01891058581706064,-0.16505652620760536,-0.0029806259353814344,-0.10565262076053443,-0.11366906474820143,-0.032065775950668035
-0.18848920863309354,-0.0197327852004111,-0.002877697841726619,0.3019527235354574,1.0,-0.0077085153501244,0.031654676258992806,0.21377183967112026,-0.06947584789311408,-0.15292908530318602,-0.09804727646454266,-0.16813977389516957,0.06413155190133607,0.027749229188078112,-0.10565262076053443,0.021377183967112023,-0.08078108941418294,0.02117163412127441,0.008427543679342241,0.006166495375128469,-0.03905848514824985,0.10010277492291882,-0.008427543679342241,-0.27854867039936076,-0.23752505298849985,-0.1868448098663926,0.046248715313463515,0.2380267214799589,-0.014903129676907172,-0.08078108941418294,0.05508735868448099,-0.01788283658787256,0.0974306269270298,0.011716341212744091,0.14655704008221992,-0.04008221993833505,0.06289825282631038,-0.026104830421377186,-0.054165167860207454,-0.13627954779033916,0.003391746754054736,0.0421377183967112,0.08920863309352517,0.0030832476875642346,0.009660842754367936,0.06515930113052415,0.15991778006166496,0.07913669064748202,-0.059920859321633664,0.13257965056526208,-0.0328879753340185,0.04008221993833505,-0.10000513914228056,0.31757451181911617,0.07132579650565263,-0.14285714285714285,0.0355601233299075,0.16649537512846865,-0.20431654676258995,-0.13360739979445016,-0.08345323741007195,0.18191161356628985,0.05858170606372045,0.0024665981500513875,-0.06824254881808839,-0.08304213771839672,-0.21973278520041112,0.08509763617677288,-0.02158273381294964,-0.014182939362795478,-0.15025693730729703,0.06680369989722508,-0.05220966084275437,-0.21253854059609456,-0.16012332990750258,-0.0801644398766701,-0.1322781234081347,-0.02918807810894142,0.11223021582733812,-0.16115107913669066,-0.07810894141829394,0.0394655704008222,0.13730729701952724,0.08633093525179857,0.025592270962413007,0.09969167523124357,0.06238758423367347,0.06659815005138746,-0.0010277492291880781,-0.02589928057553957,-0.1459403905447071,-0.2355601233299075,-0.2394655704008222,0.10606372045220966,0.10606372045220966,-0.03720452209660843,-0.03751477470393874,-0.053854059609455295,-0.1461459403905447,0.015621788283658787
0.2938486051467421,0.2060743103599923,0.3454442678902414,0.0389536975692953,-0.0077085153501244,1.0,0.17482912814082138,0.23526388848579666,0.49755897079936295,0.03217020406118583,-0.11562773025186598,0.08602703130738831,0.06875995692310964,0.04162598289067176,0.09383832686218102,0.16455110767398887,-0.1727735240474549,0.09034379990345796,-0.15283416434179978,0.22293026392559764,-0.06671120942151021,-0.0827380647580019,0.07102112142581281,0.09816518489605894,0.24689073902764927,0.027442314646442863,0.0023639447073714828,-0.19209620252510004,-0.04954260458423271,0.08047690025529874,0.03915925797863195,0.11213320329314293,-0.0989773370955973,0.017986535816956934,-0.006680713303441146,0.1984685752145362,-0.10555527019437011,0.12282234457864878,0.25655257477644156,0.23218048234574692,-0.05139274334463974,-0.24513078813395592,-0.12158898212262886,-0.222724703516261,-0.052726244994850895,-0.07595457124989242,-0.034020247745215684,-0.0025695051167081333,0.3145235892691952,-0.07801017534325892,0.15817873498455268,0.3666169900519165,0.18563058896083873,0.034842489382562285,0.5680661912018341,0.6009558566956982,0.355105607129064,0.3746338460160459,0.0377203351132754,-0.30597666929760453,-0.1489285165644034,-0.09034379990345796,0.13823937527889757,0.14008941896292743,0.12775579440272838,0.15797317457521604,0.18284598410495076,-0.1690734366793952,-0.07266560470050601,0.1302225193147682,0.06937663815111961,-0.022097744003689943,0.1809959404209209,0.13536152954818448,-0.12035561966660896,-0.04840947639878123,0.13999383287079864,0.15016187902042333,-0.028058995874452815,-0.014697569267570522,-0.12405570703466867,-0.12426126744400533,0.015725371314253778,-0.01675317336093703,0.10072977695549389,0.06341538628035673,-0.02343509096515572,-0.08191582312065529,0.1733902052754648,-0.2019631021732593,0.018397656635630234,0.08150470230198198,0.11727221352655921,-0.1164499718892126,-0.22786371374967723,-0.153861966388483,0.06393257272073183,0.0989773370955973,0.29693201128679186,0.03730921429460209
0.13607399794450153,0.07995889003083248,0.18067831449126415,0.3103802672147996,0.031654676258992806,0.17482912814082138,1.0,0.34182939362795484,0.27276464542651596,0.14285714285714285,-0.1471736896197328,0.0750256937307297,0.06721479958890031,0.19609455292908531,0.2838643371017472,0.4906474820143885,0.021377183967112023,0.22692702980472765,0.06783144912641316,0.24809866392600205,0.32953027206655,0.11264131551901337,0.31161356628982534,0.2152328102643031,0.2498586775486989,-0.03494347379239466,0.1895169578622816,0.06844809866392601,0.05909861768428707,0.21664953751284688,0.10750256937307298,0.12415210688591984,0.21603288797533401,0.19897225077081193,0.12661870503597122,0.13072970195272354,0.1103802672147996,0.32559095580678316,0.3437997846155482,0.4485097636176773,0.24204738199390616,-0.024254881808838648,0.06474820143884892,-0.1130524152106886,0.03658787255909558,0.18129496402877696,0.15806783144912642,0.27913669064748203,0.10699419305972667,0.04152106885919836,-0.09064748201438848,0.06947584789311408,-0.02847011669312612,0.034532374100719423,0.13854059609455294,0.09989722507708121,0.13977389516957864,0.1712230215827338,-0.08242548818088387,-0.24563206577595068,-0.20205549845837614,-0.04809866392600205,-0.07194244604316546,-0.015416238437821172,0.07872559095580679,0.20945529290853035,0.10770811921891059,-0.06433710174717369,-0.05097636176772868,0.1093525179856115,0.1500513874614594,-0.017266187050359712,0.033504624871531344,0.11778006166495375,-0.08386433710174718,-0.0972250770811922,0.09424944768085433,0.1617677286742035,0.019938335046248718,-0.1761562178828366,-0.10010277492291882,-0.08612538540596094,0.02857142857142857,0.17697841726618704,0.18366822574229738,0.10359712230215828,0.03217020406118583,0.1354573484069887,0.09085303186022611,-0.13175745118191162,-0.27153134635149023,-0.08324768756423433,0.08591983556012334,0.015827338129496403,-0.013360739979445016,-0.065775950668037,0.11830001557324246,-0.002261048304213772,0.006166495375128469,0.023227132579650568
0.21459403905447072,0.15683453237410072,0.24933196300102775,0.5237410071942447,0.21377183967112026,0.23526388848579666,0.34182939362795484,1.0,0.463103802672148,0.0302158273381295,-0.25323741007194245,-0.09969167523124357,0.09105858170606372,0.04604316546762591,0.11120246659815006,0.2957862281603289,-0.1603288797533402,0.25570400822199385,-0.1471736896197328,0.2628982528263104,-0.03453592371003144,-0.024254881808838648,0.10154162384378213,-0.03309692688878013,0.09363276645284438,-0.12250770811921892,0.0,-0.010071942446043166,-0.03792589552261205,0.12250770811921892,0.1079136690647482,0.21747173689619734,0.06721479958890031,0.13442959917780062,0.06495375128468654,0.17430626927029805,0.0018499486125385406,0.06700924974306269,0.09466056849952763,0.22363823227132582,0.05539853031622735,-0.1130524152106886,-0.033093525179856115,-0.2170606372045221,0.023843782117163412,-0.03741007194244605,0.002672147995889003,0.13114080164439876,0.16228994317128567,-0.036176772867420354,-0.01788283658787256,0.27831449126413155,0.06793771528576305,0.3642343268242549,0.3095580678314491,0.24665981500513876,0.41109969167523125,0.5502569373072971,-0.10462487153134635,-0.23329907502569375,-0.14532374100719425,0.014799588900308325,0.12045220966084276,0.12147995889003083,-0.007194244604316546,0.13052415210688592,-0.028776978417266185,-0.15847893114080164,-0.14758478931140803,0.10154162384378213,-0.06618705035971223,-0.0526207605344296,0.10092497430626927,0.008427543679342241,-0.16526207605344295,-0.13627954779033916,0.03669253306659215,0.12929085303186025,0.05405960945529291,-0.04912641315519013,-0.18067831449126415,-0.06598150051387461,0.014182939362795478,0.0869475847893114,0.08541035007937835,0.11634121274409044,-0.033814687335879036,0.12559095580678314,0.13319630010277492,-0.2,-0.18191161356628985,-0.14080164439876672,-0.05878725590955807,-0.06598150051387461,-0.08078108941418294,-0.18047276464542653,0.011203042308847461,0.024460431654676262,0.06618705035971223,-0.06721479958890031
0.36875642343268245,0.3052415210688592,0.32990750256937307,0.20883864337101748,-0.06947584789311408,0.49755897079936295,0.27276464542651596,0.463103802672148,1.0,0.1194244604316547,-0.15334018499486127,0.09311408016443988,0.0030832476875642346,0.04357656731757451,0.1194244604316547,0.2933196300102775,-0.1936279547790339,0.20431654676258995,-0.11346351490236382,0.2846865364850976,-0.04645904022897087,-0.06207605344295992,0.09455292908530319,0.1190255942149298,0.3197492167231601,0.05179856115107914,0.11017471736896198,-0.1708119218910586,-0.12960583808675824,0.1710174717368962,0.15930113052415212,0.29722507708119217,-0.013360739979445016,0.15868448098663926,0.05508735868448099,0.3371017471736896,-0.0750256937307297,0.1907502569373073,0.26609794988629426,0.3761562178828366,0.09466056849952763,-0.13648509763617678,-0.08735868448098665,-0.27297019527235356,0.004933196300102775,-0.06289825282631038,0.003494347379239466,0.08756423432682425,0.29014851777868245,-0.054265159301130524,0.07173689619732786,0.3568345323741007,0.2105966393653986,0.19979445015416242,0.48879753340185,0.5122302158273382,0.4275436793422405,0.5009249743062693,0.0552929085303186,-0.2641315519013361,-0.1971223021582734,-0.20678314491264133,0.06947584789311408,0.10955806783144913,0.04049331963001028,0.21274409044193218,0.14141829393627955,-0.2974306269270298,-0.11921891058581706,0.09948612538540597,0.011921891058581706,-0.07070914696813978,0.11284686536485097,0.16300102774922917,-0.17266187050359713,-0.07708119218910586,0.12117786130395557,0.12106885919835561,-0.011716341212744091,0.05981500513874615,-0.14121274409044193,-0.09064748201438848,-0.10256937307297019,-0.033504624871531344,0.08952155826611137,0.05714285714285714,-0.05067064090148439,-0.03432682425488181,0.13072970195272354,-0.27276464542651596,-0.03062692702980473,0.08489208633093526,0.13525179856115108,-0.15313463514902365,-0.21521068859198358,-0.23391572456320658,0.028058995874452815,0.052415210688591986,0.19403905447070918,-0.024049331963001026
0.045632065775950664,0.21726618705035972,-0.06557040082219938,0.05179856115107914,-0.15292908530318602,0.03217020406118583,0.14285714285714285,0.0302158273381295,0.1194244604316547,1.0,0.29969167523124357,0.3459403905447071,0.11901336073997945,0.12744090441932168,0.011716341212744091,0.24480986639260022,0.34614594039054475,0.1405960945529291,0.0263103802672148,0.029804727646454265,0.13115428170833368,0.1578622816032888,-0.01932168550873587,0.3866790029676735,0.38593966852956163,0.24501541623843784,-0.00041109969167523125,-0.24809866392600205,-0.04697055353342468,-0.009044193216855088,0.12147995889003083,0.07810894141829394,0.10955806783144913,0.2865364850976362,0.014388489208633093,0.07440904419321687,-0.09393627954779034,0.10236382322713258,0.12508350908135193,0.2207605344295992,0.13700601282287767,0.13689619732785202,0.04049331963001028,-0.10113052415210688,-0.06865364850976362,-0.20719424460431657,-0.11202466598150052,-0.1171634121274409,-0.04553163066806812,-0.1105858170606372,-0.09516957862281604,0.04398766700924975,-0.005858471666094544,-0.0394655704008222,0.10441932168550874,0.046454265159301136,-0.030832476875642344,0.046248715313463515,0.30935251798561153,0.17327852004111,0.1527235354573484,-0.1249743062692703,-0.17142857142857143,-0.144912641315519,-0.1103802672147996,-0.044604316546762585,0.18581706063720455,-0.07995889003083248,0.00986639260020555,0.07029804727646455,0.015621788283658787,-0.09537512846865365,-0.14943473792394654,0.2353545734840699,0.21377183967112026,0.28920863309352524,-0.0697877589697929,-0.08201438848920864,0.046248715313463515,0.1354573484069887,0.04090441932168551,-0.06844809866392601,-0.11366906474820143,-0.039260020554984586,-0.0381314559319487,-0.034532374100719423,-0.11254432411181624,-0.16300102774922917,-0.09496402877697843,0.019938335046248718,-0.013360739979445016,0.25919835560123333,0.2906474820143885,0.02076053442959918,-0.023227132579650568,-0.17841726618705034,-0.20114086053591268,-0.15971223021582734,-0.017266187050359712,-0.128879753340185
-0.12147995889003083,0.03001027749229188,-0.18211716341212744,-0.19013360739979446,-0.09804727646454266,-0.11562773025186598,-0.1471736896197328,-0.25323741007194245,-0.15334018499486127,0.29969167523124357,1.0,0.34820143884892085,0.0131551901336074,0.09188078108941418,-0.1537512846865365,-0.11223021582733812,0.2406988694758479,0.014182939362795478,0.13299075025693732,-0.08879753340184995,0.060643437467019494,0.0972250770811922,-0.1272353545734841,0.18213588337552297,0.036898093475928796,0.19260020554984586,-0.05323741007194245,-0.15868448098663926,-0.05067064090148439,-0.06515930113052415,0.10236382322713258,-0.08324768756423433,-0.0263103802672148,0.09804727646454266,-0.03638232271325797,0.02816032887975334,-0.08098663926002056,0.004316546762589928,-0.03504804979189894,-0.08448098663926003,0.158589855803226,0.21973278520041112,0.10030832476875642,0.12641315519013363,-0.04707091469681397,-0.0984583761562179,-0.03494347379239466,-0.12147995889003083,-0.12097230089461893,0.05981500513874615,-0.05179856115107914,-0.02158273381294964,-0.03751477470393874,-0.06557040082219938,-0.14409044193216855,-0.1445015416238438,-0.1658787255909558,-0.13566289825282632,0.2733812949640288,0.2709146968139774,0.15662898252826313,-0.03144912641315519,-0.11778006166495375,-0.06495375128468654,-0.1064748201438849,-0.18458376156217884,0.15190133607399794,0.06742034943473793,0.0018499486125385406,-0.008427543679342241,0.005960945529290853,-0.03638232271325797,-0.12949640287769784,0.15950668036998975,0.14244604316546763,0.22651593011305243,-0.0831491855766752,-0.15745118191161359,0.0842754367934224,0.2355601233299075,0.06865364850976362,0.07235354573484071,-0.03576567317574512,-0.08468653648509764,-0.09260496440616112,-0.11613566289825283,-0.027647875055779515,-0.13566289825282632,-0.09311408016443988,0.20143884892086333,0.18992805755395686,0.3247687564234327,0.2612538540596095,0.12045220966084276,0.07728674203494348,0.048304213771839674,-0.14193946264695728,-0.0974306269270298,-0.06885919835560124,0.0394655704008222
0.11181911613566291,0.17697841726618704,0.08365878725590956,-0.14511819116135663,-0.16813977389516957,0.08602703130738831,0.0750256937307297,-0.09969167523124357,0.09311408016443988,0.3459403905447071,0.34820143884892085,1.0,0.2353545734840699,0.26187050359712233,0.16875642343268246,0.13216855087358687,0.3551901336073998,0.13484069886947586,0.16156217882836588,0.04707091469681397,0.1667180602906875,0.09414182939362795,0.09208633093525181,0.37249460572962484,0.2389639758538564,0.45837615621788286,0.12127440904419322,-0.1724563206577595,-0.09034379990345796,0.1685508735868448,0.07708119218910586,0.024665981500513877,0.0355601233299075,0.16485097636176774,0.12374100719424462,0.08263103802672148,-0.08653648509763619,0.1459403905447071,0.1875738735196937,0.22322713257965057,0.13083920054277814,0.19979445015416242,0.08119218910585818,-0.05056526207605344,-0.0879753340184995,0.02219938335046249,0.07214799588900309,-0.01644398766700925,0.07739349411524897,-0.11510791366906474,-0.019116135662898253,0.04193216855087359,-0.04553163066806812,-0.15704008221993834,0.09126413155190133,0.022610483042137718,-0.06618705035971223,-0.04131551901336074,0.19547790339157248,0.14779033915724563,0.12271325796505653,-0.08838643371017471,-0.05837615621788284,-0.008016443987667009,-0.06557040082219938,0.06474820143884892,0.15745118191161359,0.005960945529290853,-0.04604316546762591,0.00041109969167523125,0.11593011305241523,-0.10770811921891059,-0.06721479958890031,0.09681397738951696,0.1196300102774923,0.22795477903391573,0.036281412247918844,0.0709146968139774,-0.020349434737923947,0.11901336073997945,-0.03103802672147996,-0.12271325796505653,-0.052826310380267215,-0.1445015416238438,-0.05622077195357396,-0.120863309352518,-0.098566216276924,-0.1551901336073998,-0.09044193216855087,-0.07461459403905447,0.011305241521068859,0.24933196300102775,0.1303186022610483,0.11901336073997945,-0.07831449126413156,-0.10359712230215828,-0.0722544838818327,-0.047482014388489216,0.065775950668037,-0.13052415210688592
0.00041109969167523125,0.12106885919835561,0.0881808838643371,0.014799588900308325,0.06413155190133607,0.06875995692310964,0.06721479958890031,0.09105858170606372,0.0030832476875642346,0.11901336073997945,0.0131551901336074,0.2353545734840699,1.0,0.1093525179856115,0.20575539568345325,0.07954779033915725,0.2696813977389517,0.22733812949640286,0.015621788283658787,0.10873586844809867,0.013156542365726264,0.24090441932168552,0.1788283658787256,0.23147291724699645,0.041009301662661805,0.29146968139773893,0.11140801644398766,0.056937307297019533,0.22251914310692433,0.18047276464542653,-0.05940390544707092,-0.09331963001027749,0.05817060637204522,0.19280575539568348,0.24665981500513876,0.023432682425488183,0.13710174717368964,0.039876670092497436,0.08911043744743806,0.13237410071942446,-0.0038028675727280374,0.1290853031860226,0.21973278520041112,0.016032887975334018,0.15087358684480986,-0.011099691675231244,0.06433710174717369,-0.07852004110996917,-0.01736985458894698,-0.11387461459403907,-0.049948612538540604,0.03782117163412128,-0.11830001557324246,-0.09866392600205551,0.16896197327852006,0.04234326824254882,0.08756423432682425,0.07708119218910586,-0.004316546762589928,0.04090441932168551,0.24727646454265162,0.3868448098663926,0.3773895169578623,0.15190133607399794,-0.08530318602261049,0.0984583761562179,-0.06330935251798561,0.16094552929085304,0.0961973278520041,0.13895169578622815,0.14635149023638233,0.027132579650565262,0.023227132579650568,-0.00472764645426516,0.1410071942446043,0.18437821171634122,0.1423505834656306,0.1749229188078109,-0.08776978417266187,-0.08078108941418294,0.11161356628982529,-0.08612538540596094,0.08653648509763619,0.10709146968139774,0.09794953504891404,-0.0024665981500513875,0.08726039376340822,0.12189105858170607,0.13648509763617678,-0.01747173689619733,-0.05323741007194245,-0.18972250770811921,-0.10071942446043167,0.10503597122302159,0.07749229188078109,0.05220966084275437,-0.0539596074508708,-0.010071942446043166,0.07605344295991778,-0.08530318602261049
0.05981500513874615,0.05796505652620761,0.1290853031860226,0.06927029804727647,0.027749229188078112,0.04162598289067176,0.19609455292908531,0.04604316546762591,0.04357656731757451,0.12744090441932168,0.09188078108941418,0.26187050359712233,0.1093525179856115,1.0,0.3198355601233299,0.22240493319630011,0.18437821171634122,0.15847893114080164,0.516546762589928,0.14429599177800617,0.4526672857707693,0.11695786228160329,0.40431654676258993,0.13814369484012576,0.19476848784647652,0.054470709146968145,0.13340184994861254,0.08468653648509764,0.03299244569853243,0.1983556012332991,-0.01932168550873587,-0.0552929085303186,0.11017471736896198,0.22178828365878725,0.255087358684481,0.0828365878725591,-0.06166495375128469,-0.026104830421377186,0.06382650709903002,0.13586844809866394,0.12590575071869853,0.0696813977389517,0.048509763617677296,-0.19218910585817062,0.0433710174717369,0.0709146968139774,0.23597122302158272,0.2534429599177801,0.17174572200077162,0.0051387461459403904,-0.09907502569373072,0.02487153134635149,-0.12713911317471843,-0.0433710174717369,0.08036998972250771,0.003494347379239466,-0.044604316546762585,-0.048509763617677296,-0.07194244604316546,-0.07153134635149024,-0.0645426515930113,-0.006372045220966085,-0.0006166495375128469,0.07975334018499487,0.17677286742034942,0.12456320657759508,-0.08859198355601235,0.131551901336074,0.07584789311408018,0.05734840698869476,0.16135662898252826,0.022404933196300103,0.03535457348406989,-0.06906474820143885,0.006372045220966085,-0.032065775950668035,0.10658307224105336,0.10688591983556013,-0.031654676258992806,-0.16813977389516957,-0.11880781089414184,-0.054265159301130524,0.027132579650565262,0.06248715313463515,0.07492676920320916,0.06474820143884892,-0.02682563341843291,0.08098663926002056,0.005960945529290853,-0.13648509763617678,-0.13401849948612538,-0.12661870503597122,-0.06639260020554985,-0.00041109969167523125,-0.07728674203494348,-0.10585817060637205,0.08047690025529873,0.046865364850976365,0.03597122302158273,-0.006166495375128469
0.13196300102774922,0.15436793422404932,0.31757451181911617,0.01274409044193217,-0.10565262076053443,0.09383832686218102,0.2838643371017472,0.11120246659815006,0.1194244604316547,0.011716341212744091,-0.1537512846865365,0.16875642343268246,0.20575539568345325,0.3198355601233299,1.0,0.31551901336074,0.0855087358684481,0.19979445015416242,0.15827338129496404,0.35169578622816033,0.4193647879075247,0.016032887975334018,0.5430626927029805,0.15047795330799416,0.14625623124302695,0.07153134635149024,0.19403905447070918,0.18848920863309354,0.3102934378936742,0.41438848920863314,-0.10462487153134635,0.01274409044193217,0.08571428571428572,0.11428571428571428,0.13360739979445016,0.06084275436793423,0.10544707091469682,0.06207605344295992,0.08911043744743806,0.26392600205549843,-0.07081556101647615,-0.015210688591983558,0.023638232271325797,-0.15991778006166496,0.04439876670092498,0.1771839671120247,0.13915724563206577,0.202672147995889,0.14296726469364054,-0.09660842754367935,0.013771839671120247,0.12045220966084276,0.06279870505234678,-0.033710174717368965,0.1484069886947585,0.14552929085303187,0.1525179856115108,0.07173689619732786,-0.09681397738951696,-0.19506680369989723,0.035149023638232274,0.13771839671120248,0.20596094552929087,0.31963001027749227,0.30483042137718397,0.5889003083247688,0.07029804727646455,0.22672147995889005,0.20020554984583763,0.2647482014388489,0.48057553956834537,0.16238437821171636,0.2945529290853032,-0.008016443987667009,0.022610483042137718,0.03432682425488181,0.43712421045438765,0.4877697841726619,-0.1461459403905447,-0.18273381294964028,0.10955806783144913,-0.0894141829393628,0.07790339157245633,0.16546762589928057,0.1881905547477037,0.08838643371017471,0.0539596074508708,0.1724563206577595,0.23227132579650567,-0.1514902363823227,-0.06927029804727647,-0.12682425488180885,-0.10976361767728675,-0.026927029804727647,0.008016443987667009,-0.011510791366906477,0.1460506708336903,0.1868448098663926,0.07810894141829394,-0.0696813977389517
0.19856115107913672,0.3447070914696814,0.3077081192189106,0.2511819116135663,0.021377183967112023,0.16455110767398887,0.4906474820143885,0.2957862281603289,0.2933196300102775,0.24480986639260022,-0.11223021582733812,0.13216855087358687,0.07954779033915725,0.22240493319630011,0.31551901336074,1.0,0.11264131551901337,0.34367934224049335,0.18992805755395686,0.3747173689619733,0.2738205379866779,0.2104830421377184,0.3350462487153135,0.269092405573995,0.26794799357032417,0.06289825282631038,0.28776978417266186,0.0750256937307297,0.0673210340577531,0.24295991778006165,0.19054470709146967,0.30873586844809864,0.3336073997944502,0.39712230215827343,0.19609455292908531,0.24748201438848924,0.07379239465570402,0.26598150051387465,0.2965208904681186,0.38807810894141836,0.11377768656783613,0.0842754367934224,0.14285714285714285,-0.15580678314491267,0.034121274409044194,0.12579650565262077,0.19095580678314492,0.18499486125385406,0.09301608522483443,-0.002877697841726619,0.03473792394655704,0.24090441932168552,0.07204892347249606,0.06289825282631038,0.25570400822199385,0.13319630010277492,0.19979445015416242,0.28221993833504627,-0.008427543679342241,-0.1366906474820144,-0.07831449126413156,-0.10318602261048304,-0.030421377183967115,0.021993833504624874,0.03432682425488181,0.26618705035971224,0.0645426515930113,-0.06803699897225077,0.04316546762589928,0.23720452209660842,0.12332990750256938,0.06906474820143885,0.03802672147995889,0.11366906474820143,-0.015621788283658787,0.05364850976361768,0.1439950667403238,0.2328879753340185,0.13627954779033916,-0.033504624871531344,0.039260020554984586,-0.06433710174717369,0.01788283658787256,0.15354573484069886,0.14666735206170023,0.20801644398766703,-0.012641965174204016,0.054470709146968145,0.14881808838643373,-0.15066803699897224,-0.24768756423432683,0.009660842754367936,0.0036998972250770813,0.07173689619732786,-0.018705035971223024,-0.18293936279547793,0.0531373658135242,0.03432682425488181,0.007810894141829393,-0.06639260020554985
-0.16135662898252826,0.0065775950668037,-0.09126413155190133,-0.11366906474820143,-0.08078108941418294,-0.1727735240474549,0.021377183967112023,-0.1603288797533402,-0.1936279547790339,0.34614594039054475,0.2406988694758479,0.3551901336073998,0.2696813977389517,0.18437821171634122,0.0855087358684481,0.11264131551901337,1.0,0.14902363823227133,0.18848920863309354,-0.047276464542651594,0.25840271490184236,0.14861253854059608,0.011716341212744091,0.30958988754349615,0.07616013165922908,0.3035971223021583,-0.03843782117163413,-0.13895169578622815,0.09075492072213127,-0.0881808838643371,-0.011921891058581706,-0.18437821171634122,0.02548818088386434,0.29784172661870506,0.0972250770811922,-0.11161356628982529,-0.04316546762589928,0.00472764645426516,-0.07965465861795214,-0.010483042137718397,0.018192096226293582,0.189311408016444,0.10853031860226105,0.07009249743062693,-0.09886947584789312,-0.10709146968139774,-0.028365878725590956,-0.1473792394655704,-0.21018551854672532,-0.1658787255909558,-0.16279547790339158,-0.13216855087358687,-0.07163780265382276,-0.1958890030832477,-0.10092497430626927,-0.210688591983556,-0.1551901336073998,-0.19403905447070918,0.1771839671120247,0.38561151079136696,0.34655704008222,0.08489208633093526,-0.03638232271325797,-0.048920863309352525,-0.09455292908530319,-0.05714285714285714,0.07995889003083248,0.23144912641315518,0.22918807810894143,0.11325796505652622,0.10832476875642344,0.0018499486125385406,-0.11510791366906474,0.04234326824254882,0.4047276464542652,0.35847893114080165,-0.03587029142924554,-0.06865364850976362,-0.01644398766700925,0.020966084275436794,0.17019527235354576,0.02959917780061665,0.07523124357656732,0.0073997944501541625,-0.12015005925727232,-0.03432682425488181,-0.07616013165922908,-0.19527235354573483,-0.14861253854059608,0.11757451181911614,-0.04604316546762591,0.10277492291880781,0.033504624871531344,0.15087358684480986,0.09455292908530319,-0.0869475847893114,-0.20257978340126923,-0.15416238437821173,-0.1523124357656732,-0.18458376156217884
0.2485097636176773,0.2355601233299075,0.12209660842754368,0.045837615621788286,0.02117163412127441,0.09034379990345796,0.22692702980472765,0.25570400822199385,0.20431654676258995,0.1405960945529291,0.014182939362795478,0.13484069886947586,0.22733812949640286,0.15847893114080164,0.19979445015416242,0.34367934224049335,0.14902363823227133,1.0,0.1551901336073998,0.5146968139773895,0.1500668113590652,0.13997944501541623,0.21973278520041112,0.22222222339609518,0.1659900305393454,0.0972250770811922,0.14573484069886947,-0.06536485097636177,0.13700601282287767,0.09023638232271326,0.14470709146968141,0.14121274409044193,0.12004110996916752,0.4355601233299075,0.287153134635149,0.36608427543679345,-0.011510791366906477,0.09229188078108942,0.13351148586415462,0.1971223021582734,0.044914949440058166,0.018705035971223024,0.07605344295991778,-0.07255909558067831,0.07543679342240493,-0.11161356628982529,0.07153134635149024,0.13299075025693732,0.26835911438899746,0.044193216855087356,0.20431654676258995,0.29373072970195274,0.16969011790740512,0.0696813977389517,0.2119218910585817,0.1724563206577595,0.37636176772867425,0.21747173689619734,0.028776978417266185,-0.014799588900308325,-0.002877697841726619,0.047482014388489216,0.07543679342240493,0.08715313463514902,-0.051387461459403906,0.18129496402877696,0.17286742034943473,0.13566289825282632,0.1523124357656732,0.4499486125385406,0.22713257965056527,0.06351490236382322,0.25035971223021586,0.1418293936279548,0.01459403905447071,0.004933196300102775,0.08705483335407155,0.04809866392600205,0.11593011305241523,0.07728674203494348,0.01891058581706064,0.018088386433710177,0.16320657759506682,0.1590955806783145,0.031142402014502576,0.15025693730729703,-0.085615910488715,-0.015210688591983558,0.3586844809866393,-0.08345323741007195,0.0328879753340185,0.005755395683453238,0.047482014388489216,-0.022610483042137718,-0.1418293936279548,-0.09352517985611512,-0.09466056849952763,0.19609455292908531,0.294141829393628,0.04974306269270298
0.011305241521068859,0.02219938335046249,0.00041109969167523125,-0.0762589928057554,0.008427543679342241,-0.15283416434179978,0.06783144912641316,-0.1471736896197328,-0.11346351490236382,0.0263103802672148,0.13299075025693732,0.16156217882836588,0.015621788283658787,0.516546762589928,0.15827338129496404,0.18992805755395686,0.18848920863309354,0.1551901336073998,1.0,0.10688591983556013,0.3467982339215657,0.16012332990750258,0.25673175745118193,0.09826292579401802,0.0044195488007379895,0.06104830421377184,0.19136690647482016,0.12415210688591984,0.02456446891572975,0.06598150051387461,0.014388489208633093,-0.046659815005138744,0.1747173689619733,0.24768756423432683,0.2024665981500514,0.06639260020554985,0.016032887975334018,-0.06515930113052415,0.016136492132927078,0.0006166495375128469,0.12672799235604512,0.15889003083247688,0.08263103802672148,-0.02816032887975334,0.016649537512846865,0.08201438848920864,0.25077081192189105,0.22096608427543682,0.08787707499141816,0.1091469681397739,-0.010688591983556012,-0.06022610483042138,-0.03792589552261205,-0.09434737923946558,-0.08036998972250771,-0.1605344295991778,-0.12559095580678314,-0.17019527235354576,-0.015210688591983558,0.08180883864337102,-0.01932168550873587,-0.07173689619732786,-0.09516957862281604,-0.012332990750256938,0.07070914696813978,0.0008221993833504625,-0.07050359712230216,0.13401849948612538,0.18396711202466598,0.08448098663926003,0.1366906474820144,0.07584789311408018,0.013566289825282631,-0.03699897225077081,0.07132579650565263,0.011921891058581706,0.06588211119239654,0.02959917780061665,0.045632065775950664,-0.10729701952723536,-0.001644398766700925,0.10606372045220966,0.030421377183967115,0.08591983556012334,0.04512050984939482,0.07338129496402879,0.04059818084398851,0.03247687564234327,-0.002261048304213772,0.011099691675231244,-0.11551901336073998,-0.047687564234326824,-0.09763617677286741,0.046865364850976365,0.0036998972250770813,-0.06803699897225077,0.09281052481549779,0.07934224049331963,0.0014388489208633096,0.06947584789311408
0.3371017471736896,0.2813977389516958,0.28591983556012335,0.01932168550873587,0.006166495375128469,0.22293026392559764,0.24809866392600205,0.2628982528263104,0.2846865364850976,0.029804727646454265,-0.08879753340184995,0.04707091469681397,0.10873586844809867,0.14429599177800617,0.35169578622816033,0.3747173689619733,-0.047276464542651594,0.5146968139773895,0.10688591983556013,1.0,0.18234145434998741,-0.00986639260020555,0.3079136690647482,0.11100832621081536,0.18099594042092093,-0.008633093525179856,0.1788283658787256,0.07749229188078109,0.23834729462584645,0.18293936279547793,0.20493319630010276,0.21500513874614596,0.10996916752312436,0.20349434737923947,0.14265159301130526,0.3593011305241521,0.08448098663926003,0.12127440904419322,0.10987203879043979,0.1932168550873587,-0.07677681288723902,-0.001644398766700925,0.019527235354573486,-0.10770811921891059,0.06166495375128469,0.06330935251798561,0.10010277492291882,0.21664953751284688,0.33331620373937904,0.04193216855087359,0.30853031860226104,0.34820143884892085,0.2453363485432926,0.05878725590955807,0.29558067831449125,0.29558067831449125,0.4406988694758479,0.34922918807810893,-0.04131551901336074,-0.2406988694758479,-0.09516957862281604,0.02959917780061665,0.14470709146968141,0.20205549845837614,0.10010277492291882,0.34182939362795484,0.21747173689619734,0.11695786228160329,0.11798561151079136,0.4078108941418294,0.3815005138746146,0.1484069886947585,0.3882836587872559,0.1301130524152107,-0.08139773895169579,-0.033504624871531344,0.30721003175362444,0.2945529290853032,0.1366906474820144,0.10215827338129498,0.033504624871531344,-0.008016443987667009,0.11531346351490238,0.1013360739979445,0.2003186188985661,0.21130524152106886,0.03134796242383923,0.1420349434737924,0.5085303186022611,-0.10380267214799589,0.08859198355601235,0.04254881808838644,0.03494347379239466,-0.005549845837615622,-0.13874614594039056,-0.055909558067831454,0.14317282510297719,0.36197327852004113,0.2750256937307297,0.12147995889003083
-0.10484119697688117,-0.01295097139126179,0.0781169702964997,0.04584232730557745,-0.03905848514824985,-0.06671120942151021,0.32953027206655,-0.03453592371003144,-0.04645904022897087,0.13115428170833368,0.060643437467019494,0.1667180602906875,0.013156542365726264,0.4526672857707693,0.4193647879075247,0.2738205379866779,0.25840271490184236,0.1500668113590652,0.3467982339215657,0.18234145434998741,1.0,0.03782505930146301,0.371261179882838,0.1700246710526316,0.1534666189003309,-0.031246788118599877,0.0727721249604234,0.0999074935897338,0.25790204073739464,0.1204645910361811,-0.07462226373060366,-0.1554116566951415,0.059204440645768186,0.16404563762264934,0.08058382199007337,-0.03515263663342486,0.01870695867626703,0.03535820760788933,0.05067584937566184,0.15890636326103752,0.029089787775481338,0.032891355914315655,0.0166512489316223,-0.09332922240687068,-0.01295097139126179,0.07708911542417732,0.10936375841509957,0.12478158149993503,-0.0015418615428700357,-0.0651659989052379,-0.13444341729976525,-0.054681879207549786,-0.03690188625935619,-0.029602220322884093,-0.0575598728500524,-0.09189022558561938,-0.056943159926658986,-0.14883338551227834,-0.04131976586735905,-0.04419775950986167,0.0014389968212513101,0.022407236216627543,-0.06866070547113394,0.06722170864988262,0.24586288545950957,0.24791859520415427,0.10340220015562986,0.27094254434417525,0.19919827425607423,0.19611470963910713,0.3574879245937183,0.09065679973883255,0.05632644700326556,0.005139274361611822,0.09682392897276672,0.03433035273556697,0.20630107443601078,0.1681570571119388,-0.06989413131792077,-0.24010689817450434,0.05098160166718928,-0.029191078373955147,0.08839551901972334,0.2031041227708992,0.09035308641218409,0.0832562446581115,0.002364187699067388,0.06146572136487739,-0.0039058485148249847,-0.025696371808059105,-0.10319662918116539,-0.068249563522205,0.011511974570010481,0.010895261646617062,0.05221502751397611,-0.07194984106256551,0.04512514782132971,0.020762668420911762,-0.1023743452833075,-0.03741391735253406
-0.07009249743062693,0.12250770811921892,0.036176772867420354,0.08982528263103802,0.10010277492291882,-0.0827380647580019,0.11264131551901337,-0.024254881808838648,-0.06207605344295992,0.1578622816032888,0.0972250770811922,0.09414182939362795,0.24090441932168552,0.11695786228160329,0.016032887975334018,0.2104830421377184,0.14861253854059608,0.13997944501541623,0.16012332990750258,-0.00986639260020555,0.03782505930146301,1.0,0.22466598150051387,0.18151917045212956,-0.05909861768428707,0.25590955806783144,0.409660842754368,0.16526207605344295,0.058276376046940456,0.2509763617677287,-0.032065775950668035,0.022404933196300103,0.29105858170606375,0.4141829393627955,0.4717368961973279,0.11983556012332991,0.18581706063720455,0.18890030832476876,0.27760933280914674,0.17327852004111,0.37915617502145216,0.3669064748201439,0.5040082219938335,0.1736896197327852,0.16258992805755396,0.21027749229188078,0.38355601233299075,0.1432682425488181,-0.13700601282287767,0.17163412127440908,-0.06618705035971223,-0.03843782117163413,-0.15386196638848304,-0.0302158273381295,0.03597122302158273,-0.1617677286742035,-0.12353545734840699,-0.03247687564234327,0.1196300102774923,0.15827338129496404,0.05508735868448099,0.02528263103802672,-0.06639260020554985,-0.07975334018499487,-0.06783144912641316,0.024254881808838648,-0.14573484069886947,0.04809866392600205,0.13299075025693732,0.08078108941418294,-0.010894141829393628,0.1013360739979445,-0.09044193216855087,0.010277492291880781,0.11613566289825283,0.07564234326824255,-0.011203042308847461,-0.010277492291880781,-0.001644398766700925,-0.014388489208633093,0.22816032887975335,0.11223021582733812,0.02959917780061665,0.16813977389516957,0.09363276645284438,0.10626927029804728,0.14050053978160074,0.1800616649537513,-0.026104830421377186,0.1393627954779034,-0.11880781089414184,-0.10606372045220966,-0.02528263103802672,0.2540596094552929,0.1936279547790339,0.06310380267214799,-0.01716429417961033,-0.0974306269270298,-0.11490236382322713,0.028776978417266185
0.10010277492291882,0.09660842754367935,0.3445015416238438,0.052826310380267215,-0.008427543679342241,0.07102112142581281,0.31161356628982534,0.10154162384378213,0.09455292908530319,-0.01932168550873587,-0.1272353545734841,0.09208633093525181,0.1788283658787256,0.40431654676258993,0.5430626927029805,0.3350462487153135,0.011716341212744091,0.21973278520041112,0.25673175745118193,0.3079136690647482,0.371261179882838,0.22466598150051387,1.0,0.13917154971244813,0.12446682785334198,0.05077081192189106,0.27728674203494347,0.29352517985611515,0.24800863386466904,0.49640287769784175,-0.14881808838643373,-0.01829393627954779,0.14758478931140803,0.2324768756423433,0.29003083247687567,0.11120246659815006,0.16526207605344295,0.0828365878725591,0.1781180946902078,0.265775950668037,0.07204892347249606,0.05775950668036999,0.11223021582733812,-0.17944501541623845,0.1473792394655704,0.22466598150051387,0.31613566289825284,0.31387461459403904,0.15735649334720608,0.016649537512846865,-0.03576567317574512,0.06392600205549846,-0.14132278141894733,-0.0984583761562179,0.1260020554984584,0.08324768756423433,0.06803699897225077,0.020143884892086333,-0.1969167523124358,-0.26187050359712233,-0.13114080164439876,0.1103802672147996,0.17410071942446043,0.19157245632065778,0.26104830421377184,0.4398766700924974,-0.047893114080164445,0.17266187050359713,0.17040082219938338,0.23905447070914698,0.3430626927029805,0.20164439876670093,0.3046248715313464,-0.03494347379239466,-0.09804727646454266,-0.04439876670092498,0.3520222009890142,0.38108941418293935,-0.14141829393627955,-0.24501541623843784,0.0735868448098664,-0.06289825282631038,0.1130524152106886,0.27132579650565264,0.2163523308268248,0.1995889003083248,0.1372115732322143,0.2890030832476876,0.26618705035971224,-0.13648509763617678,-0.202672147995889,-0.2117163412127441,-0.15601233299075026,0.014799588900308325,0.001644398766700925,0.019527235354573486,0.18490158819831728,0.2039054470709147,0.061459403905447074,0.04398766700924975
0.053037311411833994,0.12210915883189688,0.046253469254506394,-0.08757323512186545,-0.27854867039936076,0.09816518489605894,0.2152328102643031,-0.03309692688878013,0.1190255942149298,0.3866790029676735,0.18213588337552297,0.37249460572962484,0.23147291724699645,0.13814369484012576,0.15047795330799416,0.269092405573995,0.30958988754349615,0.22222222339609518,0.09826292579401802,0.11100832621081536,0.1700246710526316,0.18151917045212956,0.13917154971244813,1.0,0.3950249272833032,0.4567787052600587,0.06783842157327605,-0.18398602214570323,0.09096983102933211,0.1735019024480151,-0.024051804012343324,-0.0018501387701802558,-0.003083564616967093,0.30239490343723957,0.07647240250078391,0.07585568957739049,0.0431699046375393,0.0916846546111549,0.21267410214654028,0.3745503154742696,0.05211492014900721,0.0742111217816747,0.08880666096865228,-0.12745400416797317,-0.031246788118599877,-0.13485455924869422,-0.07811697029649968,-0.1545893727972836,-0.08891401563883873,-0.21934422975359255,-0.07009970229238525,-0.013773255289119683,0.041219098579392294,-0.29026621594383567,0.09271250948347727,0.07523897665399706,0.009867406774294697,-0.05200945653951164,0.18275259629891638,0.10915818744063509,0.1190255942149298,-0.08962894486651017,-0.024051804012343324,-0.016034536008228885,-0.022612807191092016,0.11388631985331797,0.19652585158803604,-0.050159317769331385,0.0962072160493733,0.14636653381870468,0.21112139077501366,0.04399218853539719,0.0363860624802117,0.3492650856151394,0.22777263970663594,0.2925274966629449,0.15120522197078817,0.1068969067215259,-0.11696988447028507,0.03679720442914064,0.1893308674817795,-0.14369411115066652,-0.09291808045794174,0.022612807191092016,0.057871203242388675,-0.11532531667456929,0.06794469865580624,-0.0552985921309432,0.05509302115647873,-0.012539829442332846,-0.01295097139126179,0.15849522131210858,0.24195703694468457,0.006783842157327605,-0.016034536008228885,-0.02384623303787885,-0.10597728337993378,-0.10257991625777196,-0.026929797654845947,-0.13917154971244813
0.2576699731034916,0.145639550015017,0.11830001557324246,0.03340356651720573,-0.23752505298849985,0.24689073902764927,0.2498586775486989,0.09363276645284438,0.3197492167231601,0.38593966852956163,0.036898093475928796,0.2389639758538564,0.041009301662661805,0.19476848784647652,0.14625623124302695,0.26794799357032417,0.07616013165922908,0.1659900305393454,0.0044195488007379895,0.18099594042092093,0.1534666189003309,-0.05909861768428707,0.12446682785334198,0.3950249272833032,1.0,0.15632869130052282,0.030731281195829272,-0.20340202503861582,-0.017679103710556067,0.12426126744400533,0.10904979715309318,0.20278534381060587,-0.008325196578134353,0.1427617042843039,-0.0025695051167081333,0.06547099037372324,-0.15756205375654272,0.19723521275851633,0.18480830506732449,0.40875687396592986,-0.026518655565834104,-0.11316100533982619,-0.13782825446022426,-0.36147797981850016,-0.05622077195357395,-0.1435839459216505,-0.14255614387496723,-0.07410452756586257,0.146366533045534,-0.27637597035312683,0.03751477470393875,0.06752659446708975,0.07153869873573851,-0.12035561966660896,0.1777069738715345,0.28747623245730597,0.07821573575259558,0.05786525522826716,0.09609949136488419,-0.17359576568480148,-0.14111722100961066,-0.17791253428087114,-0.027442314646442863,-0.03669253306659214,0.06156534259632687,0.14913407697374007,0.18901279638505028,-0.15365640597914637,-0.030320160377155972,0.10822755551574659,0.1610565807152658,-0.03258132487985913,0.07533789002188247,0.270414718482364,-0.04265378493735501,0.0701988797884662,0.1346489875629561,0.08376586680468515,-0.009558559034154255,0.027442314646442863,-0.04203710370934506,-0.20442982708529908,-0.14995631861108666,-0.03258132487985913,0.06948298900195292,-0.025797831371749656,-0.17617432418542503,-0.07842129616193223,0.07595457124989242,-0.27103139971037393,-0.000308340614004976,0.1481062749270568,0.2734981246224137,-0.15488976843516628,-0.23608613012314328,-0.19394624620912992,-0.00596155822797821,0.009969679852827557,0.15612313089118618,-0.14091166060027405
0.022816032887975332,0.12250770811921892,0.04809866392600205,-0.12929085303186025,-0.1868448098663926,0.027442314646442863,-0.03494347379239466,-0.12250770811921892,0.05179856115107914,0.24501541623843784,0.19260020554984586,0.45837615621788286,0.29146968139773893,0.054470709146968145,0.07153134635149024,0.06289825282631038,0.3035971223021583,0.0972250770811922,0.06104830421377184,-0.008633093525179856,-0.031246788118599877,0.25590955806783144,0.05077081192189106,0.4567787052600587,0.15632869130052282,1.0,0.17574511819116134,-0.11181911613566291,-0.0227144252316999,0.18191161356628985,-0.06742034943473793,-0.007605344295991779,0.034532374100719423,0.21644398766700929,0.10873586844809867,0.08160328879753341,0.07523124357656732,0.12846865364850976,0.1740068865034748,0.21767728674203493,0.08068246066463539,0.2970195272353546,0.1656731757451182,0.025693730729701953,-0.046659815005138744,-0.06639260020554985,0.00945529290853032,-0.13340184994861254,-0.08787707499141816,-0.12271325796505653,-0.08715313463514902,-0.0487153134635149,-0.08438254803269511,-0.2411099691675231,0.11325796505652622,-0.011305241521068859,-0.08160328879753341,-0.04316546762589928,0.2614594039054471,0.29393627954779034,0.2536485097636177,-0.0051387461459403904,0.005549845837615622,0.021788283658787256,-0.09085303186022611,0.036176772867420354,0.08859198355601235,-0.021788283658787256,0.10668036998972251,0.0302158273381295,0.08406988694758478,0.04254881808838644,-0.03001027749229188,0.21418293936279548,0.30483042137718397,0.4258992805755396,0.068554396513773,0.11346351490236382,-0.10195272353545735,0.07194244604316546,0.2709146968139774,-0.049331963001027754,-0.07317574511819117,-0.05303186022610483,0.07348784633785262,-0.10503597122302159,0.05848193645627711,-0.024665981500513877,-0.03227132579650565,0.09167523124357657,0.03576567317574512,0.1656731757451182,0.11736896197327853,0.1800616649537513,0.09208633093525181,0.023227132579650568,-0.12364458621599538,-0.08304213771839672,-0.02158273381294964,-0.09784172661870505
0.16258992805755396,0.24131551901336074,0.18170606372045223,0.05200411099691676,0.046248715313463515,0.0023639447073714828,0.1895169578622816,0.0,0.11017471736896198,-0.00041109969167523125,-0.05323741007194245,0.12127440904419322,0.11140801644398766,0.13340184994861254,0.19403905447070918,0.28776978417266186,-0.03843782117163413,0.14573484069886947,0.19136690647482016,0.1788283658787256,0.0727721249604234,0.409660842754368,0.27728674203494347,0.06783842157327605,0.030731281195829272,0.17574511819116134,1.0,0.2828365878725591,0.018397656635630234,0.381294964028777,0.1052415210688592,0.18848920863309354,0.38848920863309355,0.25426515930113053,0.42117163412127445,0.23864337101747174,0.20966084275436794,0.34552929085303186,0.3335217641487157,0.23864337101747174,0.3271493914592795,0.320863309352518,0.3033915724563207,0.12189105858170607,0.1617677286742035,0.42651593011305244,0.5204522096608428,0.3558067831449127,0.08890487703810142,0.23494347379239466,0.07153134635149024,0.023638232271325797,-0.07369340674718926,-0.009660842754367936,0.11572456320657759,-0.047482014388489216,-0.07954779033915725,0.05097636176772868,-0.0591983556012333,-0.0855087358684481,-0.15498458376156218,-0.11572456320657759,-0.010071942446043166,-0.0131551901336074,-0.06413155190133607,0.18581706063720455,-0.16875642343268246,-0.027132579650565262,0.01459403905447071,-0.033504624871531344,0.03802672147995889,-0.041726618705035974,-0.09373072970195273,-0.071120246659815,-0.10668036998972251,-0.05837615621788284,0.046559432714751374,0.12620760534429598,0.017266187050359712,-0.0036998972250770813,0.10195272353545735,0.027132579650565262,-0.07276464542651594,0.0073997944501541625,0.17154016159143498,0.07255909558067831,0.08623259171672495,0.236382322713258,0.06433710174717369,-0.06618705035971223,-0.10853031860226105,-0.07564234326824255,-0.11490236382322713,0.16361767728674204,0.004522096608427544,0.07173689619732786,0.10925535756242982,0.027954779033915727,-0.007194244604316546,0.06166495375128469
-0.12579650565262077,-0.04049331963001028,0.09064748201438848,0.046865364850976365,0.2380267214799589,-0.19209620252510004,0.06844809866392601,-0.010071942446043166,-0.1708119218910586,-0.24809866392600205,-0.15868448098663926,-0.1724563206577595,0.056937307297019533,0.08468653648509764,0.18848920863309354,0.0750256937307297,-0.13895169578622815,-0.06536485097636177,0.12415210688591984,0.07749229188078109,0.0999074935897338,0.16526207605344295,0.29352517985611515,-0.18398602214570323,-0.20340202503861582,-0.11181911613566291,0.2828365878725591,1.0,0.19867413562387284,0.23967112024665982,-0.044604316546762585,-0.046454265159301136,0.1971223021582734,-0.060431654676259,0.2170606372045221,-0.038232271325796506,0.299486125385406,0.033710174717368965,-0.08890487703810142,-0.06783144912641316,0.05786525522826716,0.19897225077081193,0.14779033915724563,0.05878725590955807,0.18499486125385406,0.3469681397738952,0.3245632065775951,0.2199383350462487,-0.06218202382433683,0.14552929085303187,-0.10298047276464543,-0.1525179856115108,-0.23074155948039035,-0.021788283658787256,-0.120863309352518,-0.18992805755395686,-0.14676258992805757,-0.04090441932168551,-0.28920863309352524,-0.18848920863309354,-0.09064748201438848,0.2117163412127441,0.17060637204522097,0.10051387461459405,0.08982528263103802,0.128879753340185,-0.29311408016443985,0.18602261048304214,0.11551901336073998,-0.03741007194244605,0.09044193216855087,0.1932168550873587,0.013360739979445016,-0.22713257965056527,-0.1381294964028777,-0.08653648509763619,0.14584511042435364,0.23741007194244607,-0.01500513874614594,-0.21767728674203493,0.11983556012332991,0.02076053442959918,0.12147995889003083,0.21891058581706063,0.20381314585728913,0.1751284686536485,0.2093632769093787,0.4565262076053443,0.1196300102774923,0.0014388489208633096,-0.1473792394655704,-0.32908530318602264,-0.32600205549845834,0.16916752312435768,0.20534429599177803,0.22034943473792395,0.24944755673002558,0.09763617677286741,-0.19609455292908531,0.0367934224049332
-0.07061000060713951,-0.0007194614326782774,0.12405570703466867,-0.11336656574916285,-0.014903129676907172,-0.04954260458423271,0.05909861768428707,-0.03792589552261205,-0.12960583808675824,-0.04697055353342468,-0.05067064090148439,-0.09034379990345796,0.22251914310692433,0.03299244569853243,0.3102934378936742,0.0673210340577531,0.09075492072213127,0.13700601282287767,0.02456446891572975,0.23834729462584645,0.25790204073739464,0.058276376046940456,0.24800863386466904,0.09096983102933211,-0.017679103710556067,-0.0227144252316999,0.018397656635630234,0.19867413562387284,1.0,0.10699419305972667,-0.18839611515704033,-0.15488976843516628,-0.08849375621942811,-0.0239477876877198,0.04676499312408803,-0.11316100533982619,0.2077187936346855,-0.098566216276924,-0.13341556172268476,-0.0007194614326782772,-0.20351526364477335,-0.012847525583540667,0.0551929699068907,0.020864381547670043,0.11583329066120264,0.05457628867888075,-0.024153348097056455,-0.05663189277224726,-0.05180388529139685,-0.14111722100961066,0.05827637604694046,0.02620895219042296,-0.015623393976770478,-0.08582147089805166,-0.006064032075431195,0.04327046616536496,0.09322164563417108,-0.030731281195829272,-0.11665553229854925,-0.06238758423367347,0.15673981211919613,0.29549308842143535,0.269181356026344,0.22909707620569716,0.0997995787329439,0.21409116632412165,0.049437278445464486,0.3787450542027789,0.23999177790053966,0.21306336427743838,0.3997122159551172,0.1598232182592459,0.17791253428087114,0.01346420681155062,0.12652243194670848,0.07451564838453587,0.381745297563984,0.28398170549858287,-0.10123850159830045,-0.17873477591821776,0.24636415058997582,-0.038542576750622,0.24040289871921294,0.18407934656097066,0.0861342378456162,0.1193278176199257,0.1973481344434166,0.19620741071183306,0.22251914310692436,0.08849375621942811,0.03669253306659214,-0.17441800732214807,-0.1363893315948677,0.04080374125332516,0.15632869130052282,0.16372886603664225,0.02158495220474869,0.11871113639191576,-0.022097744003689943,-0.033814687335879036
0.1773895169578623,0.17965056526207604,0.3173689619732785,0.061459403905447074,-0.08078108941418294,0.08047690025529874,0.21664953751284688,0.12250770811921892,0.1710174717368962,-0.009044193216855088,-0.06515930113052415,0.1685508735868448,0.18047276464542653,0.1983556012332991,0.41438848920863314,0.24295991778006165,-0.0881808838643371,0.09023638232271326,0.06598150051387461,0.18293936279547793,0.1204645910361811,0.2509763617677287,0.49640287769784175,0.1735019024480151,0.12426126744400533,0.18191161356628985,0.381294964028777,0.23967112024665982,0.10699419305972667,1.0,-0.06002055498458376,0.144912641315519,0.16772867420349435,0.14039054470709147,0.22384378211716344,0.12682425488180885,0.16937307297019527,0.15847893114080164,0.27473148707843364,0.3578622816032888,0.15550644966317623,0.1301130524152107,0.2010277492291881,-0.13175745118191162,0.11284686536485097,0.29249743062692707,0.2865364850976362,0.20616649537512846,0.09178272276881452,0.010894141829393628,-0.004522096608427544,0.08448098663926003,-0.09301608522483443,-0.019938335046248718,0.13257965056526208,0.0984583761562179,0.0421377183967112,0.07194244604316546,-0.09290853031860227,-0.18910585817060638,-0.0879753340184995,0.026515930113052415,0.18478931140801647,0.191983556012333,0.1800616649537513,0.3991778006166496,-0.0552929085303186,0.044809866392600206,-0.018705035971223024,0.08036998972250771,0.19136690647482016,0.12435765673175746,0.15292908530318602,0.03247687564234327,-0.10298047276464543,-0.023843782117163412,0.2938486051467421,0.41973278520041113,-0.14635149023638233,-0.04275436793422405,0.11798561151079136,-0.10853031860226105,-0.10359712230215828,0.08180883864337102,0.22251914310692433,0.06433710174717369,0.11336656574916285,0.28859198355601234,0.16217882836587874,-0.1578622816032888,-0.09948612538540597,-0.10154162384378213,-0.06063720452209661,0.02548818088386434,0.023843782117163412,0.05323741007194245,0.15365640597914637,0.06906474820143885,0.0302158273381295,-0.03864337101747174
0.2129496402877698,0.21397738951695788,-0.008838643371017472,0.07728674203494348,0.05508735868448099,0.03915925797863195,0.10750256937307298,0.1079136690647482,0.15930113052415212,0.12147995889003083,0.10236382322713258,0.07708119218910586,-0.05940390544707092,-0.01932168550873587,-0.10462487153134635,0.19054470709146967,-0.011921891058581706,0.14470709146968141,0.014388489208633093,0.20493319630010276,-0.07462226373060366,-0.032065775950668035,-0.14881808838643373,-0.024051804012343324,0.10904979715309318,-0.06742034943473793,0.1052415210688592,-0.044604316546762585,-0.18839611515704033,-0.06002055498458376,1.0,0.4172661870503597,0.18972250770811921,0.07029804727646455,0.027954779033915727,0.191983556012333,-0.044193216855087356,0.2692702980472765,0.07163780265382276,0.011921891058581706,0.08808263540075481,0.15704008221993834,0.08900308324768756,0.08509763617677288,0.07810894141829394,0.08715313463514902,0.0302158273381295,0.028365878725590956,0.10925535756242982,0.08633093525179857,0.20287769784172663,0.0735868448098664,0.16208438276194903,0.1496402877697842,0.06084275436793423,0.046454265159301136,0.10071942446043167,0.1971223021582734,0.10544707091469682,-0.06721479958890031,-0.08201438848920864,-0.1381294964028777,-0.020966084275436794,-0.12641315519013363,-0.24809866392600205,-0.08201438848920864,0.09167523124357657,-0.15354573484069886,-0.12209660842754368,-0.00041109969167523125,-0.07975334018499487,-0.09167523124357657,-0.1260020554984584,0.03391572456320658,-0.05755395683453237,-0.06063720452209661,-0.13001695890543155,-0.0972250770811922,0.47379239465570405,0.3044193216855087,-0.13422404933196302,-0.045837615621788286,-0.0433710174717369,-0.12353545734840699,-0.03278688528919578,-0.001644398766700925,-0.11768333434523251,-0.08078108941418294,0.034532374100719423,-0.07790339157245633,0.09640287769784174,0.18643371017471738,0.13401849948612538,0.0762589928057554,-0.06639260020554985,-0.00041109969167523125,0.027442314646442863,0.013771839671120247,0.03535457348406989,0.022404933196300103
0.39897225077081194,0.2959917780061665,0.07852004110996917,0.1802672147995889,-0.01788283658787256,0.11213320329314293,0.12415210688591984,0.21747173689619734,0.29722507708119217,0.07810894141829394,-0.08324768756423433,0.024665981500513877,-0.09331963001027749,-0.0552929085303186,0.01274409044193217,0.30873586844809864,-0.18437821171634122,0.14121274409044193,-0.046659815005138744,0.21500513874614596,-0.1554116566951415,0.022404933196300103,-0.01829393627954779,-0.0018501387701802558,0.20278534381060587,-0.007605344295991779,0.18848920863309354,-0.046454265159301136,-0.15488976843516628,0.144912641315519,0.4172661870503597,1.0,0.21747173689619734,0.07831449126413156,0.03802672147995889,0.2534429599177801,-0.044809866392600206,0.2896197327852004,0.1877794339290304,0.19260020554984586,0.10555527019437012,0.05858170606372045,0.03741007194244605,-0.023638232271325797,-0.032682425488180886,0.13422404933196302,0.06125385405960946,0.12435765673175746,0.1877794339290304,0.06310380267214799,0.33874614594039054,0.1708119218910586,0.1955907294838231,0.18355601233299076,0.1539568345323741,0.1194244604316547,0.12970195272353546,0.2581706063720452,0.06906474820143885,-0.13319630010277492,-0.11264131551901337,-0.13586844809866394,-0.028982528263103807,-0.024665981500513877,-0.12045220966084276,0.10154162384378213,0.07790339157245633,-0.20061664953751285,-0.1079136690647482,0.026104830421377186,-0.0709146968139774,-0.03638232271325797,-0.01891058581706064,0.04193216855087359,-0.13751284686536486,-0.10277492291880781,-0.029497918739809368,0.0328879753340185,0.34820143884892085,0.3827338129496403,-0.05755395683453237,0.030832476875642344,-0.16156217882836588,-0.11140801644398766,0.085615910488715,0.09393627954779034,-0.09568837054621089,-0.021788283658787256,0.10339157245632066,-0.175950668036999,0.0073997944501541625,0.1381294964028777,0.0959917780061665,0.00986639260020555,-0.09948612538540597,-0.13463514902363824,0.1002106995516172,0.10729701952723536,0.17040082219938338,0.00328879753340185
0.10071942446043167,0.2485097636176773,0.12394655704008223,0.18335046248715314,0.0974306269270298,-0.0989773370955973,0.21603288797533401,0.06721479958890031,-0.013360739979445016,0.10955806783144913,-0.0263103802672148,0.0355601233299075,0.05817060637204522,0.11017471736896198,0.08571428571428572,0.3336073997944502,0.02548818088386434,0.12004110996916752,0.1747173689619733,0.10996916752312436,0.059204440645768186,0.29105858170606375,0.14758478931140803,-0.003083564616967093,-0.008325196578134353,0.034532374100719423,0.38848920863309355,0.1971223021582734,-0.08849375621942811,0.16772867420349435,0.18972250770811921,0.21747173689619734,1.0,0.241726618705036,0.27379239465570404,0.21253854059609456,0.13627954779033916,0.29558067831449125,0.21080219977473524,0.12826310380267214,0.2965208904681186,0.2552929085303186,0.3405960945529291,0.12702980472764644,0.2355601233299075,0.3095580678314491,0.39157245632065774,0.34614594039054475,0.048615036808117885,0.29804727646454265,-0.04707091469681397,0.00945529290853032,-0.1481062749270568,0.02959917780061665,0.08304213771839672,-0.14141829393627955,-0.07934224049331963,0.047482014388489216,-0.052415210688591986,0.02076053442959918,-0.08530318602261049,-0.0801644398766701,-0.040698869475847894,-0.12559095580678314,-0.11079136690647481,0.03186022610483042,-0.13237410071942446,-0.0565262076053443,-0.053854059609455295,0.02219938335046249,-0.09866392600205551,-0.015621788283658787,-0.15930113052415212,-0.049948612538540604,-0.06906474820143885,-0.026515930113052415,-0.05765969481893051,0.0433710174717369,0.10832476875642344,-0.0051387461459403904,0.019938335046248718,0.09393627954779034,0.05323741007194245,0.15847893114080164,0.2210802202415678,0.20226104830421376,0.03792589552261205,0.20986639260020556,0.06906474820143885,0.015827338129496403,-0.19054470709146967,-0.09188078108941418,-0.053854059609455295,0.26248715313463516,0.09311408016443988,0.05508735868448099,0.12302790498798542,0.02487153134635149,-0.04809866392600205,0.1276464542651593
0.0696813977389517,0.2594039054470709,0.07029804727646455,0.13997944501541623,0.011716341212744091,0.017986535816956934,0.19897225077081193,0.13442959917780062,0.15868448098663926,0.2865364850976362,0.09804727646454266,0.16485097636176774,0.19280575539568348,0.22178828365878725,0.11428571428571428,0.39712230215827343,0.29784172661870506,0.4355601233299075,0.24768756423432683,0.20349434737923947,0.16404563762264934,0.4141829393627955,0.2324768756423433,0.30239490343723957,0.1427617042843039,0.21644398766700929,0.25426515930113053,-0.060431654676259,-0.0239477876877198,0.14039054470709147,0.07029804727646455,0.07831449126413156,0.241726618705036,1.0,0.37225077081192187,0.3216855087358685,0.1064748201438849,0.14779033915724563,0.23731949257916318,0.2612538540596095,0.2885040345039892,0.17780061664953753,0.2594039054470709,-0.017060637204522097,0.10462487153134635,-0.06022610483042138,0.23514902363823229,0.09804727646454266,-0.00462510921007464,0.11860226104830421,-0.04357656731757451,0.17163412127440908,0.05704301359092056,0.0421377183967112,0.16300102774922917,0.022404933196300103,0.12271325796505653,0.12168550873586846,0.16073997944501542,0.14018499486125385,0.045220966084275435,-0.07749229188078109,-0.06310380267214799,-0.02918807810894142,-0.06988694758478932,0.0842754367934224,0.05899280575539568,0.03576567317574512,0.20205549845837614,0.3105858170606372,0.05200411099691676,0.08448098663926003,0.03864337101747174,0.14676258992805757,0.09804727646454266,0.15580678314491267,-0.0017472634793615307,-0.0394655704008222,0.0197327852004111,0.040698869475847894,0.16156217882836588,0.16156217882836588,0.047276464542651594,0.2199383350462487,0.06773215487642639,0.1658787255909558,0.06773215487642639,0.017266187050359712,0.12970195272353546,0.05179856115107914,-0.12127440904419322,0.02918807810894142,0.07913669064748202,0.11469681397738953,-0.0036998972250770813,-0.09640287769784174,-0.10884423674375651,-0.02589928057553957,-0.0010277492291880781,0.04152106885919836
0.0750256937307297,0.1936279547790339,0.13648509763617678,0.044193216855087356,0.14655704008221992,-0.006680713303441146,0.12661870503597122,0.06495375128468654,0.05508735868448099,0.014388489208633093,-0.03638232271325797,0.12374100719424462,0.24665981500513876,0.255087358684481,0.13360739979445016,0.19609455292908531,0.0972250770811922,0.287153134635149,0.2024665981500514,0.14265159301130526,0.08058382199007337,0.4717368961973279,0.29003083247687567,0.07647240250078391,-0.0025695051167081333,0.10873586844809867,0.42117163412127445,0.2170606372045221,0.04676499312408803,0.22384378211716344,0.027954779033915727,0.03802672147995889,0.27379239465570404,0.37225077081192187,1.0,0.14943473792394654,0.03782117163412128,0.15930113052415212,0.15427308720715632,0.1103802672147996,0.27802045362782,0.17821171634121274,0.38766700924974307,0.019116135662898253,0.2768756423432683,0.20986639260020556,0.5089414182939364,0.28180883864337103,0.08541035007937835,0.11778006166495375,0.021788283658787256,0.04912641315519013,-0.13865049609757088,-0.027338129496402876,0.10010277492291882,-0.0302158273381295,0.009660842754367936,0.013566289825282631,-0.1093525179856115,-0.053442959917780065,-0.09208633093525181,0.015827338129496403,0.04254881808838644,-0.060431654676259,-0.1183967112024666,0.1393627954779034,-0.1983556012332991,0.11140801644398766,0.09023638232271326,0.08900308324768756,-0.008016443987667009,0.06187050359712231,0.02959917780061665,-0.14758478931140803,-0.11654676258992805,-0.07769784172661871,-0.02620895219042296,0.023432682425488183,-0.017266187050359712,-0.07687564234326826,0.030421377183967115,0.08468653648509764,0.18129496402877696,0.1907502569373073,0.10740531387839997,0.1995889003083248,-0.0013361426606882292,0.1944501541623844,0.043782117163412126,-0.040287769784172665,-0.10483042137718397,-0.20842754367934224,-0.19383350462487153,0.12374100719424462,-0.05220966084275437,0.03186022610483042,0.07246004429116935,0.12990750256937308,0.03597122302158273,0.024254881808838648
0.2645426515930113,0.2725590955806783,0.1381294964028777,0.09146968139773896,-0.04008221993833505,0.1984685752145362,0.13072970195272354,0.17430626927029805,0.3371017471736896,0.07440904419321687,0.02816032887975334,0.08263103802672148,0.023432682425488183,0.0828365878725591,0.06084275436793423,0.24748201438848924,-0.11161356628982529,0.36608427543679345,0.06639260020554985,0.3593011305241521,-0.03515263663342486,0.11983556012332991,0.11120246659815006,0.07585568957739049,0.06547099037372324,0.08160328879753341,0.23864337101747174,-0.038232271325796506,-0.11316100533982619,0.12682425488180885,0.191983556012333,0.2534429599177801,0.21253854059609456,0.3216855087358685,0.14943473792394654,1.0,0.18293936279547793,0.178622816032888,0.29055963859735573,0.2180883864337102,0.2638367853835911,0.10462487153134635,0.12990750256937308,0.06351490236382322,0.1354573484069887,0.0433710174717369,0.20143884892086333,0.26865364850976364,0.3076211525722977,0.38910585817060633,0.11675231243576568,0.3011305241521069,0.18490158819831728,0.10503597122302159,0.3023638232271326,0.20945529290853035,0.25426515930113053,0.2992805755395684,0.12045220966084276,-0.05220966084275437,-0.10071942446043167,-0.08776978417266187,-0.00020554984583761563,0.08139773895169579,0.046454265159301136,0.1381294964028777,0.10544707091469682,-0.10277492291880781,0.00020554984583761563,0.18396711202466598,0.03186022610483042,-0.014182939362795478,0.09167523124357657,0.17019527235354576,-0.07132579650565263,-0.020966084275436794,0.06012641973097032,-0.001644398766700925,0.10318602261048304,0.18705035971223025,0.006166495375128469,0.13771839671120248,-0.04439876670092498,-0.01274409044193217,0.1372115732322143,0.10873586844809867,0.17421244691281143,0.053854059609455295,0.358273381294964,-0.002877697841726619,0.07317574511819117,0.09249743062692703,0.13052415210688592,0.07769784172661871,-0.09907502569373072,0.0051387461459403904,0.044709389030721525,0.12990750256937308,0.20328879753340184,0.33586844809866395
-0.0748201438848921,-0.01500513874614594,0.03391572456320658,0.06536485097636177,0.06289825282631038,-0.10555527019437011,0.1103802672147996,0.0018499486125385406,-0.0750256937307297,-0.09393627954779034,-0.08098663926002056,-0.08653648509763619,0.13710174717368964,-0.06166495375128469,0.10544707091469682,0.07379239465570402,-0.04316546762589928,-0.011510791366906477,0.016032887975334018,0.08448098663926003,0.01870695867626703,0.18581706063720455,0.16526207605344295,0.0431699046375393,-0.15756205375654272,0.07523124357656732,0.20966084275436794,0.299486125385406,0.2077187936346855,0.16937307297019527,-0.044193216855087356,-0.044809866392600206,0.13627954779033916,0.1064748201438849,0.03782117163412128,0.18293936279547793,1.0,0.07317574511819117,0.09815509545825069,0.055909558067831454,0.14892851656440342,0.18992805755395686,0.17656731757451183,0.20226104830421376,0.14635149023638233,0.22240493319630011,0.2147995889003083,0.14799588900308325,-0.08027133984596208,0.25077081192189105,-0.1091469681397739,-0.05960945529290853,-0.016136492132927078,-0.027954779033915727,-0.016032887975334018,-0.09701952723535459,-0.04357656731757451,0.05817060637204522,0.0051387461459403904,0.03186022610483042,0.049948612538540604,0.17266187050359713,0.11469681397738953,0.14121274409044193,0.09311408016443988,0.09105858170606372,0.004933196300102775,0.13381294964028778,0.14429599177800617,0.053442959917780065,0.1459403905447071,0.17800616649537512,0.025693730729701953,0.09229188078108942,0.10359712230215828,0.10668036998972251,0.18592939024500052,0.1745118191161357,-0.03227132579650565,-0.054881808838643374,0.24275436793422406,0.13915724563206577,0.0709146968139774,0.13052415210688592,0.2151189683708049,0.10770811921891059,0.6229508204947198,0.2982528263103803,0.2158273381294964,0.22219938335046252,-0.05323741007194245,-0.06762589928057554,-0.031654676258992806,0.2587872559095581,0.28838643371017475,0.29969167523124357,0.1302225193147682,0.022404933196300103,-0.17060637204522097,0.19671120246659815
0.22425488180883865,0.11099691675231245,0.08221993833504625,0.13093525179856116,-0.026104830421377186,0.12282234457864878,0.32559095580678316,0.06700924974306269,0.1907502569373073,0.10236382322713258,0.004316546762589928,0.1459403905447071,0.039876670092497436,-0.026104830421377186,0.06207605344295992,0.26598150051387465,0.00472764645426516,0.09229188078108942,-0.06515930113052415,0.12127440904419322,0.03535820760788933,0.18890030832476876,0.0828365878725591,0.0916846546111549,0.19723521275851633,0.12846865364850976,0.34552929085303186,0.033710174717368965,-0.098566216276924,0.15847893114080164,0.2692702980472765,0.2896197327852004,0.29558067831449125,0.14779033915724563,0.15930113052415212,0.178622816032888,0.07317574511819117,1.0,0.3997122159551172,0.3410071942446043,0.3111156795310208,0.1934224049331963,0.18705035971223025,0.18273381294964028,0.09188078108941418,0.27523124357656736,0.23227132579650567,0.16793422404933198,0.1257001903093619,0.1103802672147996,0.07810894141829394,-0.029393627954779036,-0.03134796242383923,-0.0355601233299075,0.12929085303186025,0.049948612538540604,-0.06474820143884892,0.04316546762589928,0.011921891058581706,-0.07317574511819117,-0.1327852004110997,-0.10215827338129498,-0.07954779033915725,-0.12456320657759508,-0.07769784172661871,0.08715313463514902,0.07009249743062693,-0.12661870503597122,-0.08735868448098665,-0.010071942446043166,0.03802672147995889,-0.0709146968139774,-0.10236382322713258,0.05015416238437821,-0.09311408016443988,-0.048920863309352525,-0.048615036808117885,0.04357656731757451,0.1484069886947585,0.06166495375128469,-0.006988694758478932,-0.0008221993833504625,-0.03658787255909558,0.024254881808838648,0.13371704627349126,0.06187050359712231,-0.033814687335879036,0.0801644398766701,0.07831449126413156,-0.03247687564234327,-0.12332990750256938,0.09126413155190133,0.12641315519013363,0.17553956834532375,-0.005755395683453238,0.046248715313463515,0.10946091797176648,0.0036998972250770813,0.046248715313463515,0.05878725590955807
0.2029909042199425,0.18798499433836705,0.1444061875589971,0.0868492729447349,-0.054165167860207454,0.25655257477644156,0.3437997846155482,0.09466056849952763,0.26609794988629426,0.12508350908135193,-0.03504804979189894,0.1875738735196937,0.08911043744743806,0.06382650709903002,0.08911043744743806,0.2965208904681186,-0.07965465861795214,0.13351148586415462,0.016136492132927078,0.10987203879043979,0.05067584937566184,0.27760933280914674,0.1781180946902078,0.21267410214654028,0.18480830506732449,0.1740068865034748,0.3335217641487157,-0.08890487703810142,-0.13341556172268476,0.27473148707843364,0.07163780265382276,0.1877794339290304,0.21080219977473524,0.23731949257916318,0.15427308720715632,0.29055963859735573,0.09815509545825069,0.3997122159551172,1.0,0.5503879959988821,0.289443930517011,0.12713911317471843,0.23300272398309352,0.04039262043465185,0.0872603937634082,0.19785189398652628,0.24410298608727266,0.14954519779241335,0.13629355534998458,0.13865049609757088,0.08520478967004169,0.16948455749806846,0.06681056634803166,0.006064032075431195,0.24184182158456952,0.15365640597914637,0.08828819581009145,0.10164962241697376,0.08911043744743806,-0.12796135481206505,-0.15920653703123594,-0.17750141346219783,-0.10226630364498371,-0.03360912692654238,0.05375404704153415,0.1723624032287816,0.07266560470050601,-0.16784007422337527,-0.09116604154080457,0.06505986955504994,0.05745413440959386,0.0046251092100746405,0.005447350847421243,0.1982630148051996,-0.07677681288723903,-0.059920859321633664,0.006783842121492445,0.08006577943662543,-0.02004213991032344,0.04409270780271157,-0.025181150143739707,-0.05067064090148438,-0.13042807972410483,0.033198006107869084,0.08325624421831637,0.031759083242512524,0.0666049953746531,0.021686623185016643,0.10062182037029051,-0.10329410569166696,-0.04265378493735501,0.06834883610443634,0.19559072948382308,0.030731281195829272,-0.025181150143739707,-0.030320160377155972,0.03700277520814061,-0.027031193827769563,0.12076674048528227,0.1047330285570235
0.23494347379239466,0.2211716341212744,0.19773895169578623,0.1473792394655704,-0.13627954779033916,0.23218048234574692,0.4485097636176773,0.22363823227132582,0.3761562178828366,0.2207605344295992,-0.08448098663926003,0.22322713257965057,0.13237410071942446,0.13586844809866394,0.26392600205549843,0.38807810894141836,-0.010483042137718397,0.1971223021582734,0.0006166495375128469,0.1932168550873587,0.15890636326103752,0.17327852004111,0.265775950668037,0.3745503154742696,0.40875687396592986,0.21767728674203493,0.23864337101747174,-0.06783144912641316,-0.0007194614326782772,0.3578622816032888,0.011921891058581706,0.19260020554984586,0.12826310380267214,0.2612538540596095,0.1103802672147996,0.2180883864337102,0.055909558067831454,0.3410071942446043,0.5503879959988821,1.0,0.19661853153050637,0.05200411099691676,0.11181911613566291,-0.1761562178828366,0.052415210688591986,0.08160328879753341,0.09784172661870505,0.09311408016443988,0.1339226066828279,-0.07708119218910586,0.0024665981500513875,0.13956834532374102,0.04512050984939482,-0.010483042137718397,0.25467625899280577,0.22055498458376155,0.14779033915724563,0.12867420349434738,0.053442959917780065,-0.1747173689619733,-0.13484069886947586,-0.15683453237410072,-0.03843782117163413,-0.002877697841726619,0.07317574511819117,0.2725590955806783,0.11654676258992805,-0.14881808838643373,-0.028982528263103807,0.11284686536485097,0.15560123329907502,0.03720452209660843,0.0879753340184995,0.2569373072970195,-0.05364850976361768,0.002877697841726619,0.15488976843516628,0.17923946557040082,-0.11140801644398766,-0.06330935251798561,0.03329907502569373,-0.07687564234326826,-0.09825282631038026,0.08715313463514902,0.16722339299536532,0.033504624871531344,0.006886273712777797,0.0855087358684481,0.1617677286742035,-0.15334018499486127,-0.1196300102774923,-0.024665981500513877,0.18273381294964028,-0.015621788283658787,-0.045220966084275435,-0.12271325796505653,0.0531373658135242,0.006166495375128469,0.08982528263103802,-0.017677286742034944
0.07759905452458563,0.01428644844889722,-0.10946091797176648,0.17482912814082138,0.003391746754054736,-0.05139274334463974,0.24204738199390616,0.05539853031622735,0.09466056849952763,0.13700601282287767,0.158589855803226,0.13083920054277814,-0.0038028675727280374,0.12590575071869853,-0.07081556101647615,0.11377768656783613,0.018192096226293582,0.044914949440058166,0.12672799235604512,-0.07677681288723902,0.029089787775481338,0.37915617502145216,0.07204892347249606,0.05211492014900721,-0.026518655565834104,0.08068246066463539,0.3271493914592795,0.05786525522826716,-0.20351526364477335,0.15550644966317623,0.08808263540075481,0.10555527019437012,0.2965208904681186,0.2885040345039892,0.27802045362782,0.2638367853835911,0.14892851656440342,0.3111156795310208,0.289443930517011,0.19661853153050637,1.0,0.2669201915236409,0.3308494788273393,0.20072973971723937,0.06999331937912955,0.27370368503175035,0.441029858231784,0.3283827539152994,0.024051803885291396,0.43362968349566455,-0.16290662439929565,-0.06279870505234678,-0.12416486792064961,0.07081556101647615,0.005447350847421243,-0.11562773025186598,-0.1339226066828279,-0.005241790438084592,0.14707847288037354,0.1306336401334415,-0.11891669680125241,-0.13762269405088762,-0.21224112264009182,-0.1314558817707881,-0.06958219856045625,-0.10082738077962716,0.018397656635630234,-0.10411634732901356,-0.04203710370934506,-0.09075492072213126,-0.1602343390779192,-0.07348784633785262,-0.15242304352312647,0.036075851838582196,-0.046353872305414726,-0.08047690025529874,-0.16384006578271149,-0.16126214112460244,-0.004008427982064688,0.04203710370934506,-0.0077085153501244,0.29158744064403896,-0.02024770031966009,0.06937663815111961,0.13649912632336314,0.0952772497275376,0.15294480419364787,0.16845675545138522,-0.031759083242512524,0.16393442644597891,-0.09753841423024073,0.04080374125332516,0.14625623124302695,0.25664217105680837,0.08294362516733854,0.017369854588946982,0.18295816630691747,-0.013053085992877318,-0.031759083242512524,0.260342258424868
-0.07050359712230216,0.10154162384378213,-0.011921891058581706,-0.026927029804727647,0.0421377183967112,-0.24513078813395592,-0.024254881808838648,-0.1130524152106886,-0.13648509763617678,0.13689619732785202,0.21973278520041112,0.19979445015416242,0.1290853031860226,0.0696813977389517,-0.015210688591983558,0.0842754367934224,0.189311408016444,0.018705035971223024,0.15889003083247688,-0.001644398766700925,0.032891355914315655,0.3669064748201439,0.05775950668036999,0.0742111217816747,-0.11316100533982619,0.2970195272353546,0.320863309352518,0.19897225077081193,-0.012847525583540667,0.1301130524152107,0.15704008221993834,0.05858170606372045,0.2552929085303186,0.17780061664953753,0.17821171634121274,0.10462487153134635,0.18992805755395686,0.1934224049331963,0.12713911317471843,0.05200411099691676,0.2669201915236409,1.0,0.38067831449126416,0.30071942446043165,0.06433710174717369,0.22178828365878725,0.2614594039054471,0.05734840698869476,-0.10802199510640992,0.17327852004111,-0.07070914696813978,-0.14573484069886947,-0.19086284006908014,-0.04707091469681397,-0.07009249743062693,-0.28180883864337103,-0.20698869475847895,-0.051387461459403906,0.1052415210688592,0.22774922918807813,0.11428571428571428,-0.04049331963001028,-0.07379239465570402,-0.1537512846865365,-0.22281603288797533,-0.08715313463514902,-0.12559095580678314,0.033710174717368965,0.010071942446043166,-0.10955806783144913,-0.04090441932168551,0.014182939362795478,-0.20184994861253855,-0.07810894141829394,0.11983556012332991,0.18129496402877696,-0.06629323201106983,0.014388489208633093,0.15539568345323743,0.13771839671120248,0.16197327852004112,0.04809866392600205,-0.05015416238437821,-0.0879753340184995,-0.014903129676907172,-0.05035971223021583,0.14193946264695728,0.14141829393627955,-0.049948612538540604,0.22774922918807813,-0.0036998972250770813,0.05755395683453237,-0.06762589928057554,0.3543679342240494,0.2853031860226105,0.15601233299075026,0.006269592484767845,-0.06125385405960946,-0.19671120246659815,0.048920863309352525
-0.03741007194244605,0.06885919835560124,0.022816032887975332,0.028776978417266185,0.08920863309352517,-0.12158898212262886,0.06474820143884892,-0.033093525179856115,-0.08735868448098665,0.04049331963001028,0.10030832476875642,0.08119218910585818,0.21973278520041112,0.048509763617677296,0.023638232271325797,0.14285714285714285,0.10853031860226105,0.07605344295991778,0.08263103802672148,0.019527235354573486,0.0166512489316223,0.5040082219938335,0.11223021582733812,0.08880666096865228,-0.13782825446022426,0.1656731757451182,0.3033915724563207,0.14779033915724563,0.0551929699068907,0.2010277492291881,0.08900308324768756,0.03741007194244605,0.3405960945529291,0.2594039054470709,0.38766700924974307,0.12990750256937308,0.17656731757451183,0.18705035971223025,0.23300272398309352,0.11181911613566291,0.3308494788273393,0.38067831449126416,1.0,0.24912641315519016,0.31490236382322717,0.3194244604316547,0.40143884892086334,0.11593011305241523,-0.15427308720715632,0.2117163412127441,-0.010071942446043166,-0.034532374100719423,-0.15201192270445316,-0.02219938335046249,0.006166495375128469,-0.15704008221993834,-0.07440904419321687,-0.024049331963001026,0.08612538540596094,0.11736896197327853,0.07420349434737925,0.048920863309352525,0.03741007194244605,-0.06187050359712231,-0.11408016443987667,0.008427543679342241,-0.0855087358684481,0.04912641315519013,0.011510791366906477,0.008221993833504625,-0.04604316546762591,0.11510791366906474,-0.09763617677286741,0.007605344295991779,0.06988694758478932,0.04542651593011306,0.014080888039560572,0.08900308324768756,0.02528263103802672,0.05940390544707092,0.2024665981500514,0.13627954779033916,0.09188078108941418,0.13997944501541623,0.1481062749270568,0.11223021582733812,0.15345084556980973,0.1975334018499486,0.023843782117163412,0.1880781089414183,-0.03227132579650565,-0.06392600205549846,0.002877697841726619,0.31593011305241525,0.2538540596094553,0.13525179856115108,0.1273446735840551,-0.020349434737923947,-0.13484069886947586,0.12065775950668037
-0.06310380267214799,-0.0328879753340185,-0.2520041109969168,-0.10421377183967112,0.0030832476875642346,-0.222724703516261,-0.1130524152106886,-0.2170606372045221,-0.27297019527235356,-0.10113052415210688,0.12641315519013363,-0.05056526207605344,0.016032887975334018,-0.19218910585817062,-0.15991778006166496,-0.15580678314491267,0.07009249743062693,-0.07255909558067831,-0.02816032887975334,-0.10770811921891059,-0.09332922240687068,0.1736896197327852,-0.17944501541623845,-0.12745400416797317,-0.36147797981850016,0.025693730729701953,0.12189105858170607,0.05878725590955807,0.020864381547670043,-0.13175745118191162,0.08509763617677288,-0.023638232271325797,0.12702980472764644,-0.017060637204522097,0.019116135662898253,0.06351490236382322,0.20226104830421376,0.18273381294964028,0.04039262043465185,-0.1761562178828366,0.20072973971723937,0.30071942446043165,0.24912641315519016,1.0,0.11736896197327853,0.21726618705035972,0.1496402877697842,0.09311408016443988,-0.054165167860207454,0.31387461459403904,0.04974306269270298,-0.16382322713257966,-0.0005139010233416267,-0.039671120246659815,-0.16258992805755396,-0.24686536485097635,-0.17286742034943473,-0.13607399794450153,0.09085303186022611,0.3046248715313464,0.1932168550873587,0.10955806783144913,-0.07584789311408018,-0.09290853031860227,-0.13360739979445016,-0.1418293936279548,-0.015827338129496403,0.11675231243576568,0.03843782117163413,-0.0828365878725591,-0.056937307297019533,-0.046248715313463515,-0.20472764645426517,-0.06865364850976362,0.1605344295991778,0.026721479958890033,-0.1664011513580187,-0.13771839671120248,0.10729701952723536,0.1710174717368962,0.08756423432682425,0.16937307297019527,0.08468653648509764,-0.045220966084275435,-0.012025283946194064,-0.04295991778006167,0.16496222849266215,0.051387461459403906,-0.0302158273381295,0.3243576567317575,0.08098663926002056,0.0748201438848921,0.01500513874614594,0.3050359712230216,0.2170606372045221,0.33401849948612544,0.006269592484767845,-0.05467625899280575,-0.06022610483042138,0.20842754367934224
0.04254881808838644,0.12661870503597122,0.10688591983556013,0.015416238437821172,0.009660842754367936,-0.052726244994850895,0.03658787255909558,0.023843782117163412,0.004933196300102775,-0.06865364850976362,-0.04707091469681397,-0.0879753340184995,0.15087358684480986,0.0433710174717369,0.04439876670092498,0.034121274409044194,-0.09886947584789312,0.07543679342240493,0.016649537512846865,0.06166495375128469,-0.01295097139126179,0.16258992805755396,0.1473792394655704,-0.031246788118599877,-0.05622077195357395,-0.046659815005138744,0.1617677286742035,0.18499486125385406,0.11583329066120264,0.11284686536485097,0.07810894141829394,-0.032682425488180886,0.2355601233299075,0.10462487153134635,0.2768756423432683,0.1354573484069887,0.14635149023638233,0.09188078108941418,0.0872603937634082,0.052415210688591986,0.06999331937912955,0.06433710174717369,0.31490236382322717,0.11736896197327853,1.0,0.10256937307297019,0.2104830421377184,0.16670092497430627,0.07492676920320916,0.13299075025693732,-0.04439876670092498,0.0067831449126413155,-0.15776761416587937,-0.033504624871531344,0.015827338129496403,0.045837615621788286,0.0014388489208633096,-0.011921891058581706,-0.13771839671120248,-0.12374100719424462,-0.09208633093525181,0.03391572456320658,0.17574511819116134,-0.0197327852004111,-0.06330935251798561,0.11675231243576568,-0.20082219938335047,-0.06700924974306269,-0.05940390544707092,0.017060637204522097,-0.004316546762589928,-0.06310380267214799,-0.021788283658787256,-0.10729701952723536,-0.16217882836587874,-0.14388489208633093,0.045737191077404774,0.05015416238437821,-0.0036998972250770813,-0.12990750256937308,-0.021788283658787256,-0.06413155190133607,0.22487153134635152,0.24748201438848924,0.09918289750493395,0.047893114080164445,0.10761087428773662,0.24501541623843784,0.1605344295991778,-0.05179856115107914,-0.023432682425488183,-0.27913669064748203,-0.12435765673175746,0.023432682425488183,-0.041109969167523124,0.33155190133607404,0.0527262449948509,0.0328879753340185,0.01829393627954779,0.13401849948612538
0.13833504624871532,-0.016855087358684483,0.120863309352518,0.027749229188078112,0.06515930113052415,-0.07595457124989242,0.18129496402877696,-0.03741007194244605,-0.06289825282631038,-0.20719424460431657,-0.0984583761562179,0.02219938335046249,-0.011099691675231244,0.0709146968139774,0.1771839671120247,0.12579650565262077,-0.10709146968139774,-0.11161356628982529,0.08201438848920864,0.06330935251798561,0.07708911542417732,0.21027749229188078,0.22466598150051387,-0.13485455924869422,-0.1435839459216505,-0.06639260020554985,0.42651593011305244,0.3469681397738952,0.05457628867888075,0.29249743062692707,0.08715313463514902,0.13422404933196302,0.3095580678314491,-0.06022610483042138,0.20986639260020556,0.0433710174717369,0.22240493319630011,0.27523124357656736,0.19785189398652628,0.08160328879753341,0.27370368503175035,0.22178828365878725,0.3194244604316547,0.21726618705035972,0.10256937307297019,1.0,0.5159301130524152,0.40184994861253853,0.030320160377155972,0.2538540596094553,0.04275436793422405,-0.11449126413155192,-0.154478647616493,-0.05035971223021583,-0.06228160328879754,-0.14984583761562179,-0.1551901336073998,-0.02548818088386434,-0.13566289825282632,-0.120863309352518,-0.17677286742034942,0.0018499486125385406,0.00020554984583761563,-0.028365878725590956,0.03905447070914697,0.09537512846865365,-0.14162384378211718,0.03864337101747174,-0.10380267214799589,-0.14943473792394654,0.021993833504624874,0.016649537512846865,-0.0789311408016444,-0.17841726618705034,-0.13710174717368964,-0.19280575539568348,0.08356030639534849,0.175950668036999,0.055498458376156225,0.00328879753340185,-0.004933196300102775,0.036176772867420354,0.0008221993833504625,-0.020554984583761562,0.15468420802582963,0.10585817060637205,0.15365640597914637,0.32805755395683456,0.005960945529290853,0.013566289825282631,-0.09578622816032889,-0.09701952723535459,-0.12353545734840699,0.31860226104830425,0.10400822199383351,0.1354573484069887,0.4171848507487325,0.10113052415210688,-0.07584789311408018,0.12867420349434738
0.07194244604316546,0.08735868448098665,0.1260020554984584,0.10318602261048304,0.15991778006166496,-0.034020247745215684,0.15806783144912642,0.002672147995889003,0.003494347379239466,-0.11202466598150052,-0.03494347379239466,0.07214799588900309,0.06433710174717369,0.23597122302158272,0.13915724563206577,0.19095580678314492,-0.028365878725590956,0.07153134635149024,0.25077081192189105,0.10010277492291882,0.10936375841509957,0.38355601233299075,0.31613566289825284,-0.07811697029649968,-0.14255614387496723,0.00945529290853032,0.5204522096608428,0.3245632065775951,-0.024153348097056455,0.2865364850976362,0.0302158273381295,0.06125385405960946,0.39157245632065774,0.23514902363823229,0.5089414182939364,0.20143884892086333,0.2147995889003083,0.23227132579650567,0.24410298608727266,0.09784172661870505,0.441029858231784,0.2614594039054471,0.40143884892086334,0.1496402877697842,0.2104830421377184,0.5159301130524152,1.0,0.4386433710174718,0.07348784633785262,0.3736896197327852,-0.03843782117163413,-0.011510791366906477,-0.18716275270102042,0.004933196300102775,0.06413155190133607,-0.13442959917780062,-0.11264131551901337,-0.007194244604316546,-0.11695786228160329,-0.07995889003083248,-0.18972250770811921,-0.016855087358684483,-0.011510791366906477,-0.026104830421377186,0.0039054470709146967,0.10051387461459405,-0.17430626927029805,0.07954779033915725,0.030421377183967115,-0.0065775950668037,-0.045220966084275435,0.06700924974306269,-0.015827338129496403,-0.18520041109969168,-0.1734840698869476,-0.13874614594039056,0.01058636108083751,0.07214799588900309,0.0006166495375128469,-0.07954779033915725,0.03103802672147996,0.20698869475847895,0.12230215827338131,0.16793422404933198,0.18901279638505028,0.24542651593011305,0.17154016159143498,0.2933196300102775,0.060431654676259,0.04295991778006167,-0.15724563206577596,-0.1617677286742035,-0.1590955806783145,0.3044193216855087,0.06310380267214799,0.05878725590955807,0.3006320986548516,0.14943473792394654,-0.045220966084275435,0.194655704008222
0.2534429599177801,0.08345323741007195,0.13525179856115108,0.13586844809866394,0.07913669064748202,-0.0025695051167081333,0.27913669064748203,0.13114080164439876,0.08756423432682425,-0.1171634121274409,-0.12147995889003083,-0.01644398766700925,-0.07852004110996917,0.2534429599177801,0.202672147995889,0.18499486125385406,-0.1473792394655704,0.13299075025693732,0.22096608427543682,0.21664953751284688,0.12478158149993503,0.1432682425488181,0.31387461459403904,-0.1545893727972836,-0.07410452756586257,-0.13340184994861254,0.3558067831449127,0.2199383350462487,-0.05663189277224726,0.20616649537512846,0.028365878725590956,0.12435765673175746,0.34614594039054475,0.09804727646454266,0.28180883864337103,0.26865364850976364,0.14799588900308325,0.16793422404933198,0.14954519779241335,0.09311408016443988,0.3283827539152994,0.05734840698869476,0.11593011305241523,0.09311408016443988,0.16670092497430627,0.40184994861253853,0.4386433710174718,1.0,0.29837093415214844,0.4244604316546763,0.047276464542651594,0.04131551901336074,-0.08952155826611137,0.0762589928057554,0.07297019527235354,-0.017060637204522097,0.01500513874614594,0.0789311408016444,-0.14922918807810895,-0.11181911613566291,-0.24131551901336074,-0.07667009249743063,-0.08530318602261049,-0.011510791366906477,0.10483042137718397,0.16320657759506682,-0.07297019527235354,0.00328879753340185,-0.04295991778006167,0.024049331963001026,0.05734840698869476,-0.02528263103802672,0.11675231243576568,-0.13854059609455294,-0.18643371017471738,-0.2602261048304214,0.016136492132927078,0.03329907502569373,0.024665981500513877,-0.06700924974306269,-0.1434737923946557,0.14265159301130526,0.1105858170606372,0.06330935251798561,0.24718639222732242,0.18520041109969168,0.1014440620076371,0.2774922918807811,0.16217882836587874,-0.03864337101747174,-0.13648509763617678,-0.13771839671120248,-0.09064748201438848,0.10441932168550874,-0.08879753340184995,0.07173689619732786,0.3234493040912198,0.28242548818088387,0.15066803699897224,0.3379239465570401
0.4846086650111539,0.21923017655753793,0.20011305848922942,-0.037103653885265445,-0.059920859321633664,0.3145235892691952,0.10699419305972667,0.16228994317128567,0.29014851777868245,-0.04553163066806812,-0.12097230089461893,0.07739349411524897,-0.01736985458894698,0.17174572200077162,0.14296726469364054,0.09301608522483443,-0.21018551854672532,0.26835911438899746,0.08787707499141816,0.33331620373937904,-0.0015418615428700357,-0.13700601282287767,0.15735649334720608,-0.08891401563883873,0.146366533045534,-0.08787707499141816,0.08890487703810142,-0.06218202382433683,-0.05180388529139685,0.09178272276881452,0.10925535756242982,0.1877794339290304,0.048615036808117885,-0.00462510921007464,0.08541035007937835,0.3076211525722977,-0.08027133984596208,0.1257001903093619,0.13629355534998458,0.1339226066828279,0.024051803885291396,-0.10802199510640992,-0.15427308720715632,-0.054165167860207454,0.07492676920320916,0.030320160377155972,0.07348784633785262,0.29837093415214844,1.0,0.14091166060027405,0.2934374843280688,0.24245850281257944,0.10874704491725767,0.030525720786492624,0.3294105559619827,0.38038953747747206,0.2689757956170074,0.18531270901699057,-0.08499922926070505,-0.20874659568136877,-0.20278534381060587,-0.08458810844203175,0.06341538628035673,0.09815509545825069,0.09404388727151768,0.19209620252510004,0.07554345043121911,-0.03792589552261205,-0.09466056849952763,0.11624441147987595,0.12323346539732206,-0.08602703130738831,0.24471966731528264,-0.034842489382562285,-0.18634051106367383,-0.23546944889513333,0.07441669236303833,0.05745413440959386,0.0969217330022308,0.02682563341843291,-0.2652757082489477,-0.0673210340577531,0.07533789002188247,-0.0701988797884662,0.032069071847055194,0.07225448388183271,-0.0460478980367972,0.004008427982064688,0.2952875280120987,-0.1643455472646522,0.02641451259975961,0.011203042308847461,-0.002980625935381435,-0.1347448483201745,-0.2952875280120987,-0.002775065526044784,0.1021687737691438,0.30967675666566424,0.589855594591519,0.22498586801896414
0.04953751284686536,-0.0008221993833504625,-0.09660842754367935,0.08036998972250771,0.13257965056526208,-0.07801017534325892,0.04152106885919836,-0.036176772867420354,-0.054265159301130524,-0.1105858170606372,0.05981500513874615,-0.11510791366906474,-0.11387461459403907,0.0051387461459403904,-0.09660842754367935,-0.002877697841726619,-0.1658787255909558,0.044193216855087356,0.1091469681397739,0.04193216855087359,-0.0651659989052379,0.17163412127440908,0.016649537512846865,-0.21934422975359255,-0.27637597035312683,-0.12271325796505653,0.23494347379239466,0.14552929085303187,-0.14111722100961066,0.010894141829393628,0.08633093525179857,0.06310380267214799,0.29804727646454265,0.11860226104830421,0.11778006166495375,0.38910585817060633,0.25077081192189105,0.1103802672147996,0.13865049609757088,-0.07708119218910586,0.43362968349566455,0.17327852004111,0.2117163412127441,0.31387461459403904,0.13299075025693732,0.2538540596094553,0.3736896197327852,0.4244604316546763,0.14091166060027405,1.0,-0.001644398766700925,0.044604316546762585,0.00462510921007464,0.13216855087358687,0.017060637204522097,-0.1079136690647482,-0.04542651593011306,0.047687564234326824,0.09126413155190133,0.09331963001027749,-0.07276464542651594,-0.016649537512846865,-0.09928057553956836,-0.027954779033915727,0.0197327852004111,-0.06207605344295992,0.0030832476875642346,0.0131551901336074,-0.00020554984583761563,-0.004316546762589928,-0.08036998972250771,-0.012949640287769786,-0.021788283658787256,-0.016032887975334018,-0.05159301130524152,-0.11346351490236382,-0.10514414937569681,-0.15745118191161359,0.06372045220966084,0.08386433710174718,-0.0012332990750256938,0.3350462487153135,0.05015416238437821,0.024254881808838648,0.13330592545481795,0.1091469681397739,0.26753687275165083,0.15210688591983557,0.17327852004111,0.2199383350462487,0.01932168550873587,0.013566289825282631,0.0552929085303186,0.18746145940390546,0.08591983556012334,0.14779033915724563,0.18037925919291095,0.12785200411099693,0.05775950668036999,0.6145940390544707
0.3514902363823227,0.15971223021582734,0.03761562178828366,-0.16485097636176774,-0.0328879753340185,0.15817873498455268,-0.09064748201438848,-0.01788283658787256,0.07173689619732786,-0.09516957862281604,-0.05179856115107914,-0.019116135662898253,-0.049948612538540604,-0.09907502569373072,0.013771839671120247,0.03473792394655704,-0.16279547790339158,0.20431654676258995,-0.010688591983556012,0.30853031860226104,-0.13444341729976525,-0.06618705035971223,-0.03576567317574512,-0.07009970229238525,0.03751477470393875,-0.08715313463514902,0.07153134635149024,-0.10298047276464543,0.05827637604694046,-0.004522096608427544,0.20287769784172663,0.33874614594039054,-0.04707091469681397,-0.04357656731757451,0.021788283658787256,0.11675231243576568,-0.1091469681397739,0.07810894141829394,0.08520478967004169,0.0024665981500513875,-0.16290662439929565,-0.07070914696813978,-0.010071942446043166,0.04974306269270298,-0.04439876670092498,0.04275436793422405,-0.03843782117163413,0.047276464542651594,0.2934374843280688,-0.001644398766700925,1.0,0.2039054470709147,0.3672336712799264,0.05632065775950668,0.11387461459403907,0.21212744090441932,0.22857142857142856,0.11983556012332991,0.02158273381294964,-0.128879753340185,-0.07872559095580679,-0.06700924974306269,0.053442959917780065,0.023227132579650568,-0.06844809866392601,0.08612538540596094,0.16073997944501542,0.05118191161356629,0.05837615621788284,0.19403905447070918,0.14306269270298047,0.04193216855087359,0.23083247687564235,0.0010277492291880781,-0.09331963001027749,-0.1934224049331963,0.03833701634128535,0.03884892086330936,0.27153134635149023,0.36361767728674205,0.002261048304213772,0.06392600205549846,0.007605344295991779,-0.09763617677286741,-0.008119636168797701,0.06988694758478932,-0.11028315960911307,-0.10503597122302159,0.24789311408016446,-0.07954779033915725,0.20863309352517986,0.1523124357656732,0.04398766700924975,-0.11161356628982529,-0.20534429599177803,-0.06536485097636177,0.054370728269544095,0.2838643371017472,0.36587872559095586,0.0750256937307297
0.24152106885919836,0.37533401849948617,0.3416238437821172,0.0750256937307297,0.04008221993833505,0.3666169900519165,0.06947584789311408,0.27831449126413155,0.3568345323741007,0.04398766700924975,-0.02158273381294964,0.04193216855087359,0.03782117163412128,0.02487153134635149,0.12045220966084276,0.24090441932168552,-0.13216855087358687,0.29373072970195274,-0.06022610483042138,0.34820143884892085,-0.054681879207549786,-0.03843782117163413,0.06392600205549846,-0.013773255289119683,0.06752659446708975,-0.0487153134635149,0.023638232271325797,-0.1525179856115108,0.02620895219042296,0.08448098663926003,0.0735868448098664,0.1708119218910586,0.00945529290853032,0.17163412127440908,0.04912641315519013,0.3011305241521069,-0.05960945529290853,-0.029393627954779036,0.16948455749806846,0.13956834532374102,-0.06279870505234678,-0.14573484069886947,-0.034532374100719423,-0.16382322713257966,0.0067831449126413155,-0.11449126413155192,-0.011510791366906477,0.04131551901336074,0.24245850281257944,0.044604316546762585,0.2039054470709147,1.0,0.342771982568865,0.2846865364850976,0.495169578622816,0.4454265159301131,0.5613566289825282,0.49044193216855086,0.12785200411099693,-0.09907502569373072,0.0073997944501541625,-0.06187050359712231,0.12517985611510793,0.26433710174717373,0.0879753340184995,0.18129496402877696,0.17780061664953753,0.0073997944501541625,0.006372045220966085,0.28427543679342243,0.07297019527235354,0.0762589928057554,0.20513874614594038,0.15827338129496404,-0.061459403905447074,-0.00041109969167523125,0.11665553229854926,0.11099691675231245,0.032065775950668035,0.11757451181911614,-0.021377183967112023,0.03576567317574512,0.08756423432682425,0.011921891058581706,0.036898093475928796,0.1473792394655704,-0.025181150143739707,-0.09373072970195273,0.22672147995889005,-0.07523124357656732,0.12291880781089415,0.08920863309352517,0.08448098663926003,-0.07646454265159301,-0.10894141829393629,-0.13052415210688592,-0.07657125247790238,0.1303186022610483,0.24522096608427543,0.07934224049331963
0.17277352404745489,0.16825119504204858,-0.0013361426606882292,-0.043270466165364965,-0.10000513914228056,0.18563058896083873,-0.02847011669312612,0.06793771528576305,0.2105966393653986,-0.005858471666094544,-0.03751477470393874,-0.04553163066806812,-0.11830001557324246,-0.12713911317471843,0.06279870505234678,0.07204892347249606,-0.07163780265382276,0.16969011790740512,-0.03792589552261205,0.2453363485432926,-0.03690188625935619,-0.15386196638848304,-0.14132278141894733,0.041219098579392294,0.07153869873573851,-0.08438254803269511,-0.07369340674718926,-0.23074155948039035,-0.015623393976770478,-0.09301608522483443,0.16208438276194903,0.1955907294838231,-0.1481062749270568,0.05704301359092056,-0.13865049609757088,0.18490158819831728,-0.016136492132927078,-0.03134796242383923,0.06681056634803166,0.04512050984939482,-0.12416486792064961,-0.19086284006908014,-0.15201192270445316,-0.0005139010233416267,-0.15776761416587937,-0.154478647616493,-0.18716275270102042,-0.08952155826611137,0.10874704491725767,0.00462510921007464,0.3672336712799264,0.342771982568865,1.0,0.20504650831330906,0.16270106398995898,0.2743203662597603,0.3896397558976213,0.21635233082682484,0.26774243316098745,0.005447350847421243,0.07122668183514946,-0.10658307224105336,-0.030114599967819324,0.1789403363275544,0.1322781234081347,0.15118968106710656,0.3450331470715682,0.0560152115442373,0.20956883731871534,0.329821676780656,0.2105966393653986,0.12857803604007498,0.24369186526859937,0.22909707620569716,0.10226630364498371,-0.019219898272976838,0.08428409908520917,-0.0042139883914013385,0.07533789002188247,0.2989876153801584,0.07862685657126889,0.1643455472646522,-0.03340356651720573,-0.037103653885265445,-0.010278548668927948,0.012847525583540667,0.01932367149758454,-0.2101855185467253,0.19374068579979326,-0.024975589734403055,0.3131712836243873,0.23916953626319304,0.24266406322191608,-0.14399506674032378,-0.09651061218355748,-0.08911043744743806,-0.04974817555761126,0.13803381486956093,0.1610565807152658,0.08705483335407155
0.04008221993833505,0.20801644398766703,-0.018088386433710177,0.44090441932168556,0.31757451181911617,0.034842489382562285,0.034532374100719423,0.3642343268242549,0.19979445015416242,-0.0394655704008222,-0.06557040082219938,-0.15704008221993834,-0.09866392600205551,-0.0433710174717369,-0.033710174717368965,0.06289825282631038,-0.1958890030832477,0.0696813977389517,-0.09434737923946558,0.05878725590955807,-0.029602220322884093,-0.0302158273381295,-0.0984583761562179,-0.29026621594383567,-0.12035561966660896,-0.2411099691675231,-0.009660842754367936,-0.021788283658787256,-0.08582147089805166,-0.019938335046248718,0.1496402877697842,0.18355601233299076,0.02959917780061665,0.0421377183967112,-0.027338129496402876,0.10503597122302159,-0.027954779033915727,-0.0355601233299075,0.006064032075431195,-0.010483042137718397,0.07081556101647615,-0.04707091469681397,-0.02219938335046249,-0.039671120246659815,-0.033504624871531344,-0.05035971223021583,0.004933196300102775,0.0762589928057554,0.030525720786492624,0.13216855087358687,0.05632065775950668,0.2846865364850976,0.20504650831330906,1.0,0.13833504624871532,0.026927029804727647,0.21644398766700929,0.3038026721479959,0.05303186022610483,-0.06700924974306269,-0.05220966084275437,-0.0367934224049332,-0.0565262076053443,0.11921891058581706,0.014388489208633093,0.054265159301130524,-0.008427543679342241,-0.0131551901336074,-0.05734840698869476,0.08406988694758478,-0.10955806783144913,-0.05200411099691676,-0.0012332990750256938,-0.1130524152106886,-0.15930113052415212,-0.15662898252826313,-0.14584511042435364,-0.07194244604316546,0.10154162384378213,0.06002055498458376,-0.11551901336073998,0.14511819116135663,0.007810894141829393,0.028365878725590956,0.00010278020466832533,0.09352517985611512,-0.0531373658135242,-0.01932168550873587,-0.01747173689619733,-0.12415210688591984,0.040287769784172665,-0.04234326824254882,-0.03761562178828366,-0.06988694758478932,-0.004522096608427544,-0.13422404933196302,-0.0864381521260616,-0.00041109969167523125,-0.002672147995889003,0.023843782117163412
0.2665981500513875,0.3625899280575539,0.42918807810894144,0.12641315519013363,0.07132579650565263,0.5680661912018341,0.13854059609455294,0.3095580678314491,0.48879753340185,0.10441932168550874,-0.14409044193216855,0.09126413155190133,0.16896197327852006,0.08036998972250771,0.1484069886947585,0.25570400822199385,-0.10092497430626927,0.2119218910585817,-0.08036998972250771,0.29558067831449125,-0.0575598728500524,0.03597122302158273,0.1260020554984584,0.09271250948347727,0.1777069738715345,0.11325796505652622,0.11572456320657759,-0.120863309352518,-0.006064032075431195,0.13257965056526208,0.06084275436793423,0.1539568345323741,0.08304213771839672,0.16300102774922917,0.10010277492291882,0.3023638232271326,-0.016032887975334018,0.12929085303186025,0.24184182158456952,0.25467625899280577,0.005447350847421243,-0.07009249743062693,0.006166495375128469,-0.16258992805755396,0.015827338129496403,-0.06228160328879754,0.06413155190133607,0.07297019527235354,0.3294105559619827,0.017060637204522097,0.11387461459403907,0.495169578622816,0.16270106398995898,0.13833504624871532,1.0,0.5457348406988695,0.44378211716341215,0.48920863309352525,0.10071942446043167,-0.12415210688591984,0.01274409044193217,-0.02816032887975334,0.2119218910585817,0.20966084275436794,0.12291880781089415,0.19650565262076053,0.1605344295991778,-0.07728674203494348,0.041726618705035974,0.22507708119218914,0.09105858170606372,0.07543679342240493,0.16896197327852006,0.14429599177800617,-0.016238437821171636,0.09825282631038026,0.16660671176735534,0.1747173689619733,-0.0065775950668037,0.0020554984583761563,0.008633093525179856,-0.005755395683453238,0.07276464542651594,0.05714285714285714,0.18140706123959421,0.1720452209660843,0.06259314464301013,-0.034121274409044194,0.23905447070914698,-0.0879753340184995,-0.028365878725590956,0.05303186022610483,0.07461459403905447,0.015621788283658787,-0.05673175745118191,-0.1276464542651593,0.02250886482236325,0.12744090441932168,0.2534429599177801,0.09455292908530319
0.33689619732785203,0.22240493319630011,0.38766700924974307,-0.03720452209660843,-0.14285714285714285,0.6009558566956982,0.09989722507708121,0.24665981500513876,0.5122302158273382,0.046454265159301136,-0.1445015416238438,0.022610483042137718,0.04234326824254882,0.003494347379239466,0.14552929085303187,0.13319630010277492,-0.210688591983556,0.1724563206577595,-0.1605344295991778,0.29558067831449125,-0.09189022558561938,-0.1617677286742035,0.08324768756423433,0.07523897665399706,0.28747623245730597,-0.011305241521068859,-0.047482014388489216,-0.18992805755395686,0.04327046616536496,0.0984583761562179,0.046454265159301136,0.1194244604316547,-0.14141829393627955,0.022404933196300103,-0.0302158273381295,0.20945529290853035,-0.09701952723535459,0.049948612538540604,0.15365640597914637,0.22055498458376155,-0.11562773025186598,-0.28180883864337103,-0.15704008221993834,-0.24686536485097635,0.045837615621788286,-0.14984583761562179,-0.13442959917780062,-0.017060637204522097,0.38038953747747206,-0.1079136690647482,0.21212744090441932,0.4454265159301131,0.2743203662597603,0.026927029804727647,0.5457348406988695,1.0,0.5009249743062693,0.4036998972250771,0.0879753340184995,-0.25035971223021586,-0.09167523124357657,-0.09352517985611512,0.2131551901336074,0.23103802672147997,0.16115107913669066,0.22692702980472765,0.23453237410071942,-0.1196300102774923,0.00020554984583761563,0.21274409044193218,0.16628982528263106,0.017060637204522097,0.27297019527235356,0.21377183967112026,-0.07255909558067831,-0.054265159301130524,0.24554190895262923,0.1956834532374101,-0.04439876670092498,0.028365878725590956,-0.0789311408016444,-0.10195272353545735,0.031654676258992806,0.006988694758478932,0.09712729341156745,0.06927029804727647,-0.030731281195829276,-0.06783144912641316,0.2633093525179856,-0.17430626927029805,0.07728674203494348,0.10441932168550874,0.16505652620760536,-0.2010277492291881,-0.2182939362795478,-0.08612538540596094,0.0389536975692953,0.15457348406988697,0.36402877697841723,0.031654676258992806
0.24234326824254881,0.25159301130524153,0.28859198355601234,0.06844809866392601,0.0355601233299075,0.355105607129064,0.13977389516957864,0.41109969167523125,0.4275436793422405,-0.030832476875642344,-0.1658787255909558,-0.06618705035971223,0.08756423432682425,-0.044604316546762585,0.1525179856115108,0.19979445015416242,-0.1551901336073998,0.37636176772867425,-0.12559095580678314,0.4406988694758479,-0.056943159926658986,-0.12353545734840699,0.06803699897225077,0.009867406774294697,0.07821573575259558,-0.08160328879753341,-0.07954779033915725,-0.14676258992805757,0.09322164563417108,0.0421377183967112,0.10071942446043167,0.12970195272353546,-0.07934224049331963,0.12271325796505653,0.009660842754367936,0.25426515930113053,-0.04357656731757451,-0.06474820143884892,0.08828819581009145,0.14779033915724563,-0.1339226066828279,-0.20698869475847895,-0.07440904419321687,-0.17286742034943473,0.0014388489208633096,-0.1551901336073998,-0.11264131551901337,0.01500513874614594,0.2689757956170074,-0.04542651593011306,0.22857142857142856,0.5613566289825282,0.3896397558976213,0.21644398766700929,0.44378211716341215,0.5009249743062693,1.0,0.5632065775950669,0.06906474820143885,-0.17307297019527237,-0.021377183967112023,0.015827338129496403,0.23823227132579652,0.2820143884892086,0.07852004110996917,0.20513874614594038,0.27029804727646456,0.0197327852004111,0.0696813977389517,0.3845837615621789,0.17656731757451183,0.1354573484069887,0.3547790339157246,0.21911613566289825,-0.04008221993833505,-0.05960945529290853,0.19887969603320954,0.16156217882836588,0.04398766700924975,0.10318602261048304,-0.01891058581706064,-0.008221993833504625,0.11428571428571428,0.044809866392600206,0.07986021902728878,0.13216855087358687,-0.013053085992877318,-0.065775950668037,0.3237410071942446,-0.09948612538540597,0.1290853031860226,0.024665981500513877,0.10174717368961973,-0.13607399794450153,-0.11675231243576568,-0.1366906474820144,-0.010175240262164207,0.22692702980472765,0.2957862281603289,0.0591983556012333
0.21459403905447072,0.3237410071942446,0.3693730729701953,0.2655704008221994,0.16649537512846865,0.3746338460160459,0.1712230215827338,0.5502569373072971,0.5009249743062693,0.046248715313463515,-0.13566289825282632,-0.04131551901336074,0.07708119218910586,-0.048509763617677296,0.07173689619732786,0.28221993833504627,-0.19403905447070918,0.21747173689619734,-0.17019527235354576,0.34922918807810893,-0.14883338551227834,-0.03247687564234327,0.020143884892086333,-0.05200945653951164,0.05786525522826716,-0.04316546762589928,0.05097636176772868,-0.04090441932168551,-0.030731281195829272,0.07194244604316546,0.1971223021582734,0.2581706063720452,0.047482014388489216,0.12168550873586846,0.013566289825282631,0.2992805755395684,0.05817060637204522,0.04316546762589928,0.10164962241697376,0.12867420349434738,-0.005241790438084592,-0.051387461459403906,-0.024049331963001026,-0.13607399794450153,-0.011921891058581706,-0.02548818088386434,-0.007194244604316546,0.0789311408016444,0.18531270901699057,0.047687564234326824,0.11983556012332991,0.49044193216855086,0.21635233082682484,0.3038026721479959,0.48920863309352525,0.4036998972250771,0.5632065775950669,1.0,0.052826310380267215,-0.18643371017471738,-0.0696813977389517,-0.00041109969167523125,0.20431654676258995,0.18890030832476876,-0.00472764645426516,0.1379239465570401,0.09537512846865365,-0.15354573484069886,-0.06413155190133607,0.1673175745118191,-0.020143884892086333,0.049331963001027754,0.13463514902363824,0.14039054470709147,-0.08633093525179857,0.011305241521068859,0.1378282544602243,0.17327852004111,0.17040082219938338,0.1527235354573484,-0.025693730729701953,-0.008838643371017472,-0.008427543679342241,-0.03638232271325797,0.11131096165579633,0.11634121274409044,0.0697877589697929,0.020349434737923947,0.20801644398766703,-0.08489208633093526,-0.0014388489208633096,0.06104830421377184,0.046865364850976365,0.033093525179856115,-0.04008221993833505,-0.13730729701952724,0.025592270962413007,0.07790339157245633,0.10030832476875642,0.0367934224049332
0.017677286742034944,0.11531346351490238,-0.12271325796505653,-0.03535457348406989,-0.20431654676258995,0.0377203351132754,-0.08242548818088387,-0.10462487153134635,0.0552929085303186,0.30935251798561153,0.2733812949640288,0.19547790339157248,-0.004316546762589928,-0.07194244604316546,-0.09681397738951696,-0.008427543679342241,0.1771839671120247,0.028776978417266185,-0.015210688591983558,-0.04131551901336074,-0.04131976586735905,0.1196300102774923,-0.1969167523124358,0.18275259629891638,0.09609949136488419,0.2614594039054471,-0.0591983556012333,-0.28920863309352524,-0.11665553229854925,-0.09290853031860227,0.10544707091469682,0.06906474820143885,-0.052415210688591986,0.16073997944501542,-0.1093525179856115,0.12045220966084276,0.0051387461459403904,0.011921891058581706,0.08911043744743806,0.053442959917780065,0.14707847288037354,0.1052415210688592,0.08612538540596094,0.09085303186022611,-0.13771839671120248,-0.13566289825282632,-0.11695786228160329,-0.14922918807810895,-0.08499922926070505,0.09126413155190133,0.02158273381294964,0.12785200411099693,0.26774243316098745,0.05303186022610483,0.10071942446043167,0.0879753340184995,0.06906474820143885,0.052826310380267215,1.0,0.41089414182939366,0.35662898252826314,-0.04275436793422405,-0.13237410071942446,0.08406988694758478,0.07009249743062693,-0.04254881808838644,0.3868448098663926,0.04542651593011306,0.20143884892086333,0.15868448098663926,0.07153134635149024,0.08715313463514902,-0.011716341212744091,0.34018499486125386,0.42302158273381296,0.33401849948612544,-0.027442314646442863,-0.1272353545734841,0.02076053442959918,0.25673175745118193,0.22014388489208633,0.189311408016444,-0.09311408016443988,-0.07132579650565263,0.014492008858233874,-0.027954779033915727,0.04594275148674142,-0.19671120246659815,-0.06002055498458376,0.24398766700924973,0.22713257965056527,0.4010277492291881,0.437410071942446,0.13381294964028778,0.15477903391572456,-0.06248715313463515,-0.07410452756586257,-0.043782117163412126,0.03864337101747174,0.11408016443987667
-0.14552929085303187,-0.02528263103802672,-0.24234326824254881,-0.09825282631038026,-0.13360739979445016,-0.30597666929760453,-0.24563206577595068,-0.23329907502569375,-0.2641315519013361,0.17327852004111,0.2709146968139774,0.14779033915724563,0.04090441932168551,-0.07153134635149024,-0.19506680369989723,-0.1366906474820144,0.38561151079136696,-0.014799588900308325,0.08180883864337102,-0.2406988694758479,-0.04419775950986167,0.15827338129496404,-0.26187050359712233,0.10915818744063509,-0.17359576568480148,0.29393627954779034,-0.0855087358684481,-0.18848920863309354,-0.06238758423367347,-0.18910585817060638,-0.06721479958890031,-0.13319630010277492,0.02076053442959918,0.14018499486125385,-0.053442959917780065,-0.05220966084275437,0.03186022610483042,-0.07317574511819117,-0.12796135481206505,-0.1747173689619733,0.1306336401334415,0.22774922918807813,0.11736896197327853,0.3046248715313464,-0.12374100719424462,-0.120863309352518,-0.07995889003083248,-0.11181911613566291,-0.20874659568136877,0.09331963001027749,-0.128879753340185,-0.09907502569373072,0.005447350847421243,-0.06700924974306269,-0.12415210688591984,-0.25035971223021586,-0.17307297019527237,-0.18643371017471738,0.41089414182939366,1.0,0.5202466598150052,0.05796505652620761,-0.15046248715313465,-0.05077081192189106,-0.10585817060637205,-0.2411099691675231,0.11634121274409044,0.15930113052415212,0.18211716341212744,-0.0065775950668037,-0.07852004110996917,0.023843782117163412,-0.18396711202466598,0.12929085303186025,0.5496402877697841,0.3956834532374101,-0.17297908445679153,-0.20575539568345325,-0.03638232271325797,0.13874614594039056,0.2526207605344296,0.22959917780061667,0.008838643371017472,-0.06680369989722508,-0.06156534259632687,-0.045220966084275435,0.031142402014502576,-0.14039054470709147,-0.20226104830421376,0.41089414182939366,0.054470709146968145,0.23658787255909558,0.15745118191161359,0.23987667009249744,0.2698869475847893,0.06413155190133607,-0.17482912814082138,-0.14409044193216855,-0.09907502569373072,0.03432682425488181
-0.16896197327852006,0.03843782117163413,-0.11325796505652622,-0.11387461459403907,-0.08345323741007195,-0.1489285165644034,-0.20205549845837614,-0.14532374100719425,-0.1971223021582734,0.1527235354573484,0.15662898252826313,0.12271325796505653,0.24727646454265162,-0.0645426515930113,0.035149023638232274,-0.07831449126413156,0.34655704008222,-0.002877697841726619,-0.01932168550873587,-0.09516957862281604,0.0014389968212513101,0.05508735868448099,-0.13114080164439876,0.1190255942149298,-0.14111722100961066,0.2536485097636177,-0.15498458376156218,-0.09064748201438848,0.15673981211919613,-0.0879753340184995,-0.08201438848920864,-0.11264131551901337,-0.08530318602261049,0.045220966084275435,-0.09208633093525181,-0.10071942446043167,0.049948612538540604,-0.1327852004110997,-0.15920653703123594,-0.13484069886947586,-0.11891669680125241,0.11428571428571428,0.07420349434737925,0.1932168550873587,-0.09208633093525181,-0.17677286742034942,-0.18972250770811921,-0.24131551901336074,-0.20278534381060587,-0.07276464542651594,-0.07872559095580679,0.0073997944501541625,0.07122668183514946,-0.05220966084275437,0.01274409044193217,-0.09167523124357657,-0.021377183967112023,-0.0696813977389517,0.35662898252826314,0.5202466598150052,1.0,0.3543679342240494,0.11017471736896198,0.1720452209660843,-0.0051387461459403904,-0.024460431654676262,0.14758478931140803,0.3245632065775951,0.2622816032887975,0.09331963001027749,0.11223021582733812,0.14306269270298047,-0.06187050359712231,0.1432682425488181,0.6236382322713259,0.49804727646454267,0.03504804979189894,0.03802672147995889,-0.0894141829393628,0.05775950668036999,0.28920863309352524,0.10503597122302159,0.07420349434737925,0.019527235354573486,0.017780975407620282,-0.006988694758478932,0.041831543300008406,-0.11408016443987667,-0.0789311408016444,0.29784172661870506,0.0762589928057554,0.11572456320657759,0.08715313463514902,0.15560123329907502,0.3562178828365879,0.07687564234326826,-0.2073076728160122,-0.10996916752312436,-0.07934224049331963,-0.06433710174717369
-0.2,-0.12538540596094552,-0.08180883864337102,0.03144912641315519,0.18191161356628985,-0.09034379990345796,-0.04809866392600205,0.014799588900308325,-0.20678314491264133,-0.1249743062692703,-0.03144912641315519,-0.08838643371017471,0.3868448098663926,-0.006372045220966085,0.13771839671120248,-0.10318602261048304,0.08489208633093526,0.047482014388489216,-0.07173689619732786,0.02959917780061665,0.022407236216627543,0.02528263103802672,0.1103802672147996,-0.08962894486651017,-0.17791253428087114,-0.0051387461459403904,-0.11572456320657759,0.2117163412127441,0.29549308842143535,0.026515930113052415,-0.1381294964028777,-0.13586844809866394,-0.0801644398766701,-0.07749229188078109,0.015827338129496403,-0.08776978417266187,0.17266187050359713,-0.10215827338129498,-0.17750141346219783,-0.15683453237410072,-0.13762269405088762,-0.04049331963001028,0.048920863309352525,0.10955806783144913,0.03391572456320658,0.0018499486125385406,-0.016855087358684483,-0.07667009249743063,-0.08458810844203175,-0.016649537512846865,-0.06700924974306269,-0.06187050359712231,-0.10658307224105336,-0.0367934224049332,-0.02816032887975334,-0.09352517985611512,0.015827338129496403,-0.00041109969167523125,-0.04275436793422405,0.05796505652620761,0.3543679342240494,1.0,0.3710174717368962,0.302158273381295,0.12168550873586846,0.08057553956834533,-0.05035971223021583,0.42425488180883864,0.20616649537512846,0.1103802672147996,0.14696813977389517,0.20287769784172663,0.05960945529290853,-0.0008221993833504625,0.21109969167523127,0.1800616649537513,0.1172722135265592,0.16279547790339158,-0.0328879753340185,-0.11921891058581706,0.18417266187050363,0.04357656731757451,0.12661870503597122,0.1734840698869476,0.1610565807152658,0.08489208633093526,0.1294002776774216,0.15621788283658788,0.11449126413155192,0.1537512846865365,-0.05755395683453237,-0.20226104830421376,-0.10298047276464543,0.11921891058581706,0.29023638232271326,0.15560123329907502,-0.012230844355530715,0.025077081192189106,-0.003494347379239466,-0.008633093525179856
0.032682425488180886,0.06289825282631038,0.26885919835560124,-0.04501541623843783,0.05858170606372045,0.13823937527889757,-0.07194244604316546,0.12045220966084276,0.06947584789311408,-0.17142857142857143,-0.11778006166495375,-0.05837615621788284,0.3773895169578623,-0.0006166495375128469,0.20596094552929087,-0.030421377183967115,-0.03638232271325797,0.07543679342240493,-0.09516957862281604,0.14470709146968141,-0.06866070547113394,-0.06639260020554985,0.17410071942446043,-0.024051804012343324,-0.027442314646442863,0.005549845837615622,-0.010071942446043166,0.17060637204522097,0.269181356026344,0.18478931140801647,-0.020966084275436794,-0.028982528263103807,-0.040698869475847894,-0.06310380267214799,0.04254881808838644,-0.00020554984583761563,0.11469681397738953,-0.07954779033915725,-0.10226630364498371,-0.03843782117163413,-0.21224112264009182,-0.07379239465570402,0.03741007194244605,-0.07584789311408018,0.17574511819116134,0.00020554984583761563,-0.011510791366906477,-0.08530318602261049,0.06341538628035673,-0.09928057553956836,0.053442959917780065,0.12517985611510793,-0.030114599967819324,-0.0565262076053443,0.2119218910585817,0.2131551901336074,0.23823227132579652,0.20431654676258995,-0.13237410071942446,-0.15046248715313465,0.11017471736896198,0.3710174717368962,1.0,0.3975334018499486,0.06947584789311408,0.15416238437821173,-0.045837615621788286,0.18787255909558068,0.13052415210688592,0.1420349434737924,0.1539568345323741,0.19260020554984586,0.18417266187050363,-0.024254881808838648,-0.013771839671120247,0.046454265159301136,0.3306439184180026,0.33627954779033914,-0.06495375128468654,-0.040698869475847894,0.13771839671120248,-0.07440904419321687,0.10770811921891059,0.08180883864337102,0.10987203879043979,0.0984583761562179,0.11747777393589585,0.14799588900308325,0.2485097636176773,-0.06824254881808839,-0.006988694758478932,-0.2343268242548818,-0.15560123329907502,0.02959917780061665,0.06207605344295992,0.14121274409044193,0.09178272276881452,0.12332990750256938,0.07995889003083248,-0.02219938335046249
0.025077081192189106,0.07708119218910586,0.20739979445015416,-0.006166495375128469,0.0024665981500513875,0.14008941896292743,-0.015416238437821172,0.12147995889003083,0.10955806783144913,-0.144912641315519,-0.06495375128468654,-0.008016443987667009,0.15190133607399794,0.07975334018499487,0.31963001027749227,0.021993833504624874,-0.048920863309352525,0.08715313463514902,-0.012332990750256938,0.20205549845837614,0.06722170864988262,-0.07975334018499487,0.19157245632065778,-0.016034536008228885,-0.03669253306659214,0.021788283658787256,-0.0131551901336074,0.10051387461459405,0.22909707620569716,0.191983556012333,-0.12641315519013363,-0.024665981500513877,-0.12559095580678314,-0.02918807810894142,-0.060431654676259,0.08139773895169579,0.14121274409044193,-0.12456320657759508,-0.03360912692654238,-0.002877697841726619,-0.1314558817707881,-0.1537512846865365,-0.06187050359712231,-0.09290853031860227,-0.0197327852004111,-0.028365878725590956,-0.026104830421377186,-0.011510791366906477,0.09815509545825069,-0.027954779033915727,0.023227132579650568,0.26433710174717373,0.1789403363275544,0.11921891058581706,0.20966084275436794,0.23103802672147997,0.2820143884892086,0.18890030832476876,0.08406988694758478,-0.05077081192189106,0.1720452209660843,0.302158273381295,0.3975334018499486,1.0,0.4002055498458376,0.3558067831449127,0.13689619732785202,0.26783144912641316,0.2709146968139774,0.24830421377183967,0.31531346351490236,0.26844809866392605,0.28756423432682426,0.14861253854059608,0.12456320657759508,0.09804727646454266,0.3966288098150675,0.31264131551901336,-0.1802672147995889,-0.03884892086330936,0.1963001027749229,0.041726618705035974,0.06351490236382322,0.1276464542651593,0.13556708995752112,0.120863309352518,0.1411172210096107,0.05364850976361768,0.2129496402877698,-0.02528263103802672,0.08365878725590956,-0.03638232271325797,0.011510791366906477,-0.019116135662898253,0.13627954779033916,0.08263103802672148,0.03299244569853243,0.10626927029804728,0.11387461459403907,0.002672147995889003
-0.03329907502569373,-0.09516957862281604,0.1301130524152107,-0.0012332990750256938,-0.06824254881808839,0.12775579440272838,0.07872559095580679,-0.007194244604316546,0.04049331963001028,-0.1103802672147996,-0.1064748201438849,-0.06557040082219938,-0.08530318602261049,0.17677286742034942,0.30483042137718397,0.03432682425488181,-0.09455292908530319,-0.051387461459403906,0.07070914696813978,0.10010277492291882,0.24586288545950957,-0.06783144912641316,0.26104830421377184,-0.022612807191092016,0.06156534259632687,-0.09085303186022611,-0.06413155190133607,0.08982528263103802,0.0997995787329439,0.1800616649537513,-0.24809866392600205,-0.12045220966084276,-0.11079136690647481,-0.06988694758478932,-0.1183967112024666,0.046454265159301136,0.09311408016443988,-0.07769784172661871,0.05375404704153415,0.07317574511819117,-0.06958219856045625,-0.22281603288797533,-0.11408016443987667,-0.13360739979445016,-0.06330935251798561,0.03905447070914697,0.0039054470709146967,0.10483042137718397,0.09404388727151768,0.0197327852004111,-0.06844809866392601,0.0879753340184995,0.1322781234081347,0.014388489208633093,0.12291880781089415,0.16115107913669066,0.07852004110996917,-0.00472764645426516,0.07009249743062693,-0.10585817060637205,-0.0051387461459403904,0.12168550873586846,0.06947584789311408,0.4002055498458376,1.0,0.34552929085303186,0.12990750256937308,0.15477903391572456,0.21459403905447072,0.24295991778006165,0.3510791366906475,0.26885919835560124,0.31264131551901336,0.14039054470709147,0.07029804727646455,-0.012127440904419324,0.27658153076246345,0.26002055498458376,-0.20287769784172663,-0.17286742034943473,0.10380267214799589,0.046248715313463515,0.0030832476875642346,0.16875642343268246,0.15776761416587937,0.14922918807810895,0.1444061875589971,0.05405960945529291,0.17677286742034942,-0.026104830421377186,0.02076053442959918,-0.013771839671120247,0.12702980472764644,-0.041726618705035974,0.052415210688591986,0.01891058581706064,0.13947273773491747,0.13463514902363824,0.07852004110996917,0.13627954779033916
0.14881808838643373,0.23206577595066805,0.33771839671120246,0.015621788283658787,-0.08304213771839672,0.15797317457521604,0.20945529290853035,0.13052415210688592,0.21274409044193218,-0.044604316546762585,-0.18458376156217884,0.06474820143884892,0.0984583761562179,0.12456320657759508,0.5889003083247688,0.26618705035971224,-0.05714285714285714,0.18129496402877696,0.0008221993833504625,0.34182939362795484,0.24791859520415427,0.024254881808838648,0.4398766700924974,0.11388631985331797,0.14913407697374007,0.036176772867420354,0.18581706063720455,0.128879753340185,0.21409116632412165,0.3991778006166496,-0.08201438848920864,0.10154162384378213,0.03186022610483042,0.0842754367934224,0.1393627954779034,0.1381294964028777,0.09105858170606372,0.08715313463514902,0.1723624032287816,0.2725590955806783,-0.10082738077962716,-0.08715313463514902,0.008427543679342241,-0.1418293936279548,0.11675231243576568,0.09537512846865365,0.10051387461459405,0.16320657759506682,0.19209620252510004,-0.06207605344295992,0.08612538540596094,0.18129496402877696,0.15118968106710656,0.054265159301130524,0.19650565262076053,0.22692702980472765,0.20513874614594038,0.1379239465570401,-0.04254881808838644,-0.2411099691675231,-0.024460431654676262,0.08057553956834533,0.15416238437821173,0.3558067831449127,0.34552929085303186,1.0,0.0789311408016444,0.11860226104830421,0.15046248715313465,0.2943473792394656,0.4509763617677287,0.17677286742034942,0.35169578622816033,0.052826310380267215,-0.03864337101747174,0.01829393627954779,0.43404080431433784,0.4228160328879753,-0.1379239465570401,-0.10462487153134635,0.08571428571428572,-0.09434737923946558,0.06927029804727647,0.17286742034943473,0.14255614387496723,0.10154162384378213,0.04532607025873147,0.0894141829393628,0.2647482014388489,-0.22302158273381295,-0.015416238437821172,-0.06063720452209661,-0.06413155190133607,-0.0947584789311408,-0.03761562178828366,0.0197327852004111,0.05067064090148439,0.1712230215827338,0.12004110996916752,-0.002261048304213772
0.1354573484069887,0.06289825282631038,-0.045632065775950664,-0.1272353545734841,-0.21973278520041112,0.18284598410495076,0.10770811921891059,-0.028776978417266185,0.14141829393627955,0.18581706063720455,0.15190133607399794,0.15745118191161359,-0.06330935251798561,-0.08859198355601235,0.07029804727646455,0.0645426515930113,0.07995889003083248,0.17286742034943473,-0.07050359712230216,0.21747173689619734,0.10340220015562986,-0.14573484069886947,-0.047893114080164445,0.19652585158803604,0.18901279638505028,0.08859198355601235,-0.16875642343268246,-0.29311408016443985,0.049437278445464486,-0.0552929085303186,0.09167523124357657,0.07790339157245633,-0.13237410071942446,0.05899280575539568,-0.1983556012332991,0.10544707091469682,0.004933196300102775,0.07009249743062693,0.07266560470050601,0.11654676258992805,0.018397656635630234,-0.12559095580678314,-0.0855087358684481,-0.015827338129496403,-0.20082219938335047,-0.14162384378211718,-0.17430626927029805,-0.07297019527235354,0.07554345043121911,0.0030832476875642346,0.16073997944501542,0.17780061664953753,0.3450331470715682,-0.008427543679342241,0.1605344295991778,0.23453237410071942,0.27029804727646456,0.09537512846865365,0.3868448098663926,0.11634121274409044,0.14758478931140803,-0.05035971223021583,-0.045837615621788286,0.13689619732785202,0.12990750256937308,0.0789311408016444,1.0,0.11469681397738953,0.20328879753340184,0.34799588900308326,0.31181911613566293,0.2012332990750257,0.2655704008221994,0.4098663926002055,0.21109969167523127,0.2039054470709147,0.15612313089118618,0.010688591983556012,0.03905447070914697,0.21212744090441932,0.16115107913669066,0.17430626927029805,0.12127440904419322,0.07934224049331963,0.16660671176735534,0.13257965056526208,0.07081556101647615,-0.1644398766700925,0.19424460431654678,0.19897225077081193,0.21418293936279548,0.4538540596094553,0.4943473792394656,0.02548818088386434,0.051387461459403906,-0.06885919835560124,0.09794953504891404,0.2158273381294964,0.20205549845837614,0.1747173689619733
-0.17060637204522097,-0.03473792394655704,-0.07255909558067831,-0.12168550873586846,0.08509763617677288,-0.1690734366793952,-0.06433710174717369,-0.15847893114080164,-0.2974306269270298,-0.07995889003083248,0.06742034943473793,0.005960945529290853,0.16094552929085304,0.131551901336074,0.22672147995889005,-0.06803699897225077,0.23144912641315518,0.13566289825282632,0.13401849948612538,0.11695786228160329,0.27094254434417525,0.04809866392600205,0.17266187050359713,-0.050159317769331385,-0.15365640597914637,-0.021788283658787256,-0.027132579650565262,0.18602261048304214,0.3787450542027789,0.044809866392600206,-0.15354573484069886,-0.20061664953751285,-0.0565262076053443,0.03576567317574512,0.11140801644398766,-0.10277492291880781,0.13381294964028778,-0.12661870503597122,-0.16784007422337527,-0.14881808838643373,-0.10411634732901356,0.033710174717368965,0.04912641315519013,0.11675231243576568,-0.06700924974306269,0.03864337101747174,0.07954779033915725,0.00328879753340185,-0.03792589552261205,0.0131551901336074,0.05118191161356629,0.0073997944501541625,0.0560152115442373,-0.0131551901336074,-0.07728674203494348,-0.1196300102774923,0.0197327852004111,-0.15354573484069886,0.04542651593011306,0.15930113052415212,0.3245632065775951,0.42425488180883864,0.18787255909558068,0.26783144912641316,0.15477903391572456,0.11860226104830421,0.11469681397738953,1.0,0.42795477903391577,0.27461459403905447,0.3079136690647482,0.3301130524152107,0.15889003083247688,-0.021993833504624874,0.2552929085303186,0.1551901336073998,0.14522842919634368,0.14244604316546763,-0.06063720452209661,-0.05405960945529291,0.3023638232271326,0.15477903391572456,0.22672147995889005,0.1745118191161357,0.15797317457521604,0.20513874614594038,0.11028315960911307,0.10503597122302159,0.11346351490236382,0.18890030832476876,0.06639260020554985,-0.09229188078108942,-0.08756423432682425,0.11695786228160329,0.26865364850976364,0.16115107913669066,0.005652911256757893,0.14162384378211718,-0.031654676258992806,0.007194244604316546
-0.12559095580678314,0.004933196300102775,-0.05015416238437821,-0.09516957862281604,-0.02158273381294964,-0.07266560470050601,-0.05097636176772868,-0.14758478931140803,-0.11921891058581706,0.00986639260020555,0.0018499486125385406,-0.04604316546762591,0.0961973278520041,0.07584789311408018,0.20020554984583763,0.04316546762589928,0.22918807810894143,0.1523124357656732,0.18396711202466598,0.11798561151079136,0.19919827425607423,0.13299075025693732,0.17040082219938338,0.0962072160493733,-0.030320160377155972,0.10668036998972251,0.01459403905447071,0.11551901336073998,0.23999177790053966,-0.018705035971223024,-0.12209660842754368,-0.1079136690647482,-0.053854059609455295,0.20205549845837614,0.09023638232271326,0.00020554984583761563,0.14429599177800617,-0.08735868448098665,-0.09116604154080457,-0.028982528263103807,-0.04203710370934506,0.010071942446043166,0.011510791366906477,0.03843782117163413,-0.05940390544707092,-0.10380267214799589,0.030421377183967115,-0.04295991778006167,-0.09466056849952763,-0.00020554984583761563,0.05837615621788284,0.006372045220966085,0.20956883731871534,-0.05734840698869476,0.041726618705035974,0.00020554984583761563,0.0696813977389517,-0.06413155190133607,0.20143884892086333,0.18211716341212744,0.2622816032887975,0.20616649537512846,0.13052415210688592,0.2709146968139774,0.21459403905447072,0.15046248715313465,0.20328879753340184,0.42795477903391577,1.0,0.447070914696814,0.3496402877697842,0.41623843782117165,0.26762589928057556,0.10030832476875642,0.31346351490236385,0.20472764645426517,0.19374068579979326,0.10400822199383351,-0.09455292908530319,-0.014799588900308325,0.4612538540596095,0.30585817060637205,0.18622816032887976,0.2918807810894142,0.1772958530528612,0.21767728674203493,0.18490158819831728,0.024665981500513877,0.18355601233299076,0.19033915724563208,0.06947584789311408,-0.012332990750256938,0.02816032887975334,0.09825282631038026,0.22322713257965057,0.03227132579650565,0.009969679852827557,0.15745118191161359,-0.02857142857142857,0.0526207605344296
0.07255909558067831,0.18293936279547793,0.1183967112024666,-0.007605344295991779,-0.014182939362795478,0.1302225193147682,0.1093525179856115,0.10154162384378213,0.09948612538540597,0.07029804727646455,-0.008427543679342241,0.00041109969167523125,0.13895169578622815,0.05734840698869476,0.2647482014388489,0.23720452209660842,0.11325796505652622,0.4499486125385406,0.08448098663926003,0.4078108941418294,0.19611470963910713,0.08078108941418294,0.23905447070914698,0.14636653381870468,0.10822755551574659,0.0302158273381295,-0.033504624871531344,-0.03741007194244605,0.21306336427743838,0.08036998972250771,-0.00041109969167523125,0.026104830421377186,0.02219938335046249,0.3105858170606372,0.08900308324768756,0.18396711202466598,0.053442959917780065,-0.010071942446043166,0.06505986955504994,0.11284686536485097,-0.09075492072213126,-0.10955806783144913,0.008221993833504625,-0.0828365878725591,0.017060637204522097,-0.14943473792394654,-0.0065775950668037,0.024049331963001026,0.11624441147987595,-0.004316546762589928,0.19403905447070918,0.28427543679342243,0.329821676780656,0.08406988694758478,0.22507708119218914,0.21274409044193218,0.3845837615621789,0.1673175745118191,0.15868448098663926,-0.0065775950668037,0.09331963001027749,0.1103802672147996,0.1420349434737924,0.24830421377183967,0.24295991778006165,0.2943473792394656,0.34799588900308326,0.27461459403905447,0.447070914696814,1.0,0.42898252826310385,0.3570400822199383,0.4789311408016444,0.18211716341212744,0.11284686536485097,0.0879753340184995,0.21943573696687457,0.15292908530318602,0.034121274409044194,0.0526207605344296,0.22857142857142856,0.18170606372045223,0.27132579650565264,0.3601233299075026,0.17750141346219783,0.32538540596094556,0.07636569206856572,-0.011510791366906477,0.42569373072970196,0.040287769784172665,0.15868448098663926,0.034121274409044194,0.13340184994861254,0.015210688591983558,0.00986639260020555,-0.05775950668036999,0.0042139883914013385,0.3276464542651593,0.21109969167523127,0.12538540596094552
0.05940390544707092,0.04275436793422405,0.13854059609455294,-0.20041109969167523,-0.15025693730729703,0.06937663815111961,0.1500513874614594,-0.06618705035971223,0.011921891058581706,0.015621788283658787,0.005960945529290853,0.11593011305241523,0.14635149023638233,0.16135662898252826,0.48057553956834537,0.12332990750256938,0.10832476875642344,0.22713257965056527,0.1366906474820144,0.3815005138746146,0.3574879245937183,-0.010894141829393628,0.3430626927029805,0.21112139077501366,0.1610565807152658,0.08406988694758478,0.03802672147995889,0.09044193216855087,0.3997122159551172,0.19136690647482016,-0.07975334018499487,-0.0709146968139774,-0.09866392600205551,0.05200411099691676,-0.008016443987667009,0.03186022610483042,0.1459403905447071,0.03802672147995889,0.05745413440959386,0.15560123329907502,-0.1602343390779192,-0.04090441932168551,-0.04604316546762591,-0.056937307297019533,-0.004316546762589928,0.021993833504624874,-0.045220966084275435,0.05734840698869476,0.12323346539732206,-0.08036998972250771,0.14306269270298047,0.07297019527235354,0.2105966393653986,-0.10955806783144913,0.09105858170606372,0.16628982528263106,0.17656731757451183,-0.020143884892086333,0.07153134635149024,-0.07852004110996917,0.11223021582733812,0.14696813977389517,0.1539568345323741,0.31531346351490236,0.3510791366906475,0.4509763617677287,0.31181911613566293,0.3079136690647482,0.3496402877697842,0.42898252826310385,1.0,0.2431654676258993,0.4295991778006166,0.175950668036999,0.1539568345323741,0.08838643371017471,0.46446374489616216,0.3206577595066804,-0.10565262076053443,-0.05632065775950668,0.19938335046248715,-0.006988694758478932,0.12332990750256938,0.1710174717368962,0.1363893315948677,0.0367934224049332,0.1417339022376206,0.06700924974306269,0.3512846865364851,-0.013566289825282631,0.13895169578622815,0.044809866392600206,0.10544707091469682,-0.048920863309352525,0.05015416238437821,0.08365878725590956,0.0823269439393286,0.24665981500513876,0.12641315519013363,0.08345323741007195
-0.10626927029804728,-0.0020554984583761563,0.07852004110996917,-0.08612538540596094,0.06680369989722508,-0.022097744003689943,-0.017266187050359712,-0.0526207605344296,-0.07070914696813978,-0.09537512846865365,-0.03638232271325797,-0.10770811921891059,0.027132579650565262,0.022404933196300103,0.16238437821171636,0.06906474820143885,0.0018499486125385406,0.06351490236382322,0.07584789311408018,0.1484069886947585,0.09065679973883255,0.1013360739979445,0.20164439876670093,0.04399218853539719,-0.03258132487985913,0.04254881808838644,-0.041726618705035974,0.1932168550873587,0.1598232182592459,0.12435765673175746,-0.09167523124357657,-0.03638232271325797,-0.015621788283658787,0.08448098663926003,0.06187050359712231,-0.014182939362795478,0.17800616649537512,-0.0709146968139774,0.0046251092100746405,0.03720452209660843,-0.07348784633785262,0.014182939362795478,0.11510791366906474,-0.046248715313463515,-0.06310380267214799,0.016649537512846865,0.06700924974306269,-0.02528263103802672,-0.08602703130738831,-0.012949640287769786,0.04193216855087359,0.0762589928057554,0.12857803604007498,-0.05200411099691676,0.07543679342240493,0.017060637204522097,0.1354573484069887,0.049331963001027754,0.08715313463514902,0.023843782117163412,0.14306269270298047,0.20287769784172663,0.19260020554984586,0.26844809866392605,0.26885919835560124,0.17677286742034942,0.2012332990750257,0.3301130524152107,0.41623843782117165,0.3570400822199383,0.2431654676258993,1.0,0.3251798561151079,0.20349434737923947,0.1724563206577595,0.17430626927029805,0.25458656696344184,0.23227132579650567,-0.06742034943473793,-0.013566289825282631,0.3769784172661871,0.22363823227132582,0.18129496402877696,0.31490236382322717,0.24903643591135227,0.3669064748201439,0.23978621749120302,0.1418293936279548,0.24152106885919836,0.2211716341212744,0.08057553956834533,0.0041109969167523125,0.08735868448098665,0.18252826310380266,0.3416238437821172,0.04912641315519013,0.18634051106367383,0.23144912641315518,-0.04542651593011306,0.10976361767728675
0.1669064748201439,0.02487153134635149,0.16752312435765676,-0.11551901336073998,-0.05220966084275437,0.1809959404209209,0.033504624871531344,0.10092497430626927,0.11284686536485097,-0.14943473792394654,-0.12949640287769784,-0.06721479958890031,0.023227132579650568,0.03535457348406989,0.2945529290853032,0.03802672147995889,-0.11510791366906474,0.25035971223021586,0.013566289825282631,0.3882836587872559,0.05632644700326556,-0.09044193216855087,0.3046248715313464,0.0363860624802117,0.07533789002188247,-0.03001027749229188,-0.09373072970195273,0.013360739979445016,0.17791253428087114,0.15292908530318602,-0.1260020554984584,-0.01891058581706064,-0.15930113052415212,0.03864337101747174,0.02959917780061665,0.09167523124357657,0.025693730729701953,-0.10236382322713258,0.005447350847421243,0.0879753340184995,-0.15242304352312647,-0.20184994861253855,-0.09763617677286741,-0.20472764645426517,-0.021788283658787256,-0.0789311408016444,-0.015827338129496403,0.11675231243576568,0.24471966731528264,-0.021788283658787256,0.23083247687564235,0.20513874614594038,0.24369186526859937,-0.0012332990750256938,0.16896197327852006,0.27297019527235356,0.3547790339157246,0.13463514902363824,-0.011716341212744091,-0.18396711202466598,-0.06187050359712231,0.05960945529290853,0.18417266187050363,0.28756423432682426,0.31264131551901336,0.35169578622816033,0.2655704008221994,0.15889003083247688,0.26762589928057556,0.4789311408016444,0.4295991778006166,0.3251798561151079,1.0,0.10462487153134635,-0.06372045220966084,-0.08489208633093526,0.30679891093495115,0.2419321685508736,-0.08201438848920864,-0.015827338129496403,0.1103802672147996,0.13093525179856116,0.2300102774922919,0.19506680369989723,0.1314558817707881,0.22980472764645427,0.0905493603127946,0.08448098663926003,0.510174717368962,-0.016649537512846865,0.17410071942446043,0.002672147995889003,0.04604316546762591,-0.10215827338129498,-0.1091469681397739,-0.03864337101747174,0.18551826942632724,0.5556012332990751,0.34080164439876676,0.2
0.0526207605344296,0.04953751284686536,-0.00020554984583761563,-0.09537512846865365,-0.21253854059609456,0.13536152954818448,0.11778006166495375,0.008427543679342241,0.16300102774922917,0.2353545734840699,0.15950668036998975,0.09681397738951696,-0.00472764645426516,-0.06906474820143885,-0.008016443987667009,0.11366906474820143,0.04234326824254882,0.1418293936279548,-0.03699897225077081,0.1301130524152107,0.005139274361611822,0.010277492291880781,-0.03494347379239466,0.3492650856151394,0.270414718482364,0.21418293936279548,-0.071120246659815,-0.22713257965056527,0.01346420681155062,0.03247687564234327,0.03391572456320658,0.04193216855087359,-0.049948612538540604,0.14676258992805757,-0.14758478931140803,0.17019527235354576,0.09229188078108942,0.05015416238437821,0.1982630148051996,0.2569373072970195,0.036075851838582196,-0.07810894141829394,0.007605344295991779,-0.06865364850976362,-0.10729701952723536,-0.17841726618705034,-0.18520041109969168,-0.13854059609455294,-0.034842489382562285,-0.016032887975334018,0.0010277492291880781,0.15827338129496404,0.22909707620569716,-0.1130524152106886,0.14429599177800617,0.21377183967112026,0.21911613566289825,0.14039054470709147,0.34018499486125386,0.12929085303186025,0.1432682425488181,-0.0008221993833504625,-0.024254881808838648,0.14861253854059608,0.14039054470709147,0.052826310380267215,0.4098663926002055,-0.021993833504624874,0.10030832476875642,0.18211716341212744,0.175950668036999,0.20349434737923947,0.10462487153134635,1.0,0.2795477903391573,0.2986639260020555,0.2048409479039724,0.04707091469681397,-0.06269270298047276,0.14655704008221992,0.21397738951695788,0.01747173689619733,-0.13586844809866394,0.002672147995889003,0.15879541621256263,-0.022610483042137718,0.08705483335407155,-0.10668036998972251,0.12867420349434738,0.16341212744090444,0.11778006166495375,0.3389516957862282,0.5677286742034944,-0.01459403905447071,0.11161356628982529,-0.001644398766700925,-0.07862685657126889,-0.08201438848920864,0.05179856115107914,0.07050359712230216
-0.12682425488180885,-0.04357656731757451,-0.12661870503597122,-0.1276464542651593,-0.16012332990750258,-0.12035561966660896,-0.08386433710174718,-0.16526207605344295,-0.17266187050359713,0.21377183967112026,0.14244604316546763,0.1196300102774923,0.1410071942446043,0.006372045220966085,0.022610483042137718,-0.015621788283658787,0.4047276464542652,0.01459403905447071,0.07132579650565263,-0.08139773895169579,0.09682392897276672,0.11613566289825283,-0.09804727646454266,0.22777263970663594,-0.04265378493735501,0.30483042137718397,-0.10668036998972251,-0.1381294964028777,0.12652243194670848,-0.10298047276464543,-0.05755395683453237,-0.13751284686536486,-0.06906474820143885,0.09804727646454266,-0.11654676258992805,-0.07132579650565263,0.10359712230215828,-0.09311408016443988,-0.07677681288723903,-0.05364850976361768,-0.046353872305414726,0.11983556012332991,0.06988694758478932,0.1605344295991778,-0.16217882836587874,-0.13710174717368964,-0.1734840698869476,-0.18643371017471738,-0.18634051106367383,-0.05159301130524152,-0.09331963001027749,-0.061459403905447074,0.10226630364498371,-0.15930113052415212,-0.016238437821171636,-0.07255909558067831,-0.04008221993833505,-0.08633093525179857,0.42302158273381296,0.5496402877697841,0.6236382322713259,0.21109969167523127,-0.013771839671120247,0.12456320657759508,0.07029804727646455,-0.03864337101747174,0.21109969167523127,0.2552929085303186,0.31346351490236385,0.11284686536485097,0.1539568345323741,0.1724563206577595,-0.06372045220966084,0.2795477903391573,1.0,0.48427543679342244,0.0673210340577531,-0.0131551901336074,-0.071120246659815,0.05837615621788284,0.3297019527235355,0.08756423432682425,-0.0024665981500513875,-0.004933196300102775,0.036898093475928796,-0.02158273381294964,0.09836065586758734,-0.13854059609455294,-0.11120246659815006,0.34326824254881816,0.07317574511819117,0.19033915724563208,0.20739979445015416,0.1734840698869476,0.34121274409044194,0.03186022610483042,-0.17339020527546484,-0.1496402877697842,-0.09023638232271326,-0.021788283658787256
-0.17800616649537512,0.08735868448098665,-0.003494347379239466,-0.06125385405960946,-0.0801644398766701,-0.04840947639878123,-0.0972250770811922,-0.13627954779033916,-0.07708119218910586,0.28920863309352524,0.22651593011305243,0.22795477903391573,0.18437821171634122,-0.032065775950668035,0.03432682425488181,0.05364850976361768,0.35847893114080165,0.004933196300102775,0.011921891058581706,-0.033504624871531344,0.03433035273556697,0.07564234326824255,-0.04439876670092498,0.2925274966629449,0.0701988797884662,0.4258992805755396,-0.05837615621788284,-0.08653648509763619,0.07451564838453587,-0.023843782117163412,-0.06063720452209661,-0.10277492291880781,-0.026515930113052415,0.15580678314491267,-0.07769784172661871,-0.020966084275436794,0.10668036998972251,-0.048920863309352525,-0.059920859321633664,0.002877697841726619,-0.08047690025529874,0.18129496402877696,0.04542651593011306,0.026721479958890033,-0.14388489208633093,-0.19280575539568348,-0.13874614594039056,-0.2602261048304214,-0.23546944889513333,-0.11346351490236382,-0.1934224049331963,-0.00041109969167523125,-0.019219898272976838,-0.15662898252826313,0.09825282631038026,-0.054265159301130524,-0.05960945529290853,0.011305241521068859,0.33401849948612544,0.3956834532374101,0.49804727646454267,0.1800616649537513,0.046454265159301136,0.09804727646454266,-0.012127440904419324,0.01829393627954779,0.2039054470709147,0.1551901336073998,0.20472764645426517,0.0879753340184995,0.08838643371017471,0.17430626927029805,-0.08489208633093526,0.2986639260020555,0.48427543679342244,1.0,0.12426126744400531,0.08448098663926003,-0.046659815005138744,0.04049331963001028,0.37266187050359717,0.009660842754367936,-0.012538540596094553,0.002261048304213772,0.1168610927078859,-0.006166495375128469,0.11172208247446964,-0.09886947584789312,-0.0645426515930113,0.2760534429599178,-0.012538540596094553,0.29003083247687567,0.15334018499486127,0.19013360739979446,0.3167523124357657,0.03905447070914697,-0.16331774521796893,-0.16217882836587874,-0.19157245632065778,-0.09681397738951696
0.08726039376340822,0.0689655173324463,0.35119995935166765,-0.12015005925727232,-0.1322781234081347,0.13999383287079864,0.09424944768085433,0.03669253306659215,0.12117786130395557,-0.0697877589697929,-0.0831491855766752,0.036281412247918844,0.1423505834656306,0.10658307224105336,0.43712421045438765,0.1439950667403238,-0.03587029142924554,0.08705483335407155,0.06588211119239654,0.30721003175362444,0.20630107443601078,-0.011203042308847461,0.3520222009890142,0.15120522197078817,0.1346489875629561,0.068554396513773,0.046559432714751374,0.14584511042435364,0.381745297563984,0.2938486051467421,-0.13001695890543155,-0.029497918739809368,-0.05765969481893051,-0.0017472634793615307,-0.02620895219042296,0.06012641973097032,0.18592939024500052,-0.048615036808117885,0.006783842121492445,0.15488976843516628,-0.16384006578271149,-0.06629323201106983,0.014080888039560572,-0.1664011513580187,0.045737191077404774,0.08356030639534849,0.01058636108083751,0.016136492132927078,0.07441669236303833,-0.10514414937569681,0.03833701634128535,0.11665553229854926,0.08428409908520917,-0.14584511042435364,0.16660671176735534,0.24554190895262923,0.19887969603320954,0.1378282544602243,-0.027442314646442863,-0.17297908445679153,0.03504804979189894,0.1172722135265592,0.3306439184180026,0.3966288098150675,0.27658153076246345,0.43404080431433784,0.15612313089118618,0.14522842919634368,0.19374068579979326,0.21943573696687457,0.46446374489616216,0.25458656696344184,0.30679891093495115,0.2048409479039724,0.0673210340577531,0.12426126744400531,1.0,0.4741250841349848,-0.19271288375311,-0.0689655173324463,0.2052520687226457,-0.07698237329657567,0.02374222727838315,0.11788889475456915,0.1788467468393463,0.059715298912297016,0.19344228594922397,0.14954519779241335,0.26609794988629426,-0.043476026574701614,-0.010586361080837508,-0.01675317336093703,0.034020247745215684,0.000308340614004976,0.0868492729447349,0.0551929699068907,0.1311542810155206,0.1018551828263104,0.014903129676907174,-0.01983657950098679
0.05673175745118191,0.14902363823227133,0.39897225077081194,-0.00945529290853032,-0.02918807810894142,0.15016187902042333,0.1617677286742035,0.12929085303186025,0.12106885919835561,-0.08201438848920864,-0.15745118191161359,0.0709146968139774,0.1749229188078109,0.10688591983556013,0.4877697841726619,0.2328879753340185,-0.06865364850976362,0.04809866392600205,0.02959917780061665,0.2945529290853032,0.1681570571119388,-0.010277492291880781,0.38108941418293935,0.1068969067215259,0.08376586680468515,0.11346351490236382,0.12620760534429598,0.23741007194244607,0.28398170549858287,0.41973278520041113,-0.0972250770811922,0.0328879753340185,0.0433710174717369,-0.0394655704008222,0.023432682425488183,-0.001644398766700925,0.1745118191161357,0.04357656731757451,0.08006577943662543,0.17923946557040082,-0.16126214112460244,0.014388489208633093,0.08900308324768756,-0.13771839671120248,0.05015416238437821,0.175950668036999,0.07214799588900309,0.03329907502569373,0.05745413440959386,-0.15745118191161359,0.03884892086330936,0.11099691675231245,-0.0042139883914013385,-0.07194244604316546,0.1747173689619733,0.1956834532374101,0.16156217882836588,0.17327852004111,-0.1272353545734841,-0.20575539568345325,0.03802672147995889,0.16279547790339158,0.33627954779033914,0.31264131551901336,0.26002055498458376,0.4228160328879753,0.010688591983556012,0.14244604316546763,0.10400822199383351,0.15292908530318602,0.3206577595066804,0.23227132579650567,0.2419321685508736,0.04707091469681397,-0.0131551901336074,0.08448098663926003,0.4741250841349848,1.0,-0.12435765673175746,-0.11284686536485097,0.17944501541623845,-0.1260020554984584,0.013360739979445016,0.10668036998972251,0.2434863048592627,0.12209660842754368,0.1444061875589971,0.2312435765673176,0.21336073997944502,-0.09393627954779034,-0.12271325796505653,-0.06927029804727647,-0.11798561151079136,0.06310380267214799,0.10092497430626927,0.05508735868448099,0.1565342517098595,0.118191161356629,-0.03658787255909558,-0.1013360739979445
0.09003083247687566,0.08571428571428572,-0.052826310380267215,0.053854059609455295,0.11223021582733812,-0.028058995874452815,0.019938335046248718,0.05405960945529291,-0.011716341212744091,0.046248715313463515,0.0842754367934224,-0.020349434737923947,-0.08776978417266187,-0.031654676258992806,-0.1461459403905447,0.13627954779033916,-0.01644398766700925,0.11593011305241523,0.045632065775950664,0.1366906474820144,-0.06989413131792077,-0.001644398766700925,-0.14141829393627955,-0.11696988447028507,-0.009558559034154255,-0.10195272353545735,0.017266187050359712,-0.01500513874614594,-0.10123850159830045,-0.14635149023638233,0.47379239465570405,0.34820143884892085,0.10832476875642344,0.0197327852004111,-0.017266187050359712,0.10318602261048304,-0.03227132579650565,0.1484069886947585,-0.02004213991032344,-0.11140801644398766,-0.004008427982064688,0.15539568345323743,0.02528263103802672,0.10729701952723536,-0.0036998972250770813,0.055498458376156225,0.0006166495375128469,0.024665981500513877,0.0969217330022308,0.06372045220966084,0.27153134635149023,0.032065775950668035,0.07533789002188247,0.10154162384378213,-0.0065775950668037,-0.04439876670092498,0.04398766700924975,0.17040082219938338,0.02076053442959918,-0.03638232271325797,-0.0894141829393628,-0.0328879753340185,-0.06495375128468654,-0.1802672147995889,-0.20287769784172663,-0.1379239465570401,0.03905447070914697,-0.06063720452209661,-0.09455292908530319,0.034121274409044194,-0.10565262076053443,-0.06742034943473793,-0.08201438848920864,-0.06269270298047276,-0.071120246659815,-0.046659815005138744,-0.19271288375311,-0.12435765673175746,1.0,0.3192189105858171,-0.07338129496402879,0.03597122302158273,0.07543679342240493,-0.11778006166495375,-0.07595457124989242,0.053442959917780065,-0.06094866136831692,-0.09516957862281604,0.04152106885919836,0.0367934224049332,0.07667009249743063,0.14820143884892087,0.011510791366906477,0.09352517985611512,-0.044193216855087356,-0.008221993833504625,-0.015519810904917124,0.05077081192189106,0.06330935251798561,0.020349434737923947
0.19527235354573483,0.16505652620760536,-0.11901336073997945,-0.1105858170606372,-0.16115107913669066,-0.014697569267570522,-0.1761562178828366,-0.04912641315519013,0.05981500513874615,0.1354573484069887,0.2355601233299075,0.11901336073997945,-0.08078108941418294,-0.16813977389516957,-0.18273381294964028,-0.033504624871531344,0.020966084275436794,0.07728674203494348,-0.10729701952723536,0.10215827338129498,-0.24010689817450434,-0.014388489208633093,-0.24501541623843784,0.03679720442914064,0.027442314646442863,0.07194244604316546,-0.0036998972250770813,-0.21767728674203493,-0.17873477591821776,-0.04275436793422405,0.3044193216855087,0.3827338129496403,-0.0051387461459403904,0.040698869475847894,-0.07687564234326826,0.18705035971223025,-0.054881808838643374,0.06166495375128469,0.04409270780271157,-0.06330935251798561,0.04203710370934506,0.13771839671120248,0.05940390544707092,0.1710174717368962,-0.12990750256937308,0.00328879753340185,-0.07954779033915725,-0.06700924974306269,0.02682563341843291,0.08386433710174718,0.36361767728674205,0.11757451181911614,0.2989876153801584,0.06002055498458376,0.0020554984583761563,0.028365878725590956,0.10318602261048304,0.1527235354573484,0.25673175745118193,0.13874614594039056,0.05775950668036999,-0.11921891058581706,-0.040698869475847894,-0.03884892086330936,-0.17286742034943473,-0.10462487153134635,0.21212744090441932,-0.05405960945529291,-0.014799588900308325,0.0526207605344296,-0.05632065775950668,-0.013566289825282631,-0.015827338129496403,0.14655704008221992,0.05837615621788284,0.04049331963001028,-0.0689655173324463,-0.11284686536485097,0.3192189105858171,1.0,0.05940390544707092,0.13340184994861254,-0.18725590955806784,-0.24357656731757452,-0.0673210340577531,-0.07070914696813978,-0.04984839926413778,-0.17040082219938338,0.048920863309352525,0.06474820143884892,0.31387461459403904,0.3993833504624872,0.25159301130524153,0.05323741007194245,-0.09229188078108942,-0.021788283658787256,-0.05519296990689071,0.06228160328879754,0.09331963001027749,0.06063720452209661
-0.20842754367934224,0.029804727646454265,-0.026515930113052415,-0.08263103802672148,-0.07810894141829394,-0.12405570703466867,-0.10010277492291882,-0.18067831449126415,-0.14121274409044193,0.04090441932168551,0.06865364850976362,-0.03103802672147996,0.11161356628982529,-0.11880781089414184,0.10955806783144913,0.039260020554984586,0.17019527235354576,0.01891058581706064,-0.001644398766700925,0.033504624871531344,0.05098160166718928,0.22816032887975335,0.0735868448098664,0.1893308674817795,-0.04203710370934506,0.2709146968139774,0.10195272353545735,0.11983556012332991,0.24636415058997582,0.11798561151079136,-0.13422404933196302,-0.05755395683453237,0.019938335046248718,0.16156217882836588,0.030421377183967115,0.006166495375128469,0.24275436793422406,-0.006988694758478932,-0.025181150143739707,0.03329907502569373,-0.0077085153501244,0.16197327852004112,0.2024665981500514,0.08756423432682425,-0.021788283658787256,-0.004933196300102775,0.03103802672147996,-0.1434737923946557,-0.2652757082489477,-0.0012332990750256938,0.002261048304213772,-0.021377183967112023,0.07862685657126889,-0.11551901336073998,0.008633093525179856,-0.0789311408016444,-0.01891058581706064,-0.025693730729701953,0.22014388489208633,0.2526207605344296,0.28920863309352524,0.18417266187050363,0.13771839671120248,0.1963001027749229,0.10380267214799589,0.08571428571428572,0.16115107913669066,0.3023638232271326,0.4612538540596095,0.22857142857142856,0.19938335046248715,0.3769784172661871,0.1103802672147996,0.21397738951695788,0.3297019527235355,0.37266187050359717,0.2052520687226457,0.17944501541623845,-0.07338129496402879,0.05940390544707092,1.0,0.24604316546762592,0.03473792394655704,0.1617677286742035,0.28254278263322635,0.13607399794450153,0.2681535539796608,0.13463514902363824,0.12045220966084276,0.34388489208633094,0.0709146968139774,0.054470709146968145,0.12045220966084276,0.22507708119218914,0.34224049331963,0.14429599177800617,0.01716429417961033,0.027338129496402876,-0.17266187050359713,0.013771839671120247
-0.07029804727646455,-0.01747173689619733,-0.1761562178828366,0.04439876670092498,0.0394655704008222,-0.12426126744400533,-0.08612538540596094,-0.06598150051387461,-0.09064748201438848,-0.06844809866392601,0.07235354573484071,-0.12271325796505653,-0.08612538540596094,-0.054265159301130524,-0.0894141829393628,-0.06433710174717369,0.02959917780061665,0.018088386433710177,0.10606372045220966,-0.008016443987667009,-0.029191078373955147,0.11223021582733812,-0.06289825282631038,-0.14369411115066652,-0.20442982708529908,-0.049331963001027754,0.027132579650565262,0.02076053442959918,-0.038542576750622,-0.10853031860226105,-0.045837615621788286,0.030832476875642344,0.09393627954779034,0.16156217882836588,0.08468653648509764,0.13771839671120248,0.13915724563206577,-0.0008221993833504625,-0.05067064090148438,-0.07687564234326826,0.29158744064403896,0.04809866392600205,0.13627954779033916,0.16937307297019527,-0.06413155190133607,0.036176772867420354,0.20698869475847895,0.14265159301130526,-0.0673210340577531,0.3350462487153135,0.06392600205549846,0.03576567317574512,0.1643455472646522,0.14511819116135663,-0.005755395683453238,-0.10195272353545735,-0.008221993833504625,-0.008838643371017472,0.189311408016444,0.22959917780061667,0.10503597122302159,0.04357656731757451,-0.07440904419321687,0.041726618705035974,0.046248715313463515,-0.09434737923946558,0.17430626927029805,0.15477903391572456,0.30585817060637205,0.18170606372045223,-0.006988694758478932,0.22363823227132582,0.13093525179856116,0.01747173689619733,0.08756423432682425,0.009660842754367936,-0.07698237329657567,-0.1260020554984584,0.03597122302158273,0.13340184994861254,0.24604316546762592,1.0,0.17533401849948613,0.24809866392600205,0.21347448509611172,0.3354573484069887,0.22190246187891438,0.09146968139773896,0.1418293936279548,0.4166495375128469,0.06721479958890031,0.07420349434737925,0.12702980472764644,0.22713257965056527,0.17656731757451183,-0.038232271325796506,0.17935145714622772,0.244398766700925,-0.0008221993833504625,0.3397738951695787
-0.05303186022610483,0.020349434737923947,0.08982528263103802,-0.05714285714285714,0.13730729701952724,0.015725371314253778,0.02857142857142857,0.014182939362795478,-0.10256937307297019,-0.11366906474820143,-0.03576567317574512,-0.052826310380267215,0.08653648509763619,0.027132579650565262,0.07790339157245633,0.01788283658787256,0.07523124357656732,0.16320657759506682,0.030421377183967115,0.11531346351490238,0.08839551901972334,0.02959917780061665,0.1130524152106886,-0.09291808045794174,-0.14995631861108666,-0.07317574511819117,-0.07276464542651594,0.12147995889003083,0.24040289871921294,-0.10359712230215828,-0.0433710174717369,-0.16156217882836588,0.05323741007194245,0.047276464542651594,0.18129496402877696,-0.04439876670092498,0.0709146968139774,-0.03658787255909558,-0.13042807972410483,-0.09825282631038026,-0.02024770031966009,-0.05015416238437821,0.09188078108941418,0.08468653648509764,0.22487153134635152,0.0008221993833504625,0.12230215827338131,0.1105858170606372,0.07533789002188247,0.05015416238437821,0.007605344295991779,0.08756423432682425,-0.03340356651720573,0.007810894141829393,0.07276464542651594,0.031654676258992806,0.11428571428571428,-0.008427543679342241,-0.09311408016443988,0.008838643371017472,0.07420349434737925,0.12661870503597122,0.10770811921891059,0.06351490236382322,0.0030832476875642346,0.06927029804727647,0.12127440904419322,0.22672147995889005,0.18622816032887976,0.27132579650565264,0.12332990750256938,0.18129496402877696,0.2300102774922919,-0.13586844809866394,-0.0024665981500513875,-0.012538540596094553,0.02374222727838315,0.013360739979445016,0.07543679342240493,-0.18725590955806784,0.03473792394655704,0.17533401849948613,1.0,0.3969167523124358,0.0714322422444861,0.38602261048304215,0.12631687153737184,0.12230215827338131,0.19938335046248715,0.17985611510791366,0.0302158273381295,-0.1301130524152107,-0.15046248715313465,0.20452209660842754,0.1260020554984584,0.1710174717368962,0.10473302855702352,0.3105858170606372,0.07810894141829394,0.16135662898252826
-0.12415210688591984,0.023638232271325797,0.06557040082219938,0.12209660842754368,0.08633093525179857,-0.01675317336093703,0.17697841726618704,0.0869475847893114,-0.033504624871531344,-0.039260020554984586,-0.08468653648509764,-0.1445015416238438,0.10709146968139774,0.06248715313463515,0.16546762589928057,0.15354573484069886,0.0073997944501541625,0.1590955806783145,0.08591983556012334,0.1013360739979445,0.2031041227708992,0.16813977389516957,0.27132579650565264,0.022612807191092016,-0.03258132487985913,-0.05303186022610483,0.0073997944501541625,0.21891058581706063,0.18407934656097066,0.08180883864337102,-0.12353545734840699,-0.11140801644398766,0.15847893114080164,0.2199383350462487,0.1907502569373073,-0.01274409044193217,0.13052415210688592,0.024254881808838648,0.033198006107869084,0.08715313463514902,0.06937663815111961,-0.0879753340184995,0.13997944501541623,-0.045220966084275435,0.24748201438848924,-0.020554984583761562,0.16793422404933198,0.06330935251798561,-0.0701988797884662,0.024254881808838648,-0.09763617677286741,0.011921891058581706,-0.037103653885265445,0.028365878725590956,0.05714285714285714,0.006988694758478932,0.044809866392600206,-0.03638232271325797,-0.07132579650565263,-0.06680369989722508,0.019527235354573486,0.1734840698869476,0.08180883864337102,0.1276464542651593,0.16875642343268246,0.17286742034943473,0.07934224049331963,0.1745118191161357,0.2918807810894142,0.3601233299075026,0.1710174717368962,0.31490236382322717,0.19506680369989723,0.002672147995889003,-0.004933196300102775,0.002261048304213772,0.11788889475456915,0.10668036998972251,-0.11778006166495375,-0.24357656731757452,0.1617677286742035,0.24809866392600205,0.3969167523124358,1.0,0.26877023520767074,0.45179856115107914,0.1378282544602243,0.24727646454265162,0.2199383350462487,0.1354573484069887,-0.1366906474820144,-0.19671120246659815,-0.028365878725590956,0.11531346351490238,0.19260020554984586,0.09003083247687566,0.1294002776774216,0.15724563206577596,-0.021377183967112023,0.08201438848920864
0.06362094668969338,0.12590575071869853,0.0701988797884662,0.16208438276194903,0.025592270962413007,0.10072977695549389,0.18366822574229738,0.08541035007937835,0.08952155826611137,-0.0381314559319487,-0.09260496440616112,-0.05622077195357396,0.09794953504891404,0.07492676920320916,0.1881905547477037,0.14666735206170023,-0.12015005925727232,0.031142402014502576,0.04512050984939482,0.2003186188985661,0.09035308641218409,0.09363276645284438,0.2163523308268248,0.057871203242388675,0.06948298900195292,0.07348784633785262,0.17154016159143498,0.20381314585728913,0.0861342378456162,0.22251914310692433,-0.03278688528919578,0.085615910488715,0.2210802202415678,0.06773215487642639,0.10740531387839997,0.1372115732322143,0.2151189683708049,0.13371704627349126,0.08325624421831637,0.16722339299536532,0.13649912632336314,-0.014903129676907172,0.1481062749270568,-0.012025283946194064,0.09918289750493395,0.15468420802582963,0.18901279638505028,0.24718639222732242,0.032069071847055194,0.13330592545481795,-0.008119636168797701,0.036898093475928796,-0.010278548668927948,0.00010278020466832533,0.18140706123959421,0.09712729341156745,0.07986021902728878,0.11131096165579633,0.014492008858233874,-0.06156534259632687,0.017780975407620282,0.1610565807152658,0.10987203879043979,0.13556708995752112,0.15776761416587937,0.14255614387496723,0.16660671176735534,0.15797317457521604,0.1772958530528612,0.17750141346219783,0.1363893315948677,0.24903643591135227,0.1314558817707881,0.15879541621256263,0.036898093475928796,0.1168610927078859,0.1788467468393463,0.2434863048592627,-0.07595457124989242,-0.0673210340577531,0.28254278263322635,0.21347448509611172,0.0714322422444861,0.26877023520767074,1.0,0.27473148707843364,0.20351526364477335,0.39107867876297786,0.21861349532952798,0.17647361141551463,-0.09938845791427059,-0.044298268212048214,0.11131096165579633,0.14522842919634368,0.1752402489594947,0.10843311592508321,0.34659266111625037,0.1997019376705561,0.0031861863447180854,0.1598232182592459
0.0421377183967112,0.14470709146968141,0.15334018499486127,0.11366906474820143,0.09969167523124357,0.06341538628035673,0.10359712230215828,0.11634121274409044,0.05714285714285714,-0.034532374100719423,-0.11613566289825283,-0.120863309352518,-0.0024665981500513875,0.06474820143884892,0.08838643371017471,0.20801644398766703,-0.03432682425488181,0.15025693730729703,0.07338129496402879,0.21130524152106886,0.0832562446581115,0.10626927029804728,0.1995889003083248,-0.11532531667456929,-0.025797831371749656,-0.10503597122302159,0.07255909558067831,0.1751284686536485,0.1193278176199257,0.06433710174717369,-0.001644398766700925,0.09393627954779034,0.20226104830421376,0.1658787255909558,0.1995889003083248,0.10873586844809867,0.10770811921891059,0.06187050359712231,0.031759083242512524,0.033504624871531344,0.0952772497275376,-0.05035971223021583,0.11223021582733812,-0.04295991778006167,0.047893114080164445,0.10585817060637205,0.24542651593011305,0.18520041109969168,0.07225448388183271,0.1091469681397739,0.06988694758478932,0.1473792394655704,0.012847525583540667,0.09352517985611512,0.1720452209660843,0.06927029804727647,0.13216855087358687,0.11634121274409044,-0.027954779033915727,-0.045220966084275435,-0.006988694758478932,0.08489208633093526,0.0984583761562179,0.120863309352518,0.14922918807810895,0.10154162384378213,0.13257965056526208,0.20513874614594038,0.21767728674203493,0.32538540596094556,0.0367934224049332,0.3669064748201439,0.22980472764645427,-0.022610483042137718,-0.02158273381294964,-0.006166495375128469,0.059715298912297016,0.12209660842754368,0.053442959917780065,-0.07070914696813978,0.13607399794450153,0.3354573484069887,0.38602261048304215,0.45179856115107914,0.27473148707843364,1.0,0.1273446735840551,0.22980472764645427,0.2517985611510792,0.16115107913669066,-0.08961973278520041,-0.05467625899280575,-0.04295991778006167,0.22322713257965057,0.15868448098663926,-0.046659815005138744,0.2591088959688482,0.3617677286742035,0.06927029804727647,0.17307297019527237
-0.10534970978503345,-0.02065882113833339,0.012436404764867365,0.010997481899510811,0.06238758423367347,-0.02343509096515572,0.03217020406118583,-0.033814687335879036,-0.05067064090148439,-0.11254432411181624,-0.027647875055779515,-0.098566216276924,0.08726039376340822,-0.02682563341843291,0.0539596074508708,-0.012641965174204016,-0.07616013165922908,-0.085615910488715,0.04059818084398851,0.03134796242383923,0.002364187699067388,0.14050053978160074,0.1372115732322143,0.06794469865580624,-0.17617432418542503,0.05848193645627711,0.08623259171672495,0.2093632769093787,0.1973481344434166,0.11336656574916285,-0.11768333434523251,-0.09568837054621089,0.03792589552261205,0.06773215487642639,-0.0013361426606882292,0.17421244691281143,0.6229508204947198,-0.033814687335879036,0.0666049953746531,0.006886273712777797,0.15294480419364787,0.14193946264695728,0.15345084556980973,0.16496222849266215,0.10761087428773662,0.15365640597914637,0.17154016159143498,0.1014440620076371,-0.0460478980367972,0.26753687275165083,-0.11028315960911307,-0.025181150143739707,0.01932367149758454,-0.0531373658135242,0.06259314464301013,-0.030731281195829276,-0.013053085992877318,0.0697877589697929,0.04594275148674142,0.031142402014502576,0.041831543300008406,0.1294002776774216,0.11747777393589585,0.1411172210096107,0.1444061875589971,0.04532607025873147,0.07081556101647615,0.11028315960911307,0.18490158819831728,0.07636569206856572,0.1417339022376206,0.23978621749120302,0.0905493603127946,0.08705483335407155,0.09836065586758734,0.11172208247446964,0.19344228594922397,0.1444061875589971,-0.06094866136831692,-0.04984839926413778,0.2681535539796608,0.22190246187891438,0.12631687153737184,0.1378282544602243,0.20351526364477335,0.1273446735840551,1.0,0.269798037254354,0.23670281135115323,0.31522688771775376,0.01408088803956057,-0.03422580815455234,0.014903129676907174,0.29837093415214844,0.2831594638612363,0.26774243316098745,0.19097543426868127,0.0843825480326951,-0.13823937527889757,0.3308494788273393
0.020966084275436794,-0.01500513874614594,0.08201438848920864,0.16238437821171636,0.06659815005138746,-0.08191582312065529,0.1354573484069887,0.12559095580678314,-0.03432682425488181,-0.16300102774922917,-0.13566289825282632,-0.1551901336073998,0.12189105858170607,0.08098663926002056,0.1724563206577595,0.054470709146968145,-0.19527235354573483,-0.015210688591983558,0.03247687564234327,0.1420349434737924,0.06146572136487739,0.1800616649537513,0.2890030832476876,-0.0552985921309432,-0.07842129616193223,-0.024665981500513877,0.236382322713258,0.4565262076053443,0.19620741071183306,0.28859198355601234,-0.08078108941418294,-0.021788283658787256,0.20986639260020556,0.017266187050359712,0.1944501541623844,0.053854059609455295,0.2982528263103803,0.0801644398766701,0.021686623185016643,0.0855087358684481,0.16845675545138522,0.14141829393627955,0.1975334018499486,0.051387461459403906,0.24501541623843784,0.32805755395683456,0.2933196300102775,0.2774922918807811,0.004008427982064688,0.15210688591983557,-0.10503597122302159,-0.09373072970195273,-0.2101855185467253,-0.01932168550873587,-0.034121274409044194,-0.06783144912641316,-0.065775950668037,0.020349434737923947,-0.19671120246659815,-0.14039054470709147,-0.11408016443987667,0.15621788283658788,0.14799588900308325,0.05364850976361768,0.05405960945529291,0.0894141829393628,-0.1644398766700925,0.10503597122302159,0.024665981500513877,-0.011510791366906477,0.06700924974306269,0.1418293936279548,0.08448098663926003,-0.10668036998972251,-0.13854059609455294,-0.09886947584789312,0.14954519779241335,0.2312435765673176,-0.09516957862281604,-0.17040082219938338,0.13463514902363824,0.09146968139773896,0.12230215827338131,0.24727646454265162,0.39107867876297786,0.22980472764645427,0.269798037254354,1.0,0.21336073997944502,0.10421377183967112,-0.07790339157245633,-0.27523124357656736,-0.1459403905447071,0.19547790339157248,0.1432682425488181,0.21541623843782118,0.38100621870548196,0.21027749229188078,-0.053442959917780065,0.128879753340185
0.22918807810894143,0.1405960945529291,0.15827338129496404,-0.05035971223021583,-0.0010277492291880781,0.1733902052754648,0.09085303186022611,0.13319630010277492,0.13072970195272354,-0.09496402877697843,-0.09311408016443988,-0.09044193216855087,0.13648509763617678,0.005960945529290853,0.23227132579650567,0.14881808838643373,-0.14861253854059608,0.3586844809866393,-0.002261048304213772,0.5085303186022611,-0.0039058485148249847,-0.026104830421377186,0.26618705035971224,0.05509302115647873,0.07595457124989242,-0.03227132579650565,0.06433710174717369,0.1196300102774923,0.22251914310692436,0.16217882836587874,0.034532374100719423,0.10339157245632066,0.06906474820143885,0.12970195272353546,0.043782117163412126,0.358273381294964,0.2158273381294964,0.07831449126413156,0.10062182037029051,0.1617677286742035,-0.031759083242512524,-0.049948612538540604,0.023843782117163412,-0.0302158273381295,0.1605344295991778,0.005960945529290853,0.060431654676259,0.16217882836587874,0.2952875280120987,0.17327852004111,0.24789311408016446,0.22672147995889005,0.19374068579979326,-0.01747173689619733,0.23905447070914698,0.2633093525179856,0.3237410071942446,0.20801644398766703,-0.06002055498458376,-0.20226104830421376,-0.0789311408016444,0.11449126413155192,0.2485097636176773,0.2129496402877698,0.17677286742034942,0.2647482014388489,0.19424460431654678,0.11346351490236382,0.18355601233299076,0.42569373072970196,0.3512846865364851,0.24152106885919836,0.510174717368962,0.12867420349434738,-0.11120246659815006,-0.0645426515930113,0.26609794988629426,0.21336073997944502,0.04152106885919836,0.048920863309352525,0.12045220966084276,0.1418293936279548,0.19938335046248715,0.2199383350462487,0.21861349532952798,0.2517985611510792,0.23670281135115323,0.21336073997944502,1.0,0.024254881808838648,0.1471736896197328,-0.0394655704008222,0.05734840698869476,0.013566289825282631,-0.06248715313463515,0.10010277492291882,0.1923017629344367,0.44645426515930114,0.3192189105858171,0.34573484069886945
-0.2199383350462487,-0.10215827338129498,-0.19506680369989723,-0.09866392600205551,-0.02589928057553957,-0.2019631021732593,-0.13175745118191162,-0.2,-0.27276464542651596,0.019938335046248718,0.20143884892086333,-0.07461459403905447,-0.01747173689619733,-0.13648509763617678,-0.1514902363823227,-0.15066803699897224,0.11757451181911614,-0.08345323741007195,0.011099691675231244,-0.10380267214799589,-0.025696371808059105,0.1393627954779034,-0.13648509763617678,-0.012539829442332846,-0.27103139971037393,0.09167523124357657,-0.06618705035971223,0.0014388489208633096,0.08849375621942811,-0.1578622816032888,-0.07790339157245633,-0.175950668036999,0.015827338129496403,0.05179856115107914,-0.040287769784172665,-0.002877697841726619,0.22219938335046252,-0.03247687564234327,-0.10329410569166696,-0.15334018499486127,0.16393442644597891,0.22774922918807813,0.1880781089414183,0.3243576567317575,-0.05179856115107914,0.013566289825282631,0.04295991778006167,-0.03864337101747174,-0.1643455472646522,0.2199383350462487,-0.07954779033915725,-0.07523124357656732,-0.024975589734403055,-0.12415210688591984,-0.0879753340184995,-0.17430626927029805,-0.09948612538540597,-0.08489208633093526,0.24398766700924973,0.41089414182939366,0.29784172661870506,0.1537512846865365,-0.06824254881808839,-0.02528263103802672,-0.026104830421377186,-0.22302158273381295,0.19897225077081193,0.18890030832476876,0.19033915724563208,0.040287769784172665,-0.013566289825282631,0.2211716341212744,-0.016649537512846865,0.16341212744090444,0.34326824254881816,0.2760534429599178,-0.043476026574701614,-0.09393627954779034,0.0367934224049332,0.06474820143884892,0.34388489208633094,0.4166495375128469,0.17985611510791366,0.1354573484069887,0.17647361141551463,0.16115107913669066,0.31522688771775376,0.10421377183967112,0.024254881808838648,1.0,0.05899280575539568,0.17574511819116134,0.20349434737923947,0.37389516957862284,0.43843782117163416,0.19116135662898256,0.07965465861795214,0.06927029804727647,-0.09701952723535459,0.2538540596094553
0.0867420349434738,0.011305241521068859,-0.16135662898252826,-0.29640287769784174,-0.1459403905447071,0.018397656635630234,-0.27153134635149023,-0.18191161356628985,-0.03062692702980473,-0.013360739979445016,0.18992805755395686,0.011305241521068859,-0.05323741007194245,-0.13401849948612538,-0.06927029804727647,-0.24768756423432683,-0.04604316546762591,0.0328879753340185,-0.11551901336073998,0.08859198355601235,-0.10319662918116539,-0.11880781089414184,-0.202672147995889,-0.01295097139126179,-0.000308340614004976,0.03576567317574512,-0.10853031860226105,-0.1473792394655704,0.03669253306659214,-0.09948612538540597,0.09640287769784174,0.0073997944501541625,-0.19054470709146967,-0.12127440904419322,-0.10483042137718397,0.07317574511819117,-0.05323741007194245,-0.12332990750256938,-0.04265378493735501,-0.1196300102774923,-0.09753841423024073,-0.0036998972250770813,-0.03227132579650565,0.08098663926002056,-0.023432682425488183,-0.09578622816032889,-0.15724563206577596,-0.13648509763617678,0.02641451259975961,0.01932168550873587,0.20863309352517986,0.12291880781089415,0.3131712836243873,0.040287769784172665,-0.028365878725590956,0.07728674203494348,0.1290853031860226,-0.0014388489208633096,0.22713257965056527,0.054470709146968145,0.0762589928057554,-0.05755395683453237,-0.006988694758478932,0.08365878725590956,0.02076053442959918,-0.015416238437821172,0.21418293936279548,0.06639260020554985,0.06947584789311408,0.15868448098663926,0.13895169578622815,0.08057553956834533,0.17410071942446043,0.11778006166495375,0.07317574511819117,-0.012538540596094553,-0.010586361080837508,-0.12271325796505653,0.07667009249743063,0.31387461459403904,0.0709146968139774,0.06721479958890031,0.0302158273381295,-0.1366906474820144,-0.09938845791427059,-0.08961973278520041,0.01408088803956057,-0.07790339157245633,0.1471736896197328,0.05899280575539568,1.0,0.20411099691675233,0.21664953751284688,-0.06557040082219938,-0.06885919835560124,0.10195272353545735,-0.04368158698403827,0.19136690647482016,0.1669064748201439,0.15683453237410072
0.12456320657759508,0.09023638232271326,-0.08119218910585818,-0.18869475847893116,-0.2355601233299075,0.08150470230198198,-0.08324768756423433,-0.14080164439876672,0.08489208633093526,0.25919835560123333,0.3247687564234327,0.24933196300102775,-0.18972250770811921,-0.12661870503597122,-0.12682425488180885,0.009660842754367936,0.10277492291880781,0.005755395683453238,-0.047687564234326824,0.04254881808838644,-0.068249563522205,-0.10606372045220966,-0.2117163412127441,0.15849522131210858,0.1481062749270568,0.1656731757451182,-0.07564234326824255,-0.32908530318602264,-0.17441800732214807,-0.10154162384378213,0.18643371017471738,0.1381294964028777,-0.09188078108941418,0.02918807810894142,-0.20842754367934224,0.09249743062692703,-0.06762589928057554,0.09126413155190133,0.06834883610443634,-0.024665981500513877,0.04080374125332516,0.05755395683453237,-0.06392600205549846,0.0748201438848921,-0.27913669064748203,-0.09701952723535459,-0.1617677286742035,-0.13771839671120248,0.011203042308847461,0.013566289825282631,0.1523124357656732,0.08920863309352517,0.23916953626319304,-0.04234326824254882,0.05303186022610483,0.10441932168550874,0.024665981500513877,0.06104830421377184,0.4010277492291881,0.23658787255909558,0.11572456320657759,-0.20226104830421376,-0.2343268242548818,-0.03638232271325797,-0.013771839671120247,-0.06063720452209661,0.4538540596094553,-0.09229188078108942,-0.012332990750256938,0.034121274409044194,0.044809866392600206,0.0041109969167523125,0.002672147995889003,0.3389516957862282,0.19033915724563208,0.29003083247687567,-0.01675317336093703,-0.06927029804727647,0.14820143884892087,0.3993833504624872,0.054470709146968145,0.07420349434737925,-0.1301130524152107,-0.19671120246659815,-0.044298268212048214,-0.05467625899280575,-0.03422580815455234,-0.27523124357656736,-0.0394655704008222,0.17574511819116134,0.20411099691675233,1.0,0.4275436793422405,0.05405960945529291,0.00472764645426516,-0.07235354573484071,-0.04203710370934506,0.0006166495375128469,0.07605344295991778,0.05734840698869476
0.08324768756423433,0.010688591983556012,-0.15868448098663926,-0.06269270298047276,-0.2394655704008222,0.11727221352655921,0.08591983556012334,-0.05878725590955807,0.13525179856115108,0.2906474820143885,0.2612538540596095,0.1303186022610483,-0.10071942446043167,-0.06639260020554985,-0.10976361767728675,0.0036998972250770813,0.033504624871531344,0.047482014388489216,-0.09763617677286741,0.03494347379239466,0.011511974570010481,-0.02528263103802672,-0.15601233299075026,0.24195703694468457,0.2734981246224137,0.11736896197327853,-0.11490236382322713,-0.32600205549845834,-0.1363893315948677,-0.06063720452209661,0.13401849948612538,0.0959917780061665,-0.053854059609455295,0.07913669064748202,-0.19383350462487153,0.13052415210688592,-0.031654676258992806,0.12641315519013363,0.19559072948382308,0.18273381294964028,0.14625623124302695,-0.06762589928057554,0.002877697841726619,0.01500513874614594,-0.12435765673175746,-0.12353545734840699,-0.1590955806783145,-0.09064748201438848,-0.002980625935381435,0.0552929085303186,0.04398766700924975,0.08448098663926003,0.24266406322191608,-0.03761562178828366,0.07461459403905447,0.16505652620760536,0.10174717368961973,0.046865364850976365,0.437410071942446,0.15745118191161359,0.08715313463514902,-0.10298047276464543,-0.15560123329907502,0.011510791366906477,0.12702980472764644,-0.06413155190133607,0.4943473792394656,-0.08756423432682425,0.02816032887975334,0.13340184994861254,0.10544707091469682,0.08735868448098665,0.04604316546762591,0.5677286742034944,0.20739979445015416,0.15334018499486127,0.034020247745215684,-0.11798561151079136,0.011510791366906477,0.25159301130524153,0.12045220966084276,0.12702980472764644,-0.15046248715313465,-0.028365878725590956,0.11131096165579633,-0.04295991778006167,0.014903129676907174,-0.1459403905447071,0.05734840698869476,0.20349434737923947,0.21664953751284688,0.4275436793422405,1.0,0.006166495375128469,0.020143884892086333,-0.01500513874614594,-0.008119636168797701,-0.031243576567317573,0.11079136690647481,0.1537512846865365
-0.05796505652620761,0.028982528263103807,0.010071942446043166,0.03741007194244605,0.10606372045220966,-0.1164499718892126,0.015827338129496403,-0.06598150051387461,-0.15313463514902365,0.02076053442959918,0.12045220966084276,0.11901336073997945,0.10503597122302159,-0.00041109969167523125,-0.026927029804727647,0.07173689619732786,0.15087358684480986,-0.022610483042137718,0.046865364850976365,-0.005549845837615622,0.010895261646617062,0.2540596094552929,0.014799588900308325,0.006783842157327605,-0.15488976843516628,0.1800616649537513,0.16361767728674204,0.16916752312435768,0.04080374125332516,0.02548818088386434,0.0762589928057554,0.00986639260020555,0.26248715313463516,0.11469681397738953,0.12374100719424462,0.07769784172661871,0.2587872559095581,0.17553956834532375,0.030731281195829272,-0.015621788283658787,0.25664217105680837,0.3543679342240494,0.31593011305241525,0.3050359712230216,0.023432682425488183,0.31860226104830425,0.3044193216855087,0.10441932168550874,-0.1347448483201745,0.18746145940390546,-0.11161356628982529,-0.07646454265159301,-0.14399506674032378,-0.06988694758478932,0.015621788283658787,-0.2010277492291881,-0.13607399794450153,0.033093525179856115,0.13381294964028778,0.23987667009249744,0.15560123329907502,0.11921891058581706,0.02959917780061665,-0.019116135662898253,-0.041726618705035974,-0.0947584789311408,0.02548818088386434,0.11695786228160329,0.09825282631038026,0.015210688591983558,-0.048920863309352525,0.18252826310380266,-0.10215827338129498,-0.01459403905447071,0.1734840698869476,0.19013360739979446,0.000308340614004976,0.06310380267214799,0.09352517985611512,0.05323741007194245,0.22507708119218914,0.22713257965056527,0.20452209660842754,0.11531346351490238,0.14522842919634368,0.22322713257965057,0.29837093415214844,0.19547790339157248,0.013566289825282631,0.37389516957862284,-0.06557040082219938,0.05405960945529291,0.006166495375128469,1.0,0.3130524152106886,0.1327852004110997,0.20669099158800225,0.05981500513874615,-0.18211716341212744,0.15642343268242548
-0.28242548818088387,-0.09146968139773896,-0.04131551901336074,0.01891058581706064,0.10606372045220966,-0.22786371374967723,-0.013360739979445016,-0.08078108941418294,-0.21521068859198358,-0.023227132579650568,0.07728674203494348,-0.07831449126413156,0.07749229188078109,-0.07728674203494348,0.008016443987667009,-0.018705035971223024,0.09455292908530319,-0.1418293936279548,0.0036998972250770813,-0.13874614594039056,0.05221502751397611,0.1936279547790339,0.001644398766700925,-0.016034536008228885,-0.23608613012314328,0.09208633093525181,0.004522096608427544,0.20534429599177803,0.15632869130052282,0.023843782117163412,-0.06639260020554985,-0.09948612538540597,0.09311408016443988,-0.0036998972250770813,-0.05220966084275437,-0.09907502569373072,0.28838643371017475,-0.005755395683453238,-0.025181150143739707,-0.045220966084275435,0.08294362516733854,0.2853031860226105,0.2538540596094553,0.2170606372045221,-0.041109969167523124,0.10400822199383351,0.06310380267214799,-0.08879753340184995,-0.2952875280120987,0.08591983556012334,-0.20534429599177803,-0.10894141829393629,-0.09651061218355748,-0.004522096608427544,-0.05673175745118191,-0.2182939362795478,-0.11675231243576568,-0.04008221993833505,0.15477903391572456,0.2698869475847893,0.3562178828365879,0.29023638232271326,0.06207605344295992,0.13627954779033916,0.052415210688591986,-0.03761562178828366,0.051387461459403906,0.26865364850976364,0.22322713257965057,0.00986639260020555,0.05015416238437821,0.3416238437821172,-0.1091469681397739,0.11161356628982529,0.34121274409044194,0.3167523124357657,0.0868492729447349,0.10092497430626927,-0.044193216855087356,-0.09229188078108942,0.34224049331963,0.17656731757451183,0.1260020554984584,0.19260020554984586,0.1752402489594947,0.15868448098663926,0.2831594638612363,0.1432682425488181,-0.06248715313463515,0.43843782117163416,-0.06885919835560124,0.00472764645426516,0.020143884892086333,0.3130524152106886,1.0,0.21253854059609456,0.051698442948167646,-0.12394655704008223,-0.2865364850976362,0.026927029804727647
-0.08900308324768756,-0.03864337101747174,-0.030421377183967115,-0.16505652620760536,-0.03720452209660843,-0.153861966388483,-0.065775950668037,-0.18047276464542653,-0.23391572456320658,-0.17841726618705034,0.048304213771839674,-0.10359712230215828,0.05220966084275437,-0.10585817060637205,-0.011510791366906477,-0.18293936279547793,-0.0869475847893114,-0.09352517985611512,-0.06803699897225077,-0.055909558067831454,-0.07194984106256551,0.06310380267214799,0.019527235354573486,-0.02384623303787885,-0.19394624620912992,0.023227132579650568,0.07173689619732786,0.22034943473792395,0.16372886603664225,0.05323741007194245,-0.00041109969167523125,-0.13463514902363824,0.05508735868448099,-0.09640287769784174,0.03186022610483042,0.0051387461459403904,0.29969167523124357,0.046248715313463515,-0.030320160377155972,-0.12271325796505653,0.017369854588946982,0.15601233299075026,0.13525179856115108,0.33401849948612544,0.33155190133607404,0.1354573484069887,0.05878725590955807,0.07173689619732786,-0.002775065526044784,0.14779033915724563,-0.06536485097636177,-0.13052415210688592,-0.08911043744743806,-0.13422404933196302,-0.1276464542651593,-0.08612538540596094,-0.1366906474820144,-0.13730729701952724,-0.06248715313463515,0.06413155190133607,0.07687564234326826,0.15560123329907502,0.14121274409044193,0.08263103802672148,0.01891058581706064,0.0197327852004111,-0.06885919835560124,0.16115107913669066,0.03227132579650565,-0.05775950668036999,0.08365878725590956,0.04912641315519013,-0.03864337101747174,-0.001644398766700925,0.03186022610483042,0.03905447070914697,0.0551929699068907,0.05508735868448099,-0.008221993833504625,-0.021788283658787256,0.14429599177800617,-0.038232271325796506,0.1710174717368962,0.09003083247687566,0.10843311592508321,-0.046659815005138744,0.26774243316098745,0.21541623843782118,0.10010277492291882,0.19116135662898256,0.10195272353545735,-0.07235354573484071,-0.01500513874614594,0.1327852004110997,0.21253854059609456,1.0,0.07616013165922908,-0.007810894141829393,-0.07543679342240493,0.1459403905447071
0.17503468855015802,-0.07677681288723902,0.09877177668626064,-0.0029806259353814344,-0.03751477470393874,0.06393257272073183,0.11830001557324246,0.011203042308847461,0.028058995874452815,-0.20114086053591268,-0.14193946264695728,-0.0722544838818327,-0.0539596074508708,0.08047690025529873,0.1460506708336903,0.0531373658135242,-0.20257978340126923,-0.09466056849952763,0.09281052481549779,0.14317282510297719,0.04512514782132971,-0.01716429417961033,0.18490158819831728,-0.10597728337993378,-0.00596155822797821,-0.12364458621599538,0.10925535756242982,0.24944755673002558,0.02158495220474869,0.15365640597914637,0.027442314646442863,0.1002106995516172,0.12302790498798542,-0.10884423674375651,0.07246004429116935,0.044709389030721525,0.1302225193147682,0.10946091797176648,0.03700277520814061,0.0531373658135242,0.18295816630691747,0.006269592484767845,0.1273446735840551,0.006269592484767845,0.0527262449948509,0.4171848507487325,0.3006320986548516,0.3234493040912198,0.1021687737691438,0.18037925919291095,0.054370728269544095,-0.07657125247790238,-0.04974817555761126,-0.0864381521260616,0.02250886482236325,0.0389536975692953,-0.010175240262164207,0.025592270962413007,-0.07410452756586257,-0.17482912814082138,-0.2073076728160122,-0.012230844355530715,0.09178272276881452,0.03299244569853243,0.13947273773491747,0.05067064090148439,0.09794953504891404,0.005652911256757893,0.009969679852827557,0.0042139883914013385,0.0823269439393286,0.18634051106367383,0.18551826942632724,-0.07862685657126889,-0.17339020527546484,-0.16331774521796893,0.1311542810155206,0.1565342517098595,-0.015519810904917124,-0.05519296990689071,0.01716429417961033,0.17935145714622772,0.10473302855702352,0.1294002776774216,0.34659266111625037,0.2591088959688482,0.19097543426868127,0.38100621870548196,0.1923017629344367,0.07965465861795214,-0.04368158698403827,-0.04203710370934506,-0.008119636168797701,0.20669099158800225,0.051698442948167646,0.07616013165922908,1.0,0.3964232494057308,0.08623259171672495,0.2792538160838399
0.25775950668037,0.07872559095580679,0.10380267214799589,-0.10565262076053443,-0.053854059609455295,0.0989773370955973,-0.002261048304213772,0.024460431654676262,0.052415210688591986,-0.15971223021582734,-0.0974306269270298,-0.047482014388489216,-0.010071942446043166,0.046865364850976365,0.1868448098663926,0.03432682425488181,-0.15416238437821173,0.19609455292908531,0.07934224049331963,0.36197327852004113,0.020762668420911762,-0.0974306269270298,0.2039054470709147,-0.10257991625777196,0.009969679852827557,-0.08304213771839672,0.027954779033915727,0.09763617677286741,0.11871113639191576,0.06906474820143885,0.013771839671120247,0.10729701952723536,0.02487153134635149,-0.02589928057553957,0.12990750256937308,0.12990750256937308,0.022404933196300103,0.0036998972250770813,-0.027031193827769563,0.006166495375128469,-0.013053085992877318,-0.06125385405960946,-0.020349434737923947,-0.05467625899280575,0.0328879753340185,0.10113052415210688,0.14943473792394654,0.28242548818088387,0.30967675666566424,0.12785200411099693,0.2838643371017472,0.1303186022610483,0.13803381486956093,-0.00041109969167523125,0.12744090441932168,0.15457348406988697,0.22692702980472765,0.07790339157245633,-0.043782117163412126,-0.14409044193216855,-0.10996916752312436,0.025077081192189106,0.12332990750256938,0.10626927029804728,0.13463514902363824,0.1712230215827338,0.2158273381294964,0.14162384378211718,0.15745118191161359,0.3276464542651593,0.24665981500513876,0.23144912641315518,0.5556012332990751,-0.08201438848920864,-0.1496402877697842,-0.16217882836587874,0.1018551828263104,0.118191161356629,0.05077081192189106,0.06228160328879754,0.027338129496402876,0.244398766700925,0.3105858170606372,0.15724563206577596,0.1997019376705561,0.3617677286742035,0.0843825480326951,0.21027749229188078,0.44645426515930114,0.06927029804727647,0.19136690647482016,0.0006166495375128469,-0.031243576567317573,0.05981500513874615,-0.12394655704008223,-0.007810894141829393,0.3964232494057308,1.0,0.3745118191161357,0.34511819116135667
0.4795477903391573,0.12990750256937308,0.05632065775950668,-0.11366906474820143,-0.1461459403905447,0.29693201128679186,0.006166495375128469,0.06618705035971223,0.19403905447070918,-0.017266187050359712,-0.06885919835560124,0.065775950668037,0.07605344295991778,0.03597122302158273,0.07810894141829394,0.007810894141829393,-0.1523124357656732,0.294141829393628,0.0014388489208633096,0.2750256937307297,-0.1023743452833075,-0.11490236382322713,0.061459403905447074,-0.026929797654845947,0.15612313089118618,-0.02158273381294964,-0.007194244604316546,-0.19609455292908531,-0.022097744003689943,0.0302158273381295,0.03535457348406989,0.17040082219938338,-0.04809866392600205,-0.0010277492291880781,0.03597122302158273,0.20328879753340184,-0.17060637204522097,0.046248715313463515,0.12076674048528227,0.08982528263103802,-0.031759083242512524,-0.19671120246659815,-0.13484069886947586,-0.06022610483042138,0.01829393627954779,-0.07584789311408018,-0.045220966084275435,0.15066803699897224,0.589855594591519,0.05775950668036999,0.36587872559095586,0.24522096608427543,0.1610565807152658,-0.002672147995889003,0.2534429599177801,0.36402877697841723,0.2957862281603289,0.10030832476875642,0.03864337101747174,-0.09907502569373072,-0.07934224049331963,-0.003494347379239466,0.07995889003083248,0.11387461459403907,0.07852004110996917,0.12004110996916752,0.20205549845837614,-0.031654676258992806,-0.02857142857142857,0.21109969167523127,0.12641315519013363,-0.04542651593011306,0.34080164439876676,0.05179856115107914,-0.09023638232271326,-0.19157245632065778,0.014903129676907174,-0.03658787255909558,0.06330935251798561,0.09331963001027749,-0.17266187050359713,-0.0008221993833504625,0.07810894141829394,-0.021377183967112023,0.0031861863447180854,0.06927029804727647,-0.13823937527889757,-0.053442959917780065,0.3192189105858171,-0.09701952723535459,0.1669064748201439,0.07605344295991778,0.11079136690647481,-0.18211716341212744,-0.2865364850976362,-0.07543679342240493,0.08623259171672495,0.3745118191161357,1.0,0.20472764645426517
0.11181911613566291,-0.022816032887975332,-0.0762589928057554,-0.032065775950668035,0.015621788283658787,0.03730921429460209,0.023227132579650568,-0.06721479958890031,-0.024049331963001026,-0.128879753340185,0.0394655704008222,-0.13052415210688592,-0.08530318602261049,-0.006166495375128469,-0.0696813977389517,-0.06639260020554985,-0.18458376156217884,0.04974306269270298,0.06947584789311408,0.12147995889003083,-0.03741391735253406,0.028776978417266185,0.04398766700924975,-0.13917154971244813,-0.14091166060027405,-0.09784172661870505,0.06166495375128469,0.0367934224049332,-0.033814687335879036,-0.03864337101747174,0.022404933196300103,0.00328879753340185,0.1276464542651593,0.04152106885919836,0.024254881808838648,0.33586844809866395,0.19671120246659815,0.05878725590955807,0.1047330285570235,-0.017677286742034944,0.260342258424868,0.048920863309352525,0.12065775950668037,0.20842754367934224,0.13401849948612538,0.12867420349434738,0.194655704008222,0.3379239465570401,0.22498586801896414,0.6145940390544707,0.0750256937307297,0.07934224049331963,0.08705483335407155,0.023843782117163412,0.09455292908530319,0.031654676258992806,0.0591983556012333,0.0367934224049332,0.11408016443987667,0.03432682425488181,-0.06433710174717369,-0.008633093525179856,-0.02219938335046249,0.002672147995889003,0.13627954779033916,-0.002261048304213772,0.1747173689619733,0.007194244604316546,0.0526207605344296,0.12538540596094552,0.08345323741007195,0.10976361767728675,0.2,0.07050359712230216,-0.021788283658787256,-0.09681397738951696,-0.01983657950098679,-0.1013360739979445,0.020349434737923947,0.06063720452209661,0.013771839671120247,0.3397738951695787,0.16135662898252826,0.08201438848920864,0.1598232182592459,0.17307297019527237,0.3308494788273393,0.128879753340185,0.34573484069886945,0.2538540596094553,0.15683453237410072,0.05734840698869476,0.1537512846865365,0.15642343268242548,0.026927029804727647,0.1459403905447071,0.2792538160838399,0.34511819116135667,0.20472764645426517,1.0
