0,1,2,3,4,5,6,7,8,9,10,11,12,13,14,15,16,17,18,19,20,21,22,23,24,25,26,27,28,29,30,31,32,33,34,35,36,37,38,39,40,41,42,43,44,45,46,47,48,49,50,51,52,53,54,55,56,57,58,59,60,61,62,63,64,65,66,67,68,69,70,71,72,73,74,75,76,77,78,79,80,81,82,83,84,85,86,87,88,89,90,91,92,93,94,95,96,97,98,99
1.0,0.0008221993833504625,0.1802672147995889,0.03062692702980473,0.039876670092497436,0.276464542651593,0.0645426515930113,-0.001644398766700925,0.1751284686536485,-0.09455292908530319,0.01274409044193217,-0.13504624871531348,0.05796505652620761,0.16073997944501542,0.1418293936279548,-0.03638232271325797,0.01644398766700925,0.00020554984583761563,-0.003494347379239466,0.18787255909558068,0.045837615621788286,-0.11531346351490238,-0.0007194614326782774,-0.20739979445015416,0.014799588900308325,0.05899280575539568,0.0947584789311408,0.05930417809362371,0.09455292908530319,-0.05467625899280575,0.06228160328879754,0.12271325796505653,0.048509763617677296,-0.0869475847893114,-0.1800616649537513,0.18232271325796506,0.11017471736896198,0.011305241521068859,-0.04049331963001028,-0.07543679342240493,0.07543679342240493,-0.01038080067150086,-0.15457348406988697,0.19620741071183306,-0.023021582733812954,0.10051387461459405,-0.08406988694758478,0.21726618705035972,0.32723535457348407,0.20472764645426517,0.4655704008221994,0.118191161356629,0.019527235354573486,0.033093525179856115,0.10030832476875642,0.273909245441087,0.01747173689619733,0.11654676258992805,-0.06351490236382322,0.03751477470393874,-0.07451564838453587,0.027543679342240494,0.05159301130524152,0.011921891058581706,-0.04923171803612784,0.1526286039324631,0.03186022610483042,-0.01500513874614594,-0.0972250770811922,0.018705035971223024,0.08324768756423433,-0.11459992820518275,-0.045837615621788286,0.024049331963001026,-0.10113052415210688,-0.018192096226293582,0.19671120246659815,-0.016855087358684483,0.047687564234326824,0.16937307297019527,-0.10441932168550874,0.008633093525179856,0.021993833504624874,-0.13442959917780062,-0.06269270298047276,-0.09023638232271326,0.1130524152106886,0.09342720604350772,0.2564366106474717,-0.010688591983556012,0.14121274409044193,0.07112755716470762,0.04439876670092498,-0.071120246659815,-0.1484069886947585,0.19794450154162385,0.11099691675231245,0.11736896197327853,0.3114080164439877,0.1895169578622816
0.0008221993833504625,1.0,0.3864337101747174,0.6955806783144912,0.4199383350462487,0.19979445015416242,0.4676258992805755,0.6838643371017471,0.19794450154162385,-0.1420349434737924,-0.3027749229188078,-0.13442959917780062,0.07009249743062693,-0.15436793422404932,-0.02487153134635149,0.6976361767728675,0.23042137718396713,0.5677286742034944,0.4226104830421377,0.1276464542651593,0.3741007194244605,0.16279547790339158,0.30679891093495115,-0.013977389516957863,-0.1272353545734841,0.001644398766700925,0.0065775950668037,0.06053754054964362,-0.02117163412127441,0.10996916752312436,-0.20143884892086333,-0.17800616649537512,0.3044193216855087,0.40287769784172667,0.15642343268242548,-0.24542651593011305,-0.15683453237410072,-0.21911613566289825,-0.09784172661870505,0.28612538540596094,-0.1418293936279548,-0.16002877866858256,-0.15601233299075026,-0.1888072359757136,-0.06104830421377184,0.046454265159301136,0.04398766700924975,-0.2392600205549846,-0.1699897225077081,-0.16505652620760536,-0.054265159301130524,0.6754367934224049,0.6462487153134635,0.636382322713258,0.3471736896197328,0.05745413440959386,0.6964028776978417,0.3486125385405961,-0.27132579650565264,-0.22786371374967726,-0.07739349411524897,0.008016443987667009,0.051387461459403906,-0.0972250770811922,0.4330130022676546,-0.10041625996095384,0.3001027749229188,0.4024665981500514,0.5282631038026722,0.5093525179856115,0.4073997944501541,0.4215016193448022,0.26392600205549843,-0.034532374100719423,0.26372045220966084,0.05539853031622735,0.12004110996916752,0.1963001027749229,-0.20493319630010276,-0.23494347379239466,0.24933196300102775,-0.16382322713257966,-0.023021582733812954,0.3385405960945529,0.16238437821171636,0.27995889003083246,-0.3434737923946557,-0.0381314559319487,-0.2677424331609875,-0.16916752312435768,-0.04604316546762591,-0.19426457086892687,-0.24522096608427543,-0.2131551901336074,0.10955806783144913,-0.33833504624871535,-0.021993833504624874,-0.08386433710174718,-0.20883864337101748,-0.22302158273381295
0.1802672147995889,0.3864337101747174,1.0,0.3447070914696814,0.3038026721479959,0.46474820143884893,0.2890030832476876,0.40082219938335045,0.4961973278520041,-0.10195272353545735,-0.14470709146968141,0.06762589928057554,0.218705035971223,0.20349434737923947,0.22816032887975335,0.30688591983556013,0.14676258992805757,0.2694758478931141,0.19547790339157248,0.1775950668036999,0.3303186022610483,-0.04707091469681397,0.2584922147408382,-0.1260020554984584,-0.0801644398766701,0.18314491264131552,0.07420349434737925,0.08890487703810142,0.1734840698869476,0.09578622816032889,-0.027749229188078112,-0.18766700924974308,-0.005344295991778006,0.07913669064748202,-0.011099691675231244,0.008427543679342241,-0.04357656731757451,-0.22754367934224048,-0.18314491264131552,0.10215827338129498,-0.13504624871531348,-0.10452746814768686,-0.24748201438848924,0.015108690086243824,0.08221993833504625,-0.04090441932168551,-0.17780061664953753,-0.16382322713257966,0.1405960945529291,-0.054265159301130524,0.20164439876670093,0.4931140801644399,0.44665981500513874,0.3011305241521069,0.5253854059609456,0.4673415906268753,0.39486125385405957,0.5247687564234327,-0.189311408016444,-0.07718793370591231,0.0560152115442373,0.1751284686536485,0.17985611510791366,0.06536485097636177,0.3314661600553492,0.2077187936346855,0.255087358684481,0.31346351490236385,0.265775950668037,0.2813977389516958,0.3648509763617678,0.25438100655410517,0.31593011305241525,0.025693730729701953,0.20226104830421376,0.06629323201106983,0.3142857142857143,0.318191161356629,-0.10154162384378213,-0.06618705035971223,0.120863309352518,-0.07564234326824255,0.0030832476875642346,0.1710174717368962,0.1260020554984584,0.15436793422404932,-0.1747173689619733,0.07739349411524897,0.0005139010233416267,-0.1393627954779034,-0.03843782117163413,-0.1735019024480151,-0.17923946557040082,-0.08180883864337102,-0.0024665981500513875,-0.08653648509763619,-0.034121274409044194,0.011305241521068859,0.07913669064748202,-0.09044193216855087
0.03062692702980473,0.6955806783144912,0.3447070914696814,1.0,0.5377183967112025,0.22713257965056527,0.4217882836587873,0.5611510791366906,0.19938335046248715,-0.1578622816032888,-0.23391572456320658,-0.15683453237410072,0.13525179856115108,-0.06783144912641316,0.028365878725590956,0.5457348406988695,0.2589928057553957,0.4779033915724563,0.4047276464542652,0.18499486125385406,0.35991778006166497,0.17780061664953753,0.30988231707500086,-0.04953751284686536,-0.23186022610483045,-0.008016443987667009,0.07790339157245633,0.17462356773148474,0.04809866392600205,0.12579650565262077,-0.12805755395683455,-0.1736896197327852,0.2943473792394656,0.3854059609455293,0.17923946557040082,-0.16382322713257966,-0.0036998972250770813,-0.14820143884892087,-0.13175745118191162,0.23329907502569375,-0.06310380267214799,-0.15530088925383959,-0.1052415210688592,-0.10761087428773662,0.0394655704008222,0.10051387461459405,0.1194244604316547,-0.12476875642343269,-0.05796505652620761,-0.060431654676259,0.012949640287769786,0.5292908530318602,0.507502569373073,0.6760534429599178,0.32641315519013364,0.07924353779927883,0.5346351490236382,0.3167523124357657,-0.27153134635149023,-0.21984685778554786,-0.07513232961254582,0.10318602261048304,0.13299075025693732,-0.07194244604316546,0.32529934777524966,-0.05745413440959386,0.24809866392600205,0.34758478931140807,0.42569373072970196,0.43843782117163416,0.35991778006166497,0.39457320572170096,0.21397738951695788,0.039260020554984586,0.20349434737923947,-0.000308340614004976,0.15642343268242548,0.18705035971223025,-0.14265159301130526,-0.19033915724563208,0.202672147995889,-0.06289825282631038,0.1103802672147996,0.2984583761562179,0.178622816032888,0.2809866392600206,-0.18211716341212744,0.08212138352999193,-0.16722339299536532,-0.10113052415210688,0.03391572456320658,-0.22222222339609518,-0.16361767728674204,-0.17266187050359713,0.08961973278520041,-0.18725590955806784,0.045220966084275435,-0.00020554984583761563,-0.11202466598150052,-0.10976361767728675
0.039876670092497436,0.4199383350462487,0.3038026721479959,0.5377183967112025,1.0,0.39794450154162386,0.18437821171634122,0.29373072970195274,0.3027749229188078,-0.20822199383350465,-0.22137718396711203,-0.15827338129496404,0.13463514902363824,0.07954779033915725,0.13257965056526208,0.2581706063720452,0.09434737923946558,0.2499486125385406,0.18992805755395686,0.28879753340184994,0.20842754367934224,0.04604316546762591,0.09753841423024073,-0.13319630010277492,-0.21767728674203493,-0.020554984583761562,0.2211716341212744,0.16249550358062237,0.03638232271325797,0.04501541623843783,-0.06783144912641316,-0.10565262076053443,0.24974306269270297,0.24460431654676262,0.17533401849948613,0.07852004110996917,0.1736896197327852,0.014799588900308325,-0.06084275436793423,0.09085303186022611,0.1171634121274409,-0.21429672673345834,-0.032682425488180886,0.06238758423367347,0.19547790339157248,0.24131551901336074,0.15457348406988697,0.023432682425488183,0.144912641315519,0.1445015416238438,0.10359712230215828,0.3547790339157246,0.3079136690647482,0.615005138746146,0.452415210688592,0.17133460118209834,0.2511819116135663,0.29105858170606375,-0.2367934224049332,-0.20442982708529908,-0.11768333434523251,0.12065775950668037,0.10729701952723536,0.07831449126413156,0.17297908445679153,0.09116604154080457,0.08139773895169579,0.2261048304213772,0.14265159301130526,0.21377183967112026,0.15457348406988697,0.14543398960568035,0.09537512846865365,-0.04234326824254882,0.024049331963001026,-0.11254432411181624,0.07317574511819117,0.08653648509763619,-0.0421377183967112,-0.06433710174717369,0.035149023638232274,-0.008016443987667009,0.15662898252826313,0.09969167523124357,0.05179856115107914,0.1418293936279548,0.02487153134635149,0.16413998685531556,-0.030936841605165927,-0.09393627954779034,0.12867420349434738,-0.14657210479316915,-0.048304213771839674,-0.18561151079136692,-0.002261048304213772,-0.041109969167523124,0.18972250770811921,0.023021582733812954,0.03329907502569373,0.07913669064748202
0.276464542651593,0.19979445015416242,0.46474820143884893,0.22713257965056527,0.39794450154162386,1.0,0.13401849948612538,0.16896197327852006,0.6174717368961973,-0.18293936279547793,-0.17307297019527237,-0.13175745118191162,0.21007194244604319,0.3399794450154162,0.3206577595066804,0.06844809866392601,0.004933196300102775,0.1539568345323741,0.03720452209660843,0.38807810894141836,0.21151079136690648,-0.09516957862281604,0.0560152115442373,-0.25056526207605345,-0.09044193216855087,0.024049331963001026,0.18396711202466598,0.18798499433836705,0.2182939362795478,-0.023843782117163412,0.178622816032888,-0.0487153134635149,0.045220966084275435,0.06187050359712231,0.013566289825282631,0.27810894141829395,0.17142857142857143,0.0014388489208633096,-0.02076053442959918,0.0051387461459403904,0.13874614594039056,-0.1439950667403238,-0.11675231243576568,0.22005241819488455,0.1656731757451182,0.19424460431654678,0.024460431654676262,0.08324768756423433,0.3967112024665982,0.2770811921891059,0.38663926002055504,0.2970195272353546,0.20822199383350465,0.26248715313463516,0.5553956834532374,0.5664217079271409,0.14367934224049334,0.4219938335046249,-0.18437821171634122,-0.14337838551231386,-0.09630505177422084,0.1410071942446043,0.1671120246659815,0.20966084275436794,0.09836065586758734,0.2845983867265929,0.05981500513874615,0.1103802672147996,0.0014388489208633096,0.10380267214799589,0.2180883864337102,-0.02703119382776956,0.08489208633093526,0.002261048304213772,-0.0961973278520041,-0.11603885107053931,0.15847893114080164,0.10894141829393629,0.02959917780061665,0.07810894141829394,-0.07235354573484071,-0.0020554984583761563,0.10174717368961973,-0.06248715313463515,-0.10051387461459405,-0.0067831449126413155,0.0748201438848921,0.19415180661846654,0.20052417930790273,-0.09373072970195273,0.08160328879753341,-0.08654538024954309,0.009044193216855088,-0.11017471736896198,-0.07153134635149024,0.11202466598150052,0.14881808838643373,0.01459403905447071,0.287153134635149,0.19527235354573483
0.0645426515930113,0.4676258992805755,0.2890030832476876,0.4217882836587873,0.18437821171634122,0.13401849948612538,1.0,0.5675231243576567,0.2665981500513875,-0.11449126413155192,-0.32990750256937307,-0.03782117163412128,0.1013360739979445,0.008016443987667009,0.1683453237410072,0.46947584789311414,0.16382322713257966,0.4226104830421377,0.30421377183967113,0.1773895169578623,0.44439876670092504,0.13525179856115108,0.3141990856710705,0.007810894141829393,-0.10832476875642344,-0.09373072970195273,0.02219938335046249,0.12015005925727232,0.13299075025693732,0.22302158273381295,-0.08838643371017471,0.013977389516957863,0.2970195272353546,0.33093525179856115,0.12435765673175746,-0.1923946557040082,-0.06515930113052415,-0.16156217882836588,-0.018499486125385406,0.42918807810894144,-0.0526207605344296,-0.15160080188577985,-0.05981500513874615,-0.09281052481549779,-0.09352517985611512,0.06988694758478932,0.1171634121274409,-0.13730729701952724,-0.0984583761562179,-0.10092497430626927,0.03905447070914697,0.44933196300102773,0.5348406988694758,0.3243576567317575,0.20863309352517986,0.13083920054277814,0.543884892086331,0.4098663926002055,-0.3025693730729702,-0.23875841544451976,-0.01079192149017416,0.06557040082219938,0.2129496402877698,0.0552929085303186,0.5625160601497445,0.08088802107397204,0.4600205549845838,0.41438848920863314,0.45303186022610487,0.40452209660842753,0.5726618705035971,0.36394470473054,0.2672147995889003,0.1969167523124358,0.21767728674203493,0.027442314646442863,0.21788283658787258,0.2809866392600206,-0.2554984583761562,-0.14039054470709147,0.23617677286742036,-0.03227132579650565,0.03247687564234327,0.3578622816032888,0.12045220966084276,0.28941418293936283,-0.22384378211716344,-0.023742227278383154,-0.1322781234081347,-0.0552929085303186,-0.047276464542651594,-0.15890636326103752,-0.15806783144912642,-0.2263103802672148,0.19260020554984586,-0.21007194244604319,0.006372045220966085,-0.07070914696813978,-0.09003083247687566,-0.1473792394655704
-0.001644398766700925,0.6838643371017471,0.40082219938335045,0.5611510791366906,0.29373072970195274,0.16896197327852006,0.5675231243576567,1.0,0.2916752312435766,-0.12106885919835561,-0.3130524152106886,-0.05179856115107914,0.09270298047276464,-0.10709146968139774,0.03761562178828366,0.5693730729701952,0.1745118191161357,0.5627954779033916,0.38561151079136696,0.08982528263103802,0.4086330935251799,0.1738951695786228,0.338044093154122,-0.021377183967112023,-0.07749229188078109,-0.0012332990750256938,-0.038232271325796506,0.03360912692654238,0.02076053442959918,0.17040082219938338,-0.22322713257965057,-0.1393627954779034,0.22137718396711203,0.3568345323741007,0.14655704008221992,-0.31284686536485096,-0.21603288797533401,-0.29558067831449125,-0.16896197327852006,0.3079136690647482,-0.18376156217882836,-0.1723624032287816,-0.12435765673175746,-0.18284598410495076,-0.06803699897225077,-0.009044193216855088,0.015210688591983558,-0.29640287769784174,-0.22055498458376155,-0.2143884892086331,-0.0855087358684481,0.668448098663926,0.6507708119218911,0.4468653648509764,0.3270298047276464,0.0860270313073883,0.7634121274409045,0.5007194244604317,-0.26351490236382324,-0.20854103527203208,0.02456446891572975,0.026927029804727647,0.13854059609455294,-0.06803699897225077,0.4815252588711042,-0.03833701634128535,0.33093525179856115,0.3736896197327852,0.5636176772867421,0.43535457348406986,0.4616649537512847,0.4700138759482518,0.30421377183967113,-0.030421377183967115,0.3405960945529291,0.0997995787329439,0.1434737923946557,0.2957862281603289,-0.2628982528263104,-0.2234326824254882,0.23699897225077082,-0.23617677286742036,-0.09825282631038026,0.36526207605344296,0.09907502569373072,0.2392600205549846,-0.40143884892086334,-0.09486612890886427,-0.32591602900325967,-0.24234326824254881,-0.16279547790339158,-0.24504060156165167,-0.32045220966084276,-0.31181911613566293,0.12024665981500515,-0.36957862281603293,-0.12312435765673177,-0.2170606372045221,-0.25734840698869477,-0.29373072970195274
0.1751284686536485,0.19794450154162385,0.4961973278520041,0.19938335046248715,0.3027749229188078,0.6174717368961973,0.2665981500513875,0.2916752312435766,1.0,-0.128879753340185,-0.1432682425488181,0.0197327852004111,0.2587872559095581,0.37019527235354577,0.38910585817060633,0.09455292908530319,-0.025693730729701953,0.1656731757451182,0.016032887975334018,0.30729701952723537,0.27009249743062697,-0.12949640287769784,0.09239940399682448,-0.25488180883864336,-0.04953751284686536,0.026721479958890033,0.21130524152106886,0.0697877589697929,0.1987667009249743,0.05734840698869476,0.03782117163412128,-0.08221993833504625,0.012949640287769786,0.033710174717368965,-0.0302158273381295,0.21377183967112026,0.12846865364850976,-0.031654676258992806,-0.060431654676259,0.04316546762589928,0.13072970195272354,-0.15365640597914637,-0.0565262076053443,0.26075337924354136,0.16916752312435768,0.18581706063720455,-0.010277492291880781,0.023021582733812954,0.3130524152106886,0.22302158273381295,0.22446043165467625,0.3165467625899281,0.28242548818088387,0.22281603288797533,0.5066803699897225,0.6344622034175722,0.24213771839671122,0.6224049331963001,-0.15827338129496404,-0.047792795170771285,0.08417698762335844,0.22261048304213774,0.2795477903391573,0.24563206577595068,0.23505832807646002,0.3711393190573228,0.19897225077081193,0.18581706063720455,0.049331963001027754,0.08304213771839672,0.2881808838643371,0.017780975407620282,0.15868448098663926,0.08509763617677288,0.007605344295991779,-0.025181150143739707,0.1537512846865365,0.18972250770811921,-0.0869475847893114,-0.0709146968139774,-0.10421377183967112,-0.08448098663926003,0.022610483042137718,-0.033093525179856115,-0.16361767728674204,-0.03864337101747174,0.010483042137718397,0.06690991323907979,0.1505729998390966,-0.11860226104830421,-0.06742034943473793,-0.1940589998944624,-0.09311408016443988,-0.17163412127440908,-0.07995889003083248,0.11223021582733812,0.10421377183967112,-0.11387461459403907,0.23597122302158272,0.15971223021582734
-0.09455292908530319,-0.1420349434737924,-0.10195272353545735,-0.1578622816032888,-0.20822199383350465,-0.18293936279547793,-0.11449126413155192,-0.12106885919835561,-0.128879753340185,1.0,0.3397738951695787,0.5163412127440904,-0.08982528263103802,-0.18602261048304214,-0.1683453237410072,0.031243576567317573,-0.014182939362795478,-0.21911613566289825,-0.1800616649537513,-0.33442959917780063,-0.12661870503597122,-0.11675231243576568,-0.04450382862138487,0.3157245632065776,0.46598150051387466,0.2565262076053443,-0.031243576567317573,-0.07677681288723902,0.024049331963001026,-0.013771839671120247,-0.08838643371017471,-0.03535457348406989,0.012949640287769786,-0.27995889003083246,-0.17903391572456323,-0.09578622816032889,-0.17944501541623845,-0.06824254881808839,-0.06742034943473793,0.046865364850976365,-0.2758478931140802,0.1347448483201745,-0.09969167523124357,-0.09157716235947787,-0.1720452209660843,-0.27831449126413155,-0.3543679342240494,-0.2129496402877698,-0.16916752312435768,-0.31099691675231245,-0.1738951695786228,-0.19033915724563208,-0.17060637204522097,-0.19403905447070918,-0.12312435765673177,-0.08088802107397204,-0.1303186022610483,-0.13566289825282632,0.5837615621788284,0.4019733804578204,0.4297240357182682,-0.06557040082219938,-0.009044193216855088,-0.029804727646454265,-0.04635387230541472,-0.09815509545825069,-0.03247687564234327,-0.06947584789311408,-0.09044193216855087,-0.1956834532374101,-0.14265159301130526,-0.042242664118681716,-0.002877697841726619,0.07235354573484071,0.3035971223021583,0.4994090144833928,0.06166495375128469,0.12353545734840699,0.11695786228160329,-0.06885919835560124,0.20205549845837614,-0.023638232271325797,-0.06824254881808839,0.12970195272353546,0.15334018499486127,-0.03864337101747174,-0.016238437821171636,-0.016136492132927078,-0.12343902580665872,0.03638232271325797,-0.18499486125385406,0.0037002775403605116,0.06515930113052415,0.2485097636176773,0.049948612538540604,0.0008221993833504625,-0.20863309352517986,-0.03535457348406989,-0.11921891058581706,-0.2394655704008222
0.01274409044193217,-0.3027749229188078,-0.14470709146968141,-0.23391572456320658,-0.22137718396711203,-0.17307297019527237,-0.32990750256937307,-0.3130524152106886,-0.1432682425488181,0.3397738951695787,1.0,0.3206577595066804,-0.024460431654676262,-0.006372045220966085,-0.15066803699897224,-0.2117163412127441,-0.06515930113052415,-0.3593011305241521,-0.22692702980472765,-0.20493319630010276,-0.2709146968139774,-0.19609455292908531,-0.21717457246417143,0.026721479958890033,0.14409044193216855,0.27667009249743063,-0.11921891058581706,-0.10103294118896379,-0.14902363823227133,-0.14779033915724563,0.018499486125385406,-0.11798561151079136,-0.29290853031860226,-0.3963001027749229,-0.3245632065775951,0.11757451181911614,0.06680369989722508,-0.0036998972250770813,-0.09331963001027749,-0.16361767728674204,-0.09784172661870505,0.2549976877821152,-0.03597122302158273,0.12426126744400531,-0.029804727646454265,-0.25488180883864336,-0.3490236382322714,-0.01891058581706064,0.0947584789311408,-0.003494347379239466,0.010688591983556012,-0.3038026721479959,-0.33627954779033914,-0.20184994861253855,-0.21521068859198358,-0.03525361020123559,-0.3095580678314491,-0.21459403905447072,0.4686536485097636,0.6192507331266601,0.32529934777524966,0.022816032887975332,-0.12949640287769784,-0.1695786228160329,-0.29713757169612853,-0.07780461493392228,-0.16649537512846865,-0.21500513874614596,-0.3247687564234327,-0.3062692702980473,-0.31325796505652626,-0.21450228714279498,-0.1722507708119219,-0.0020554984583761563,0.047482014388489216,0.25170872123272875,-0.16115107913669066,-0.13751284686536486,0.11408016443987667,-0.0696813977389517,-0.21726618705035972,-0.04542651593011306,-0.07153134635149024,-0.2316546762589928,-0.14265159301130526,-0.2565262076053443,0.15847893114080164,-0.07657125247790238,0.14050053978160074,0.0984583761562179,-0.16073997944501542,0.027546510578239362,0.0006166495375128469,0.3237410071942446,-0.17944501541623845,0.296813977389517,-0.17656731757451183,-0.04234326824254882,0.1303186022610483,0.0828365878725591
-0.13504624871531348,-0.13442959917780062,0.06762589928057554,-0.15683453237410072,-0.15827338129496404,-0.13175745118191162,-0.03782117163412128,-0.05179856115107914,0.0197327852004111,0.5163412127440904,0.3206577595066804,1.0,0.12702980472764644,0.047276464542651594,0.04234326824254882,-0.024049331963001026,0.03001027749229188,-0.2353545734840699,-0.144912641315519,-0.31243576567317577,-0.0762589928057554,-0.03473792394655704,0.054370728269544095,0.27482014388489207,0.29270298047276466,0.43350462487153135,-0.010894141829393628,0.0231255460503732,0.10811921891058582,0.20883864337101748,-0.08242548818088387,-0.09804727646454266,-0.1496402877697842,-0.34224049331963,-0.1578622816032888,-0.08406988694758478,-0.13114080164439876,-0.039671120246659815,-0.08612538540596094,0.08365878725590956,-0.2616649537512847,0.1614677015339391,0.03658787255909558,0.01634205254226373,-0.051387461459403906,-0.2180883864337102,-0.32045220966084276,-0.19136690647482016,-0.08468653648509764,-0.2668036998972251,-0.09146968139773896,-0.10585817060637205,-0.048304213771839674,-0.16094552929085304,-0.031243576567317573,0.06773215487642639,-0.06762589928057554,0.02487153134635149,0.4030832476875642,0.37586720847206573,0.6280898307281361,0.16238437821171636,0.16546762589928057,0.07317574511819117,0.09281052481549779,0.11644997188921259,0.05981500513874615,0.0367934224049332,-0.041726618705035974,-0.20452209660842754,-0.06187050359712231,0.10843311592508323,0.13586844809866394,0.1802672147995889,0.34532374100719426,0.4365075292263777,0.12846865364850976,0.30421377183967113,0.04439876670092498,-0.0591983556012333,0.13730729701952724,-0.10770811921891059,-0.07995889003083248,0.12168550873586846,0.1301130524152107,-0.08448098663926003,-0.025077081192189106,0.04532607025873147,-0.08417698762335844,-0.03535457348406989,-0.2156217882836588,-0.06886627644559841,0.02959917780061665,0.20801644398766703,0.08879753340184995,0.05200411099691676,-0.1578622816032888,-0.06762589928057554,-0.06392600205549846,-0.21007194244604319
0.05796505652620761,0.07009249743062693,0.218705035971223,0.13525179856115108,0.13463514902363824,0.21007194244604319,0.1013360739979445,0.09270298047276464,0.2587872559095581,-0.08982528263103802,-0.024460431654676262,0.12702980472764644,1.0,0.4372045220966085,0.47050359712230216,0.023432682425488183,0.24686536485097635,0.051387461459403906,0.23514902363823229,-0.05159301130524152,0.17677286742034942,0.25282631038026726,0.29837093415214844,-0.2170606372045221,-0.11243576567317576,0.16485097636176774,0.13442959917780062,0.2938486051467421,0.22014388489208633,0.4055498458376156,-0.039876670092497436,-0.14429599177800617,0.06680369989722508,0.0789311408016444,0.09681397738951696,-0.054265159301130524,0.03432682425488181,0.051387461459403906,-0.1052415210688592,-0.12332990750256938,0.021377183967112023,-0.021481062775679995,0.039671120246659815,0.26116450006221464,0.12065775950668037,0.2010277492291881,0.08468653648509764,0.131551901336074,0.15436793422404932,0.08324768756423433,0.13525179856115108,0.15950668036998975,0.13401849948612538,0.11264131551901337,0.2846865364850976,0.29076519900669234,0.09249743062692703,0.23843782117163412,-0.14552929085303187,0.0052417904380845926,0.20114086053591268,0.6415210688591985,0.598972250770812,0.37430626927029803,0.21368004550544836,0.48748651074186705,0.023843782117163412,0.318191161356629,0.0842754367934224,-0.071120246659815,0.07194244604316546,0.17277352404745489,0.3350462487153135,0.05796505652620761,0.020349434737923947,-0.055809651134900655,0.12415210688591984,0.38252826310380267,-0.12024665981500515,-0.14984583761562179,-0.07831449126413156,-0.1880781089414183,-0.028365878725590956,-0.048304213771839674,-0.04193216855087359,-0.060431654676259,-0.052826310380267215,0.20627987076932894,-0.06300426546168343,-0.2801644398766701,-0.04439876670092498,-0.2409291820723622,-0.01829393627954779,-0.10873586844809867,-0.11120246659815006,0.13771839671120248,0.0959917780061665,-0.02589928057553957,0.11140801644398766,0.012949640287769786
0.16073997944501542,-0.15436793422404932,0.20349434737923947,-0.06783144912641316,0.07954779033915725,0.3399794450154162,0.008016443987667009,-0.10709146968139774,0.37019527235354577,-0.18602261048304214,-0.006372045220966085,0.047276464542651594,0.4372045220966085,1.0,0.6279547790339157,-0.23144912641315518,0.017060637204522097,-0.12744090441932168,-0.03535457348406989,0.25755395683453236,0.1590955806783145,-0.11675231243576568,0.07431008797519921,-0.2943473792394656,-0.19177800616649537,-0.04357656731757451,0.1064748201438849,0.24574746936196587,0.24809866392600205,0.1934224049331963,0.3079136690647482,0.04974306269270298,-0.14409044193216855,-0.13977389516957864,-0.08201438848920864,0.24131551901336074,0.20657759506680373,0.17800616649537512,0.00328879753340185,-0.11798561151079136,0.22774922918807813,-0.06279870505234678,0.07872559095580679,0.295698648830772,0.1708119218910586,0.18992805755395686,0.04316546762589928,0.24665981500513876,0.42569373072970196,0.33278520041109966,0.3473792394655704,-0.02918807810894142,-0.03329907502569373,-0.045632065775950664,0.2411099691675231,0.48728095033253044,-0.1196300102774923,0.21459403905447072,-0.13895169578622815,-0.03340356651720573,0.053548486632197495,0.34511819116135667,0.3963001027749229,0.39527235354573487,0.02291998564103655,0.6256231058160964,-0.0008221993833504625,0.05220966084275437,-0.18663926002055498,-0.12785200411099693,0.06659815005138746,-0.1185055759825791,0.12620760534429598,0.11387461459403907,-0.26002055498458376,-0.2706202788917006,0.08591983556012334,0.17697841726618704,0.11736896197327853,0.13216855087358687,-0.29085303186022615,0.06721479958890031,0.09825282631038026,-0.2949640287769784,-0.16937307297019527,-0.15662898252826313,0.18972250770811921,0.21984685778554786,0.30823783380030767,-0.044604316546762585,0.10195272353545735,-0.05098160166718928,0.13381294964028778,0.02487153134635149,-0.12435765673175746,0.2803699897225077,0.15066803699897224,0.07153134635149024,0.38848920863309355,0.29003083247687567
0.1418293936279548,-0.02487153134635149,0.22816032887975335,0.028365878725590956,0.13257965056526208,0.3206577595066804,0.1683453237410072,0.03761562178828366,0.38910585817060633,-0.1683453237410072,-0.15066803699897224,0.04234326824254882,0.47050359712230216,0.6279547790339157,1.0,-0.08756423432682425,-0.03843782117163413,0.007810894141829393,-0.027543679342240494,0.2620760534429599,0.32147995889003084,0.0012332990750256938,0.17503468855015802,-0.263103802672148,-0.1445015416238438,-0.06659815005138746,0.23473792394655707,0.29179300105337563,0.3512846865364851,0.35662898252826314,0.1418293936279548,0.07810894141829394,0.0709146968139774,0.009044193216855088,0.0696813977389517,0.18622816032887976,0.18314491264131552,0.2170606372045221,0.06166495375128469,-0.03001027749229188,0.28612538540596094,-0.05334292622286085,0.1527235354573484,0.31625468976443705,0.22178828365878725,0.32394655704008224,0.20020554984583763,0.25570400822199385,0.35498458376156217,0.326207605344296,0.22774922918807813,0.10400822199383351,0.08468653648509764,0.038232271325796506,0.2789311408016444,0.42561282753153523,0.023021582733812954,0.27009249743062697,-0.21500513874614596,-0.08273806475800188,0.05149288253883099,0.370606372045221,0.48879753340185,0.4733812949640288,0.14954519779241338,0.760470734340939,0.10483042137718397,0.14265159301130526,-0.12374100719424462,-0.046454265159301136,0.18663926002055498,-0.02600339178108631,0.19897225077081193,0.17553956834532375,-0.20986639260020556,-0.24554190895262923,0.15169578622816035,0.29290853031860226,0.06228160328879754,0.048304213771839674,-0.2024665981500514,0.028982528263103807,0.016855087358684483,-0.17985611510791366,-0.12744090441932168,-0.1093525179856115,0.10873586844809867,0.2601366980155314,0.20854103527203208,-0.0869475847893114,0.13525179856115108,-0.03967519807164326,0.16258992805755396,-0.09023638232271326,-0.04295991778006167,0.1747173689619733,0.23782117163412128,0.0394655704008222,0.30051387461459406,0.2579650565262076
-0.03638232271325797,0.6976361767728675,0.30688591983556013,0.5457348406988695,0.2581706063720452,0.06844809866392601,0.46947584789311414,0.5693730729701952,0.09455292908530319,0.031243576567317573,-0.2117163412127441,-0.024049331963001026,0.023432682425488183,-0.23144912641315518,-0.08756423432682425,1.0,0.2811921891058582,0.541212744090442,0.4158273381294964,0.012332990750256938,0.3821171634121275,0.2143884892086331,0.359216815315797,0.1313463514902364,-0.01891058581706064,0.0367934224049332,-0.11654676258992805,0.05622077195357396,-0.041109969167523124,0.1064748201438849,-0.20616649537512846,-0.12970195272353546,0.3675231243576567,0.39527235354573487,0.1405960945529291,-0.299486125385406,-0.19527235354573483,-0.244398766700925,-0.09969167523124357,0.3521068859198356,-0.21849948612538542,-0.05745413440959386,-0.15827338129496404,-0.3012487798828616,-0.20801644398766703,-0.09681397738951696,-0.035149023638232274,-0.287153134635149,-0.202672147995889,-0.2881808838643371,-0.11325796505652622,0.5190133607399795,0.54655704008222,0.4754367934224049,0.21664953751284688,-0.0023639447073714828,0.6024665981500514,0.24234326824254881,-0.12353545734840699,-0.11336656574916285,0.018192096226293582,0.0020554984583761563,0.02158273381294964,-0.032065775950668035,0.4796752151870743,-0.12405570703466867,0.34676258992805753,0.37142857142857144,0.5116135662898252,0.43350462487153135,0.3944501541623844,0.40649570946322666,0.29784172661870506,0.033093525179856115,0.35847893114080165,0.1781180946902078,0.14080164439876672,0.21377183967112026,-0.15334018499486127,-0.21911613566289825,0.35354573484069884,-0.14552929085303187,-0.06392600205549846,0.4065775950668037,0.22219938335046252,0.28427543679342243,-0.3613566289825283,-0.05149288253883099,-0.3172824918111203,-0.13484069886947586,-0.11449126413155192,-0.1695960539331901,-0.2207605344295992,-0.08139773895169579,0.1496402877697842,-0.39732785200411097,-0.12620760534429598,-0.09188078108941418,-0.1958890030832477,-0.31531346351490236
0.01644398766700925,0.23042137718396713,0.14676258992805757,0.2589928057553957,0.09434737923946558,0.004933196300102775,0.16382322713257966,0.1745118191161357,-0.025693730729701953,-0.014182939362795478,-0.06515930113052415,0.03001027749229188,0.24686536485097635,0.017060637204522097,-0.03843782117163413,0.2811921891058582,1.0,0.26433710174717373,0.5590955806783146,-0.11736896197327853,0.1710174717368962,0.29105858170606375,0.38162289993349197,0.09414182939362795,-0.09023638232271326,0.1537512846865365,-0.08139773895169579,0.12035561966660896,0.04049331963001028,0.15066803699897224,-0.04316546762589928,-0.17142857142857143,0.20534429599177803,0.2647482014388489,0.10174717368961973,-0.2195272353545735,-0.09434737923946558,-0.2092497430626927,-0.27297019527235356,0.024254881808838648,-0.31860226104830425,-0.007502954940787749,-0.19177800616649537,-0.1781180946902078,-0.19013360739979446,-0.1710174717368962,-0.06207605344295992,-0.09249743062692703,-0.08201438848920864,-0.2563206577595067,0.07975334018499487,0.09948612538540597,0.1895169578622816,0.12374100719424462,0.06557040082219938,0.02291998564103655,0.16649537512846865,0.06002055498458376,-0.12332990750256938,-0.09137160195014121,0.09178272276881452,0.19095580678314492,0.1944501541623844,0.13381294964028778,0.2952875280120987,0.021275502366343346,0.1459403905447071,0.37286742034943476,0.3868448098663926,0.18705035971223025,0.19897225077081193,0.35325556344503417,0.4086330935251799,0.044809866392600206,0.3311408016443988,0.12446682785334198,0.19033915724563208,0.24398766700924973,-0.1103802672147996,-0.10010277492291882,0.27112024665981505,-0.10462487153134635,0.12332990750256938,0.30935251798561153,0.27995889003083246,0.22692702980472765,-0.15847893114080164,0.0042139883914013385,-0.22457474720029086,-0.16464542651593014,-0.15991778006166496,-0.28307123183757915,-0.21644398766700929,-0.007194244604316546,-0.011305241521068859,-0.12250770811921892,-0.1617677286742035,0.08304213771839672,-0.020966084275436794,-0.2809866392600206
0.00020554984583761563,0.5677286742034944,0.2694758478931141,0.4779033915724563,0.2499486125385406,0.1539568345323741,0.4226104830421377,0.5627954779033916,0.1656731757451182,-0.21911613566289825,-0.3593011305241521,-0.2353545734840699,0.051387461459403906,-0.12744090441932168,0.007810894141829393,0.541212744090442,0.26433710174717373,1.0,0.5144912641315519,0.2117163412127441,0.43638232271325794,0.28345323741007195,0.4484300329679034,-0.021993833504624874,-0.12620760534429598,-0.04295991778006167,-0.03761562178828366,0.1513952414764432,0.014388489208633093,0.1512846865364851,-0.1720452209660843,-0.13833504624871532,0.29393627954779034,0.6324768756423432,0.2988694758478931,-0.14861253854059608,-0.12168550873586846,-0.27029804727646456,-0.13833504624871532,0.20657759506680373,-0.0869475847893114,-0.09322164563417107,-0.18211716341212744,-0.21655789123616148,-0.08838643371017471,0.005960945529290853,0.20904419321685508,-0.1103802672147996,-0.11551901336073998,-0.12620760534429598,-0.03843782117163413,0.5103802672147997,0.5321685508735868,0.38088386433710175,0.26351490236382324,0.015725371314253778,0.5790339157245632,0.31387461459403904,-0.31387461459403904,-0.3090600754376543,-0.15817873498455268,-0.03247687564234327,0.10380267214799589,0.04604316546762591,0.423968344256842,-0.03669253306659215,0.3364850976361768,0.3578622816032888,0.5408016443987668,0.5810894141829394,0.46844809866392606,0.4235572234381687,0.3632065775950668,-0.03391572456320658,0.20472764645426517,0.02641451259975961,0.1712230215827338,0.23391572456320658,-0.14511819116135663,-0.13689619732785202,0.28448098663926,-0.12045220966084276,-0.022404933196300103,0.35806783144912646,0.21151079136690648,0.35745118191161357,-0.2840698869475848,0.04306490575602832,-0.18449046737964397,-0.13360739979445016,-0.010894141829393628,-0.16240106982693356,-0.18787255909558068,-0.22363823227132582,0.10359712230215828,-0.35662898252826314,-0.07029804727646455,-0.021993833504624874,-0.10996916752312436,-0.20020554984583763
-0.003494347379239466,0.4226104830421377,0.19547790339157248,0.4047276464542652,0.18992805755395686,0.03720452209660843,0.30421377183967113,0.38561151079136696,0.016032887975334018,-0.1800616649537513,-0.22692702980472765,-0.144912641315519,0.23514902363823229,-0.03535457348406989,-0.027543679342240494,0.4158273381294964,0.5590955806783146,0.5144912641315519,1.0,-0.013566289825282631,0.27070914696813975,0.40678314491264134,0.5100981557688986,-0.07255909558067831,-0.18293936279547793,0.06639260020554985,-0.09023638232271326,0.09712729341156745,-0.05714285714285714,0.22898252826310384,-0.15601233299075026,-0.27728674203494347,0.2581706063720452,0.46474820143884893,0.14881808838643373,-0.3023638232271326,-0.17142857142857143,-0.31551901336074,-0.2645426515930113,0.044604316546762585,-0.28427543679342243,-0.0689655173324463,-0.236382322713258,-0.18572382983566388,-0.1763617677286742,-0.06885919835560124,0.07050359712230216,-0.10380267214799589,-0.1512846865364851,-0.2380267214799589,-0.002261048304213772,0.3537512846865365,0.43391572456320654,0.2850976361767729,0.2195272353545735,-0.054987409497554054,0.42117163412127445,0.22261048304213774,-0.29290853031860226,-0.21779125369218139,-0.04594275148674142,0.14388489208633093,0.2263103802672148,0.07728674203494348,0.4085513135565932,-0.006680713303441147,0.20863309352517986,0.4503597122302158,0.5535457348406989,0.38170606372045224,0.33607399794450155,0.4819363796897775,0.49640287769784175,-0.026515930113052415,0.2458376156217883,0.0531373658135242,0.10996916752312436,0.2725590955806783,-0.22857142857142856,-0.2219938335046249,0.19938335046248715,-0.2104830421377184,0.02857142857142857,0.3223021582733813,0.22672147995889005,0.3319630010277492,-0.31613566289825284,-0.006680713303441147,-0.30782671298163433,-0.24419321685508735,-0.14080164439876672,-0.2869770803524041,-0.29804727646454265,-0.17923946557040082,-0.027543679342240494,-0.2616649537512847,-0.13730729701952724,0.005960945529290853,-0.12353545734840699,-0.29722507708119217
0.18787255909558068,0.1276464542651593,0.1775950668036999,0.18499486125385406,0.28879753340184994,0.38807810894141836,0.1773895169578623,0.08982528263103802,0.30729701952723537,-0.33442959917780063,-0.20493319630010276,-0.31243576567317577,-0.05159301130524152,0.25755395683453236,0.2620760534429599,0.012332990750256938,-0.11736896197327853,0.2117163412127441,-0.013566289825282631,1.0,0.2606372045220966,-0.20883864337101748,0.013875327630223921,-0.1956834532374101,-0.24275436793422406,-0.21500513874614596,0.15868448098663926,0.1590009766218993,0.210688591983556,-0.04049331963001028,0.24665981500513876,0.07276464542651594,0.0421377183967112,0.15621788283658788,0.044604316546762585,0.40575539568345326,0.3052415210688592,0.13196300102774922,0.1393627954779034,0.1459403905447071,0.39095580678314495,-0.10617195142238008,0.046659815005138744,0.11912225721058906,0.14285714285714285,0.25734840698869477,0.24665981500513876,0.3046248715313464,0.3882836587872559,0.4232271325796506,0.2725590955806783,0.12374100719424462,0.11634121274409044,0.24542651593011305,0.17944501541623845,0.2806927389491965,0.06248715313463515,0.19897225077081193,-0.27297019527235356,-0.26877023520767074,-0.32221594163519995,-0.10709146968139774,-0.0020554984583761563,0.05775950668036999,-0.006680713303441147,0.17133460118209834,0.2129496402877698,-0.009044193216855088,-0.0591983556012333,0.2552929085303186,0.29516957862281606,-0.13207256299879805,-0.06084275436793423,0.11798561151079136,-0.2896197327852004,-0.31132123994035743,0.13566289825282632,-0.08612538540596094,0.08571428571428572,0.16752312435765676,-0.1013360739979445,0.24234326824254881,0.18910585817060638,-0.1272353545734841,-0.044809866392600206,0.05467625899280575,0.23823227132579652,0.19661853153050637,0.4656971073521821,0.22219938335046252,0.32559095580678316,0.10237434528330748,0.16793422404933198,-0.0750256937307297,-0.016649537512846865,0.10400822199383351,0.2698869475847893,0.2520041109969168,0.3724563206577595,0.3804727646454265
0.045837615621788286,0.3741007194244605,0.3303186022610483,0.35991778006166497,0.20842754367934224,0.21151079136690648,0.44439876670092504,0.4086330935251799,0.27009249743062697,-0.12661870503597122,-0.2709146968139774,-0.0762589928057554,0.17677286742034942,0.1590955806783145,0.32147995889003084,0.3821171634121275,0.1710174717368962,0.43638232271325794,0.27070914696813975,0.2606372045220966,1.0,0.07831449126413156,0.4702194363575884,-0.010071942446043166,-0.15169578622816035,-0.13833504624871532,0.03227132579650565,0.12981139849609488,0.22569373072970195,0.2540596094552929,0.09229188078108942,-0.0030832476875642346,0.26762589928057556,0.3060637204522097,0.14429599177800617,-0.10092497430626927,-0.006988694758478932,-0.00020554984583761563,0.016649537512846865,0.30400822199383354,0.04542651593011306,-0.17667917182485127,0.025077081192189106,-0.11048872001844974,0.016032887975334018,0.07379239465570402,0.06515930113052415,-0.07338129496402879,-0.015210688591983558,-0.017677286742034944,0.05940390544707092,0.3558067831449127,0.3956834532374101,0.299486125385406,0.2984583761562179,0.1647566680833255,0.40184994861253853,0.3019527235354574,-0.27153134635149023,-0.1910684004784168,-0.04429826821204822,0.11469681397738953,0.22055498458376155,0.16813977389516957,0.47576956740967796,0.2338249656204401,0.31634121274409044,0.3607399794450154,0.3044193216855087,0.32990750256937307,0.5843782117163412,0.2654812686582843,0.38417266187050364,0.16505652620760536,0.11017471736896198,-0.07389896715652591,0.2131551901336074,0.3297019527235355,-0.0041109969167523125,-0.09331963001027749,0.14552929085303187,-0.021377183967112023,0.019527235354573486,0.22528263103802673,0.11079136690647481,0.14902363823227133,-0.1907502569373073,0.015519810904917124,-0.09486612890886427,-0.0394655704008222,0.05200411099691676,-0.0750334056795326,-0.023432682425488183,-0.0748201438848921,0.19773895169578623,-0.2193216855087359,0.08879753340184995,0.04912641315519013,-0.011716341212744091,-0.05220966084275437
-0.11531346351490238,0.16279547790339158,-0.04707091469681397,0.17780061664953753,0.04604316546762591,-0.09516957862281604,0.13525179856115108,0.1738951695786228,-0.12949640287769784,-0.11675231243576568,-0.19609455292908531,-0.03473792394655704,0.25282631038026726,-0.11675231243576568,0.0012332990750256938,0.2143884892086331,0.29105858170606375,0.28345323741007195,0.40678314491264134,-0.20883864337101748,0.07831449126413156,1.0,0.3398941368381519,0.09640287769784174,-0.11593011305241523,0.10051387461459405,0.006372045220966085,0.22457474720029086,0.04604316546762591,0.33874614594039054,-0.19054470709146967,-0.07461459403905447,0.2622816032887975,0.3878725590955807,0.38561151079136696,-0.28838643371017475,-0.07646454265159301,-0.06639260020554985,-0.03597122302158273,0.029393627954779036,-0.13627954779033916,0.08191582312065529,0.03494347379239466,-0.0868492729447349,0.02219938335046249,0.07584789311408018,0.27153134635149023,-0.00472764645426516,-0.1771839671120247,-0.1578622816032888,-0.08406988694758478,0.17944501541623845,0.19794450154162385,0.1091469681397739,0.046454265159301136,-0.18140706123959421,0.2131551901336074,0.024049331963001026,-0.15683453237410072,-0.19435736702780318,0.015519810904917124,0.24254881808838644,0.21603288797533401,0.19116135662898256,0.23752505298849985,0.0035973071633913865,0.044604316546762585,0.2776978417266187,0.3270298047276464,0.1301130524152107,0.06680369989722508,0.3863507893482349,0.26865364850976364,0.05405960945529291,0.1800616649537513,-0.000925021842014928,0.08735868448098665,0.22446043165467625,-0.1405960945529291,-0.12620760534429598,0.23227132579650567,-0.18992805755395686,-0.04131551901336074,0.24501541623843784,0.15683453237410072,0.18067831449126415,-0.15662898252826313,0.15283416434179978,-0.3374274119261121,-0.2170606372045221,-0.03227132579650565,-0.11738102641921401,-0.01891058581706064,-0.1895169578622816,0.10976361767728675,-0.16916752312435768,0.027132579650565262,-0.05899280575539568,-0.1934224049331963,-0.21788283658787258
-0.0007194614326782774,0.30679891093495115,0.2584922147408382,0.30988231707500086,0.09753841423024073,0.0560152115442373,0.3141990856710705,0.338044093154122,0.09239940399682448,-0.04450382862138487,-0.21717457246417143,0.054370728269544095,0.29837093415214844,0.07431008797519921,0.17503468855015802,0.359216815315797,0.38162289993349197,0.4484300329679034,0.5100981557688986,0.013875327630223921,0.4702194363575884,0.3398941368381519,1.0,0.06814327569509969,-0.04327046616536496,0.12631687153737184,-0.0381314559319487,0.25408572309589883,0.20627987076932894,0.48090857764309425,-0.05169844294816764,-0.16557890972067213,0.21923017655753793,0.30330438397622805,0.14317282510297719,-0.2843928263172562,-0.2110077601840719,-0.14851739574573009,-0.13988385855359078,0.18531270901699057,-0.22683591170299403,-0.07030527289546716,-0.09281052481549777,-0.18151916949326755,-0.16043989948725584,-0.06875995692310964,0.05786525522826716,-0.054987409497554054,-0.13988385855359078,-0.25664217105680837,0.00791407575946105,0.3074155921629611,0.36332802350253,0.18325710492362407,0.1984685752145362,0.04851474971733991,0.3579834528597771,0.21840793492019134,-0.23505832807646002,-0.17062390790420393,0.06989413094871004,0.19394624620912992,0.393956524493691,0.22889151579636052,0.4763079453181211,0.16630691746325418,0.2564366106474717,0.39210648080966115,0.45953029507208254,0.3119379211683674,0.4784418527310544,0.5036488847774694,0.6891412723011213,0.14831183533639347,0.25746441269415493,0.08469524103196628,0.28130942017720645,0.5586104123723482,-0.07862685657126889,-0.10904979715309318,0.28953183655067244,-0.20895215609070542,-0.03751477470393875,0.3503777177143211,0.3382496535634587,0.24492522772461928,-0.32324374368188313,0.11655874190564292,-0.25819714256347004,-0.20381314585728913,-0.05128732212949434,-0.16086755430610708,-0.08356030639534849,-0.10226630364498371,0.13001695890543155,-0.26095893965287803,-0.08417698762335846,0.07533789002188247,-0.11418880738650944,-0.3026877027482181
-0.20739979445015416,-0.013977389516957863,-0.1260020554984584,-0.04953751284686536,-0.13319630010277492,-0.25056526207605345,0.007810894141829393,-0.021377183967112023,-0.25488180883864336,0.3157245632065776,0.026721479958890033,0.27482014388489207,-0.2170606372045221,-0.2943473792394656,-0.263103802672148,0.1313463514902364,0.09414182939362795,-0.021993833504624874,-0.07255909558067831,-0.1956834532374101,-0.010071942446043166,0.09640287769784174,0.06814327569509969,1.0,0.21212744090441932,0.1736896197327852,0.008016443987667009,0.02990903955848267,0.07975334018499487,0.06125385405960946,0.007605344295991779,0.10215827338129498,0.11757451181911614,0.04254881808838644,0.19403905447070918,-0.17944501541623845,-0.08345323741007195,0.08119218910585818,0.18314491264131552,0.2970195272353546,-0.14121274409044193,0.15098412065776992,0.19732785200411102,-0.2401973383098763,-0.10770811921891059,-0.12435765673175746,-0.05899280575539568,-0.15354573484069886,-0.3169578622816033,-0.32394655704008224,-0.09928057553956836,-0.14244604316546763,-0.0014388489208633096,-0.03638232271325797,-0.2779033915724563,-0.24821419427400568,-0.054881808838643374,-0.2896197327852004,0.17697841726618704,-0.046559432714751374,0.1002106995516172,-0.11346351490236382,-0.20164439876670093,-0.06495375128468654,0.09404388727151768,-0.24800863386466904,0.08119218910585818,0.00472764645426516,0.12559095580678314,0.018705035971223024,0.0006166495375128469,0.13680045241354102,0.009660842754367936,0.15724563206577596,0.3243576567317575,0.28274834304256297,0.12846865364850976,0.06700924974306269,0.06618705035971223,0.14470709146968141,0.4937307297019527,0.12456320657759508,0.07872559095580679,0.3827338129496403,0.30154162384378214,0.07749229188078109,-0.04193216855087359,0.039364818387968604,-0.1910684004784168,0.19650565262076053,0.06885919835560124,0.1105971842618864,0.18293936279547793,0.12990750256937308,0.44275436793422407,-0.15477903391572456,-0.018499486125385406,0.08571428571428572,-0.28221993833504627,-0.24008221993833503
0.014799588900308325,-0.1272353545734841,-0.0801644398766701,-0.23186022610483045,-0.21767728674203493,-0.09044193216855087,-0.10832476875642344,-0.07749229188078109,-0.04953751284686536,0.46598150051387466,0.14409044193216855,0.29270298047276466,-0.11243576567317576,-0.19177800616649537,-0.1445015416238438,-0.01891058581706064,-0.09023638232271326,-0.12620760534429598,-0.18293936279547793,-0.24275436793422406,-0.15169578622816035,-0.11593011305241523,-0.04327046616536496,0.21212744090441932,1.0,0.2581706063720452,-0.007810894141829393,-0.044092707802711566,0.02076053442959918,0.02857142857142857,-0.12661870503597122,0.09085303186022611,-0.0030832476875642346,-0.23103802672147997,-0.14696813977389517,-0.040287769784172665,-0.2682425488180884,-0.02548818088386434,0.045632065775950664,-0.04357656731757451,-0.1738951695786228,0.14420062714966045,-0.03843782117163413,-0.02600339178108631,-0.25837615621788285,-0.14881808838643373,-0.26104830421377184,-0.17553956834532375,-0.13381294964028778,-0.20698869475847895,-0.06783144912641316,-0.0974306269270298,-0.09948612538540597,-0.19773895169578623,-0.09188078108941418,-0.05231512417617759,-0.08221993833504625,-0.10359712230215828,0.39958890030832483,0.2552032481914518,0.213885605914785,-0.17574511819116134,-0.046865364850976365,-0.026104830421377186,-0.08582147089805166,-0.0527262449948509,-0.045220966084275435,-0.1171634121274409,-0.10729701952723536,-0.18910585817060638,-0.09784172661870505,-0.07513232961254582,0.0020554984583761563,-0.09373072970195273,0.1761562178828366,0.45788581179738935,0.01932168550873587,0.09763617677286741,0.0433710174717369,0.0696813977389517,0.11161356628982529,-0.1699897225077081,-0.2569373072970195,0.044193216855087356,0.0012332990750256938,-0.14470709146968141,-0.1379239465570401,-0.07081556101647615,-0.1281669152214017,-0.08489208633093526,-0.14388489208633093,0.10730804867045483,0.016238437821171636,0.02076053442959918,0.016649537512846865,-0.06824254881808839,-0.20781089414182938,-0.1578622816032888,-0.12744090441932168,-0.178622816032888
0.05899280575539568,0.001644398766700925,0.18314491264131552,-0.008016443987667009,-0.020554984583761562,0.024049331963001026,-0.09373072970195273,-0.0012332990750256938,0.026721479958890033,0.2565262076053443,0.27667009249743063,0.43350462487153135,0.16485097636176774,-0.04357656731757451,-0.06659815005138746,0.0367934224049332,0.1537512846865365,-0.04295991778006167,0.06639260020554985,-0.21500513874614596,-0.13833504624871532,0.10051387461459405,0.12631687153737184,0.1736896197327852,0.2581706063720452,1.0,0.07831449126413156,0.1818181820582675,0.060431654676259,0.18869475847893116,-0.18478931140801647,-0.23371017471736896,-0.10811921891058582,-0.1379239465570401,-0.05960945529290853,-0.021993833504624874,-0.11428571428571428,-0.15436793422404932,-0.12230215827338131,-0.05035971223021583,-0.29907502569373073,0.24698083181798577,-0.13360739979445016,0.11788889475456915,-0.08180883864337102,-0.15436793422404932,-0.23617677286742036,-0.08448098663926003,-0.013566289825282631,-0.2104830421377184,0.1091469681397739,0.05570400822199383,0.05775950668036999,-0.014182939362795478,0.08221993833504625,0.08171026271131865,0.019116135662898253,0.05940390544707092,0.21233299075025697,0.27596484953445355,0.36394470473054,0.16526207605344295,0.09558067831449128,-0.026721479958890033,0.025386710553076355,0.027236754237106215,0.026927029804727647,0.08735868448098665,0.07831449126413156,-0.005960945529290853,-0.04501541623843783,0.24081401953788623,0.19177800616649537,-0.022404933196300103,0.3716341212744091,0.4841975441924806,0.16464542651593014,0.3038026721479959,-0.07235354573484071,-0.012332990750256938,0.1800616649537513,-0.16320657759506682,-0.03638232271325797,0.15950668036998975,0.2234326824254882,0.03103802672147996,-0.07276464542651594,0.1744180073221481,-0.0656765507830599,-0.13072970195272354,-0.10503597122302159,-0.11100832621081536,-0.05056526207605344,0.07029804727646455,0.016032887975334018,0.1194244604316547,-0.1496402877697842,0.0067831449126413155,-0.01747173689619733,-0.20020554984583763
0.0947584789311408,0.0065775950668037,0.07420349434737925,0.07790339157245633,0.2211716341212744,0.18396711202466598,0.02219938335046249,-0.038232271325796506,0.21130524152106886,-0.031243576567317573,-0.11921891058581706,-0.010894141829393628,0.13442959917780062,0.1064748201438849,0.23473792394655707,-0.11654676258992805,-0.08139773895169579,-0.03761562178828366,-0.09023638232271326,0.15868448098663926,0.03227132579650565,0.006372045220966085,-0.0381314559319487,0.008016443987667009,-0.007810894141829393,0.07831449126413156,1.0,0.1002106995516172,0.3038026721479959,0.15539568345323743,-0.10873586844809867,-0.08160328879753341,0.15416238437821173,0.08448098663926003,0.2404933196300103,0.25220966084275437,0.28612538540596094,0.2485097636176773,0.1720452209660843,-0.0894141829393628,0.29290853031860226,-0.013258646402213966,0.14676258992805757,0.41040135724062304,0.4563206577595067,0.48324768756423436,0.27482014388489207,0.2698869475847893,0.1800616649537513,0.2626927029804728,0.1724563206577595,0.039671120246659815,0.09105858170606372,0.15971223021582734,0.16649537512846865,0.17955701755556436,-0.0067831449126413155,0.052826310380267215,-0.05734840698869476,-0.098566216276924,-0.010997481899510811,0.20966084275436794,0.20369989722507706,0.13607399794450153,0.02641451259975961,0.23156380111773697,0.14039054470709147,0.15066803699897224,-0.08119218910585818,0.06269270298047276,0.04501541623843783,-0.007297394531451099,0.010894141829393628,0.24727646454265162,-0.048509763617677296,-0.0077085153501244,0.22055498458376155,0.1064748201438849,-0.017266187050359712,-0.015210688591983558,0.09948612538540597,0.17183967112024667,0.1934224049331963,0.08263103802672148,0.10626927029804728,0.04912641315519013,0.2561151079136691,0.23875841544451976,0.18161262164893086,0.16320657759506682,0.3245632065775951,0.054476308233085316,0.2750256937307297,-0.1771839671120247,0.14265159301130526,0.3146968139773895,0.49414182939362794,0.19054470709146967,0.11860226104830421,0.24871531346351491
0.05930417809362371,0.06053754054964362,0.08890487703810142,0.17462356773148474,0.16249550358062237,0.18798499433836705,0.12015005925727232,0.03360912692654238,0.0697877589697929,-0.07677681288723902,-0.10103294118896379,0.0231255460503732,0.2938486051467421,0.24574746936196587,0.29179300105337563,0.05622077195357396,0.12035561966660896,0.1513952414764432,0.09712729341156745,0.1590009766218993,0.12981139849609488,0.22457474720029086,0.25408572309589883,0.02990903955848267,-0.044092707802711566,0.1818181820582675,0.1002106995516172,1.0,0.21039107895606193,0.3361940494700922,0.12857803604007498,0.04697055353342467,0.09507168931820094,0.16763451381403863,0.2406084591285496,0.08602703130738831,0.14193946264695728,0.08088802107397204,0.06362094668969338,0.029497918739809368,0.1018551828263104,0.003289135574056943,0.03957037879730525,0.1492445266728338,0.03792589552261205,0.1306336401334415,0.23588056971380664,0.21470784755213163,0.18531270901699057,0.1185055759825791,0.26075337924354136,0.09383832686218102,0.07472120879387252,0.10637751183171673,0.132689244226808,0.12169801624010688,0.022097744003689943,0.04697055353342467,-0.16660671176735536,-0.1642512077294686,-0.025285229725562748,0.2311526802990637,0.2985764945614851,0.2819261014052164,0.06475485661424607,0.2769041011409189,0.04594275148674143,0.08767151458208151,0.0831491855766752,0.12385014662533203,0.12056118007594561,0.23558433549182853,0.1805848196022476,0.08047690025529874,-0.009147438215480955,-0.0425531914893617,0.22087465983223112,0.33290508292070575,0.08294362516733854,0.2157356495988149,0.1513952414764432,0.07122668183514946,0.10904979715309318,0.08150470230198198,0.213885605914785,0.1281669152214017,0.10247186405432036,0.5893719806763285,0.10196320279576523,-0.0706100006071395,0.23300272398309352,-0.058282366320487354,0.21799681410151803,-0.03360912692654238,0.11233876370247958,0.14173390223762064,0.09959401832360724,0.17935145714622772,0.1435839459216505,0.0839714272140218
0.09455292908530319,-0.02117163412127441,0.1734840698869476,0.04809866392600205,0.03638232271325797,0.2182939362795478,0.13299075025693732,0.02076053442959918,0.1987667009249743,0.024049331963001026,-0.14902363823227133,0.10811921891058582,0.22014388489208633,0.24809866392600205,0.3512846865364851,-0.041109969167523124,0.04049331963001028,0.014388489208633093,-0.05714285714285714,0.210688591983556,0.22569373072970195,0.04604316546762591,0.20627987076932894,0.07975334018499487,0.02076053442959918,0.060431654676259,0.3038026721479959,0.21039107895606193,1.0,0.2986639260020555,0.15087358684480986,0.10277492291880781,0.049948612538540604,0.008633093525179856,0.1605344295991778,0.18335046248715314,0.244398766700925,0.20883864337101748,0.17841726618705034,0.24378211716341214,0.17266187050359713,0.0539596074508708,0.1461459403905447,0.1139832469771728,0.18108941418293936,0.25570400822199385,0.1290853031860226,0.17553956834532375,0.17821171634121274,0.17327852004111,0.2170606372045221,0.040287769784172665,0.06289825282631038,0.032065775950668035,0.09928057553956836,0.24800863386466904,-0.00041109969167523125,0.11510791366906474,0.0008221993833504625,-0.13289480463614467,0.02888123751179942,0.2143884892086331,0.26803699897225075,0.21027749229188078,0.11459992820518275,0.25993113760619474,0.20966084275436794,0.1710174717368962,0.03741007194244605,0.08180883864337102,0.24295991778006165,0.07924353779927883,0.15621788283658788,0.3967112024665982,-0.005549845837615622,-0.07801017534325892,0.49660842754367934,0.23576567317574512,0.008427543679342241,0.16505652620760536,0.19383350462487153,0.18848920863309354,0.10400822199383351,0.12065775950668037,0.15704008221993834,0.06248715313463515,0.19547790339157248,0.25684773146614504,0.19497404825581316,0.15683453237410072,0.27132579650565264,0.1932367159966045,0.31181911613566293,-0.05734840698869476,0.22836587872559097,0.09290853031860227,0.3044193216855087,0.27297019527235356,0.14224049331963,0.13463514902363824
-0.05467625899280575,0.10996916752312436,0.09578622816032889,0.12579650565262077,0.04501541623843783,-0.023843782117163412,0.22302158273381295,0.17040082219938338,0.05734840698869476,-0.013771839671120247,-0.14779033915724563,0.20883864337101748,0.4055498458376156,0.1934224049331963,0.35662898252826314,0.1064748201438849,0.15066803699897224,0.1512846865364851,0.22898252826310384,-0.04049331963001028,0.2540596094552929,0.33874614594039054,0.48090857764309425,0.06125385405960946,0.02857142857142857,0.18869475847893116,0.15539568345323743,0.3361940494700922,0.2986639260020555,1.0,-0.07852004110996917,-0.03864337101747174,0.17533401849948613,0.11017471736896198,0.16094552929085304,-0.17965056526207604,-0.046659815005138744,0.05714285714285714,0.028365878725590956,0.12744090441932168,-0.0394655704008222,0.05971529891229702,0.144912641315519,0.12179454253196552,0.005549845837615622,0.17307297019527237,0.1771839671120247,0.05960945529290853,-0.08448098663926003,-0.07132579650565263,0.01932168550873587,0.18129496402877696,0.21788283658787258,0.06289825282631038,0.1276464542651593,0.011819723536857413,0.18499486125385406,0.15046248715313465,-0.14429599177800617,-0.09589393095554753,0.2003186188985661,0.31798561151079136,0.5068859198355602,0.3052415210688592,0.3195436563138235,0.3376329723354487,0.2104830421377184,0.3190133607399795,0.22158273381294963,0.12826310380267214,0.2355601233299075,0.38182846034282864,0.4587872559095581,0.2211716341212744,0.13381294964028778,0.043476026574701614,0.26433710174717373,0.5646454265159301,-0.0696813977389517,-0.05159301130524152,0.1461459403905447,-0.1272353545734841,-0.06330935251798561,0.20369989722507706,0.1771839671120247,0.13854059609455294,-0.1103802672147996,0.22210802228825105,-0.12796135481206505,-0.1523124357656732,0.06125385405960946,-0.05468187920754978,0.08489208633093526,-0.14121274409044193,0.16505652620760536,0.0,0.07584789311408018,0.033710174717368965,-0.07440904419321687,-0.09928057553956836
0.06228160328879754,-0.20143884892086333,-0.027749229188078112,-0.12805755395683455,-0.06783144912641316,0.178622816032888,-0.08838643371017471,-0.22322713257965057,0.03782117163412128,-0.08838643371017471,0.018499486125385406,-0.08242548818088387,-0.039876670092497436,0.3079136690647482,0.1418293936279548,-0.20616649537512846,-0.04316546762589928,-0.1720452209660843,-0.15601233299075026,0.24665981500513876,0.09229188078108942,-0.19054470709146967,-0.05169844294816764,0.007605344295991779,-0.12661870503597122,-0.18478931140801647,-0.10873586844809867,0.12857803604007498,0.15087358684480986,-0.07852004110996917,1.0,0.20739979445015416,-0.1512846865364851,-0.13874614594039056,-0.0842754367934224,0.18355601233299076,0.16238437821171636,0.2341212744090442,0.18972250770811921,0.06187050359712231,0.18890030832476876,-0.0007194614326782774,0.13319630010277492,0.04162598289067176,0.005755395683453238,-0.00020554984583761563,0.015416238437821172,0.14244604316546763,0.2219938335046249,0.20801644398766703,0.3212744090441932,-0.2156217882836588,-0.21973278520041112,-0.15313463514902365,-0.044809866392600206,0.13556708995752112,-0.2587872559095581,-0.11120246659815006,-0.05981500513874615,-0.1180944551639058,-0.1875738735196937,-0.08386433710174718,-0.05734840698869476,0.10359712230215828,-0.1647566680833255,0.09733285382090409,-0.11408016443987667,-0.24275436793422406,-0.17286742034943473,-0.10955806783144913,0.013771839671120247,-0.19826301480519956,-0.1276464542651593,0.1079136690647482,-0.29105858170606375,-0.27637597035312683,0.045837615621788286,-0.10729701952723536,0.36628982528263104,0.3329907502569373,-0.1130524152106886,0.24337101747173692,0.17410071942446043,-0.17307297019527237,-0.10626927029804728,-0.08982528263103802,0.2211716341212744,0.09239940399682448,0.27514260789710693,0.2207605344295992,0.189311408016444,0.1441052530995955,0.2355601233299075,0.2520041109969168,0.0789311408016444,0.13052415210688592,0.05508735868448099,0.20287769784172663,0.22507708119218914,0.2367934224049332
0.12271325796505653,-0.17800616649537512,-0.18766700924974308,-0.1736896197327852,-0.10565262076053443,-0.0487153134635149,0.013977389516957863,-0.1393627954779034,-0.08221993833504625,-0.03535457348406989,-0.11798561151079136,-0.09804727646454266,-0.14429599177800617,0.04974306269270298,0.07810894141829394,-0.12970195272353546,-0.17142857142857143,-0.13833504624871532,-0.27728674203494347,0.07276464542651594,-0.0030832476875642346,-0.07461459403905447,-0.16557890972067213,0.10215827338129498,0.09085303186022611,-0.23371017471736896,-0.08160328879753341,0.04697055353342467,0.10277492291880781,-0.03864337101747174,0.20739979445015416,1.0,0.08386433710174718,-0.05364850976361768,0.09496402877697843,0.09763617677286741,0.11510791366906474,0.32291880781089416,0.30400822199383354,0.12641315519013363,0.2665981500513875,-0.08171026271131865,0.2602261048304214,-0.04039262043465185,-0.06330935251798561,0.12846865364850976,0.178622816032888,0.11613566289825283,0.047276464542651594,0.18787255909558068,0.1712230215827338,-0.17040082219938338,-0.2193216855087359,-0.16258992805755396,-0.20637204522096608,-0.05786525522826716,-0.19547790339157248,-0.19013360739979446,0.026104830421377186,-0.11213320329314294,-0.17030679913541508,-0.1685508735868448,-0.0972250770811922,0.08304213771839672,-0.17380132609413815,0.007297394531451099,-0.1683453237410072,-0.21726618705035972,-0.18273381294964028,-0.1671120246659815,-0.12271325796505653,-0.20915771650004206,-0.24563206577595068,-0.024049331963001026,-0.26598150051387465,-0.23608613012314328,-0.02487153134635149,-0.16813977389516957,0.2010277492291881,0.5414182939362795,-0.024665981500513877,0.2520041109969168,0.1103802672147996,-0.12661870503597122,-0.16341212744090444,-0.11778006166495375,0.1710174717368962,0.020864381547670043,0.11501104902385605,0.13360739979445016,0.23371017471736896,0.32027957821564873,0.3038026721479959,-0.05632065775950668,0.16402877697841728,-0.02487153134635149,0.09373072970195273,-0.012949640287769786,0.02816032887975334,0.19527235354573483
0.048509763617677296,0.3044193216855087,-0.005344295991778006,0.2943473792394656,0.24974306269270297,0.045220966084275435,0.2970195272353546,0.22137718396711203,0.012949640287769786,0.012949640287769786,-0.29290853031860226,-0.1496402877697842,0.06680369989722508,-0.14409044193216855,0.0709146968139774,0.3675231243576567,0.20534429599177803,0.29393627954779034,0.2581706063720452,0.0421377183967112,0.26762589928057556,0.2622816032887975,0.21923017655753793,0.11757451181911614,-0.0030832476875642346,-0.10811921891058582,0.15416238437821173,0.09507168931820094,0.049948612538540604,0.17533401849948613,-0.1512846865364851,0.08386433710174718,1.0,0.4147995889003083,0.31387461459403904,-0.17553956834532375,-0.023227132579650568,0.07687564234326826,0.07399794450154162,0.1932168550873587,0.045220966084275435,-0.044092707802711566,0.046659815005138744,-0.07492676920320916,-0.06680369989722508,0.20842754367934224,0.24008221993833503,0.05755395683453237,-0.08982528263103802,-0.05817060637204522,-0.028776978417266185,0.20760534429599178,0.2343268242548818,0.26885919835560124,0.11613566289825283,-0.08808263540075481,0.2219938335046249,0.023843782117163412,-0.1788283658787256,-0.1744180073221481,-0.07677681288723902,0.04090441932168551,0.09496402877697843,0.15601233299075026,0.30556554847893125,0.04820391598944458,0.20061664953751285,0.241726618705036,0.2388489208633094,0.21007194244604319,0.20020554984583763,0.18387378615163402,0.1381294964028777,0.07769784172661871,0.09558067831449128,0.01963101909165014,0.09167523124357657,0.09146968139773896,-0.0565262076053443,-0.1013360739979445,0.244398766700925,0.010071942446043166,0.07728674203494348,0.29907502569373073,0.14758478931140803,0.22322713257965057,-0.11284686536485097,0.0547818490882174,-0.18510714860765393,-0.03186022610483042,0.06742034943473793,-0.052420598488440585,0.028982528263103807,-0.1708119218910586,0.15889003083247688,-0.15950668036998975,0.16135662898252826,0.03782117163412128,-0.06865364850976362,-0.10256937307297019
-0.0869475847893114,0.40287769784172667,0.07913669064748202,0.3854059609455293,0.24460431654676262,0.06187050359712231,0.33093525179856115,0.3568345323741007,0.033710174717368965,-0.27995889003083246,-0.3963001027749229,-0.34224049331963,0.0789311408016444,-0.13977389516957864,0.009044193216855088,0.39527235354573487,0.2647482014388489,0.6324768756423432,0.46474820143884893,0.15621788283658788,0.3060637204522097,0.3878725590955807,0.30330438397622805,0.04254881808838644,-0.23103802672147997,-0.1379239465570401,0.08448098663926003,0.16763451381403863,0.008633093525179856,0.11017471736896198,-0.13874614594039056,-0.05364850976361768,0.4147995889003083,1.0,0.5278520041109969,-0.1366906474820144,0.014388489208633093,-0.09640287769784174,0.0018499486125385406,0.1272353545734841,0.06392600205549846,-0.10576083060370677,-0.02219938335046249,-0.14378950633098714,0.03247687564234327,0.1617677286742035,0.4055498458376156,0.039671120246659815,-0.10770811921891059,-0.030421377183967115,-0.03473792394655704,0.3122302158273381,0.40637204522096615,0.33689619732785203,0.13401849948612538,-0.10678863265039001,0.3656731757451182,0.12517985611510793,-0.37636176772867425,-0.4447299455998437,-0.26753687275165083,0.05632065775950668,0.07297019527235354,0.12415210688591984,0.3349606870140723,-0.04244822452801836,0.2328879753340185,0.32908530318602264,0.43144912641315525,0.44624871531346355,0.29619732785200414,0.31995477713249676,0.23987667009249744,-0.010071942446043166,0.08057553956834533,-0.098566216276924,0.09023638232271326,0.08756423432682425,-0.1603288797533402,-0.0748201438848921,0.2865364850976362,0.04234326824254882,0.13915724563206577,0.35313463514902366,0.18067831449126415,0.3669064748201439,-0.14018499486125385,0.08828819581009145,-0.17955701755556436,-0.034532374100719423,0.12271325796505653,-0.1327988495040495,-0.06659815005138746,-0.26515930113052416,0.1788283658787256,-0.23782117163412128,0.09784172661870505,0.061459403905447074,-0.12353545734840699,-0.09331963001027749
-0.1800616649537513,0.15642343268242548,-0.011099691675231244,0.17923946557040082,0.17533401849948613,0.013566289825282631,0.12435765673175746,0.14655704008221992,-0.0302158273381295,-0.17903391572456323,-0.3245632065775951,-0.1578622816032888,0.09681397738951696,-0.08201438848920864,0.0696813977389517,0.1405960945529291,0.10174717368961973,0.2988694758478931,0.14881808838643373,0.044604316546762585,0.14429599177800617,0.38561151079136696,0.14317282510297719,0.19403905447070918,-0.14696813977389517,-0.05960945529290853,0.2404933196300103,0.2406084591285496,0.1605344295991778,0.16094552929085304,-0.0842754367934224,0.09496402877697843,0.31387461459403904,0.5278520041109969,1.0,-0.06166495375128469,0.1091469681397739,0.10606372045220966,0.1410071942446043,0.08221993833504625,0.1771839671120247,-0.02497558973440306,0.21726618705035972,-0.0539596074508708,0.24686536485097635,0.26803699897225075,0.4863309352517986,0.0879753340184995,-0.1079136690647482,0.012949640287769786,0.0073997944501541625,0.13895169578622815,0.17800616649537512,0.1656731757451182,0.04090441932168551,-0.128578036040075,0.10853031860226105,-0.046865364850976365,-0.21911613566289825,-0.3902564371256313,-0.1935351253904566,0.10298047276464543,0.053442959917780065,0.14573484069886947,0.14152834182828397,0.012436404764867365,0.07934224049331963,0.1644398766700925,0.22034943473792395,0.191983556012333,0.06002055498458376,0.24944755673002558,0.09496402877697843,0.026721479958890033,0.032682425488180886,-0.115627730251866,0.13854059609455294,0.0947584789311408,-0.033504624871531344,0.12641315519013363,0.3237410071942446,0.13299075025693732,0.13895169578622815,0.2846865364850976,0.19403905447070918,0.2392600205549846,0.002261048304213772,0.20854103527203208,-0.15098412065776992,0.044604316546762585,0.24624871531346354,0.030218933246277512,0.15560123329907502,-0.22384378211716344,0.34881808838643374,-0.13484069886947586,0.2300102774922919,0.05796505652620761,-0.16402877697841728,-0.03638232271325797
0.18232271325796506,-0.24542651593011305,0.008427543679342241,-0.16382322713257966,0.07852004110996917,0.27810894141829395,-0.1923946557040082,-0.31284686536485096,0.21377183967112026,-0.09578622816032889,0.11757451181911614,-0.08406988694758478,-0.054265159301130524,0.24131551901336074,0.18622816032887976,-0.299486125385406,-0.2195272353545735,-0.14861253854059608,-0.3023638232271326,0.40575539568345326,-0.10092497430626927,-0.28838643371017475,-0.2843928263172562,-0.17944501541623845,-0.040287769784172665,-0.021993833504624874,0.25220966084275437,0.08602703130738831,0.18335046248715314,-0.17965056526207604,0.18355601233299076,0.09763617677286741,-0.17553956834532375,-0.1366906474820144,-0.06166495375128469,1.0,0.5142857142857143,0.25673175745118193,0.15560123329907502,-0.12065775950668037,0.46639260020554985,0.05950973850296037,0.07769784172661871,0.39210648080966115,0.23720452209660842,0.23576567317574512,0.12517985611510793,0.39157245632065774,0.591983556012333,0.602672147995889,0.29249743062692707,-0.1934224049331963,-0.24768756423432683,-0.044193216855087356,0.03535457348406989,0.30823783380030767,-0.299486125385406,-0.023227132579650568,0.10051387461459405,0.07431008797519921,-0.10863867633441987,-0.00945529290853032,-0.0750256937307297,0.12168550873586846,-0.2922041218720489,0.19867413562387284,-0.049948612538540604,-0.17944501541623845,-0.42569373072970196,-0.11901336073997945,-0.11695786228160329,-0.4138958841993461,-0.2534429599177801,0.1272353545734841,-0.3243576567317575,-0.16331774521796893,0.054470709146968145,-0.22774922918807813,0.19157245632065778,0.20143884892086333,-0.2219938335046249,0.2795477903391573,0.11695786228160329,-0.3420349434737924,-0.17163412127440908,-0.18766700924974308,0.5640287769784172,0.19867413562387284,0.6529626402578709,0.29352517985611515,0.25220966084275437,0.19960941620500317,0.31120246659815004,0.11469681397738953,-0.14635149023638233,0.4195272353545735,0.28160328879753344,0.2328879753340185,0.5436793422404934,0.6100719424460432
0.11017471736896198,-0.15683453237410072,-0.04357656731757451,-0.0036998972250770813,0.1736896197327852,0.17142857142857143,-0.06515930113052415,-0.21603288797533401,0.12846865364850976,-0.17944501541623845,0.06680369989722508,-0.13114080164439876,0.03432682425488181,0.20657759506680373,0.18314491264131552,-0.19527235354573483,-0.09434737923946558,-0.12168550873586846,-0.17142857142857143,0.3052415210688592,-0.006988694758478932,-0.07646454265159301,-0.2110077601840719,-0.08345323741007195,-0.2682425488180884,-0.11428571428571428,0.28612538540596094,0.14193946264695728,0.244398766700925,-0.046659815005138744,0.16238437821171636,0.11510791366906474,-0.023227132579650568,0.014388489208633093,0.1091469681397739,0.5142857142857143,1.0,0.3498458376156218,0.23062692702980475,0.008221993833504625,0.522507708119219,0.03504804979189894,0.2723535457348407,0.3966288098150675,0.2949640287769784,0.37533401849948617,0.2602261048304214,0.4123329907502569,0.4392600205549846,0.5638232271325797,0.2170606372045221,-0.1434737923946557,-0.1405960945529291,0.07605344295991778,0.026927029804727647,0.12960583808675824,-0.21911613566289825,-0.027132579650565262,0.0197327852004111,0.002569505116708133,-0.08541035007937835,0.20822199383350465,-0.002877697841726619,0.18561151079136692,-0.10863867633441987,0.1698956783167418,0.03864337101747174,-0.01274409044193217,-0.25241521068859196,-0.05960945529290853,-0.07523124357656732,-0.2081299144533588,-0.18088386433710174,0.3001027749229188,-0.21849948612538542,-0.2280692741590139,0.09126413155190133,-0.22178828365878725,0.0302158273381295,0.1194244604316547,-0.12394655704008223,0.38170606372045224,0.23473792394655707,-0.14820143884892087,-0.1512846865364851,-0.09085303186022611,0.6324768756423432,0.17996813837423767,0.4356852875890311,0.3257965056526208,0.296813977389517,0.14081611750816392,0.29619732785200414,0.03720452209660843,0.06187050359712231,0.4538540596094553,0.43597122302158275,0.22487153134635152,0.3958890030832477,0.5938335046248716
0.011305241521068859,-0.21911613566289825,-0.22754367934224048,-0.14820143884892087,0.014799588900308325,0.0014388489208633096,-0.16156217882836588,-0.29558067831449125,-0.031654676258992806,-0.06824254881808839,-0.0036998972250770813,-0.039671120246659815,0.051387461459403906,0.17800616649537512,0.2170606372045221,-0.244398766700925,-0.2092497430626927,-0.27029804727646456,-0.31551901336074,0.13196300102774922,-0.00020554984583761563,-0.06639260020554985,-0.14851739574573009,0.08119218910585818,-0.02548818088386434,-0.15436793422404932,0.2485097636176773,0.08088802107397204,0.20883864337101748,0.05714285714285714,0.2341212744090442,0.32291880781089416,0.07687564234326826,-0.09640287769784174,0.10606372045220966,0.25673175745118193,0.3498458376156218,1.0,0.5815005138746147,0.07708119218910586,0.5453237410071943,0.049437278445464486,0.5718396711202467,0.2911763198253656,0.19527235354573483,0.46598150051387466,0.2966084275436794,0.40637204522096615,0.20184994861253855,0.40698869475847893,0.13627954779033916,-0.2501541623843782,-0.2670092497430627,-0.008838643371017472,-0.13196300102774922,0.02333110645970985,-0.31757451181911617,-0.2789311408016444,0.02158273381294964,-0.028675677102462768,-0.10493858896636017,0.06865364850976362,0.024049331963001026,0.1603288797533402,-0.18161262164893086,0.1676345138140386,-0.045837615621788286,-0.1514902363823227,-0.3521068859198356,-0.25426515930113053,-0.17903391572456323,-0.2948764071934254,-0.23699897225077082,0.22261048304213774,-0.3638232271325797,-0.29076519900669234,-0.045837615621788286,-0.1907502569373073,0.23514902363823229,0.22528263103802673,-0.12250770811921892,0.24254881808838644,0.08859198355601235,-0.23514902363823229,-0.18355601233299076,-0.22795477903391573,0.3741007194244605,0.11480548861451939,0.25047535877670885,0.328879753340185,0.37142857142857144,0.3507040824363907,0.5570400822199384,0.0328879753340185,0.16238437821171636,0.2694758478931141,0.4863309352517986,0.14080164439876672,0.1880781089414183,0.46043165467625896
-0.04049331963001028,-0.09784172661870505,-0.18314491264131552,-0.13175745118191162,-0.06084275436793423,-0.02076053442959918,-0.018499486125385406,-0.16896197327852006,-0.060431654676259,-0.06742034943473793,-0.09331963001027749,-0.08612538540596094,-0.1052415210688592,0.00328879753340185,0.06166495375128469,-0.09969167523124357,-0.27297019527235356,-0.13833504624871532,-0.2645426515930113,0.1393627954779034,0.016649537512846865,-0.03597122302158273,-0.13988385855359078,0.18314491264131552,0.045632065775950664,-0.12230215827338131,0.1720452209660843,0.06362094668969338,0.17841726618705034,0.028365878725590956,0.18972250770811921,0.30400822199383354,0.07399794450154162,0.0018499486125385406,0.1410071942446043,0.15560123329907502,0.23062692702980475,0.5815005138746147,1.0,0.22836587872559097,0.4425488180883865,0.08068246066463539,0.4772867420349435,0.1680456346327119,0.0855087358684481,0.39403905447070914,0.2801644398766701,0.2571428571428572,0.022610483042137718,0.27050359712230215,0.10380267214799589,-0.13257965056526208,-0.08776978417266187,0.010894141829393628,-0.13607399794450153,-0.10247186405432035,-0.15560123329907502,-0.244398766700925,-0.028982528263103807,-0.1331003650454813,-0.2118300018214185,-0.0789311408016444,-0.12106885919835561,0.04152106885919836,-0.07574901084055577,-0.007297394531451099,0.01747173689619733,-0.08324768756423433,-0.15066803699897224,-0.027749229188078112,-0.052826310380267215,-0.16249550358062237,-0.2135662898252826,0.1971223021582734,-0.26844809866392605,-0.2114188810027452,-0.025693730729701953,-0.1923946557040082,0.09126413155190133,0.21336073997944502,0.018088386433710177,0.2853031860226105,0.11901336073997945,-0.054265159301130524,-0.08448098663926003,-0.05940390544707092,0.23514902363823229,0.1172722135265592,0.17832365509954445,0.38355601233299075,0.41089414182939366,0.42676534298824564,0.5126413155190134,-0.017266187050359712,0.3079136690647482,0.11695786228160329,0.4341212744090442,0.15971223021582734,0.027749229188078112,0.3079136690647482
-0.07543679342240493,0.28612538540596094,0.10215827338129498,0.23329907502569375,0.09085303186022611,0.0051387461459403904,0.42918807810894144,0.3079136690647482,0.04316546762589928,0.046865364850976365,-0.16361767728674204,0.08365878725590956,-0.12332990750256938,-0.11798561151079136,-0.03001027749229188,0.3521068859198356,0.024254881808838648,0.20657759506680373,0.044604316546762585,0.1459403905447071,0.30400822199383354,0.029393627954779036,0.18531270901699057,0.2970195272353546,-0.04357656731757451,-0.05035971223021583,-0.0894141829393628,0.029497918739809368,0.24378211716341214,0.12744090441932168,0.06187050359712231,0.12641315519013363,0.1932168550873587,0.1272353545734841,0.08221993833504625,-0.12065775950668037,0.008221993833504625,0.07708119218910586,0.22836587872559097,1.0,-0.0067831449126413155,-0.02662007300909626,0.13401849948612538,-0.21881905573886465,-0.1290853031860226,-0.0039054470709146967,0.025693730729701953,-0.10996916752312436,-0.1578622816032888,-0.11469681397738953,-0.03103802672147996,0.19547790339157248,0.260431654676259,0.23823227132579652,-0.00041109969167523125,-0.030731281195829276,0.26618705035971224,0.10051387461459405,-0.05035971223021583,-0.13536152954818445,-0.002569505116708133,-0.12826310380267214,-0.07379239465570402,-0.07769784172661871,0.3123490419870407,-0.14913407697374007,0.33771839671120246,0.15066803699897224,0.2933196300102775,0.2776978417266187,0.36443987667009253,0.21409116632412165,0.06639260020554985,0.2896197327852004,0.18088386433710174,0.011408602718184111,0.22672147995889005,0.07440904419321687,-0.09331963001027749,0.017677286742034944,0.30873586844809864,0.09044193216855087,0.018705035971223024,0.3247687564234327,0.16423432682425487,0.20822199383350465,-0.071120246659815,-0.04532607025873147,-0.0527262449948509,0.20143884892086333,0.0696813977389517,0.14061054653369945,0.0855087358684481,0.0073997944501541625,0.3625899280575539,-0.24028776978417268,0.07399794450154162,0.06721479958890031,-0.12353545734840699,-0.11264131551901337
0.07543679342240493,-0.1418293936279548,-0.13504624871531348,-0.06310380267214799,0.1171634121274409,0.13874614594039056,-0.0526207605344296,-0.18376156217882836,0.13072970195272354,-0.2758478931140802,-0.09784172661870505,-0.2616649537512847,0.021377183967112023,0.22774922918807813,0.28612538540596094,-0.21849948612538542,-0.31860226104830425,-0.0869475847893114,-0.28427543679342243,0.39095580678314495,0.04542651593011306,-0.13627954779033916,-0.22683591170299403,-0.14121274409044193,-0.1738951695786228,-0.29907502569373073,0.29290853031860226,0.1018551828263104,0.17266187050359713,-0.0394655704008222,0.18890030832476876,0.2665981500513875,0.045220966084275435,0.06392600205549846,0.1771839671120247,0.46639260020554985,0.522507708119219,0.5453237410071943,0.4425488180883865,-0.0067831449126413155,1.0,-0.011203042308847461,0.44275436793422407,0.37710057092808563,0.3046248715313464,0.5864337101747173,0.43843782117163416,0.5017471736896197,0.3630010277492292,0.6873586844809867,0.15560123329907502,-0.10709146968139774,-0.13627954779033916,0.05940390544707092,-0.009044193216855088,0.10884423674375651,-0.19547790339157248,-0.07461459403905447,-0.11079136690647481,-0.12755023399339174,-0.2537643253260953,0.06289825282631038,-0.0014388489208633096,0.15046248715313465,-0.16969011790740512,0.21717457246417143,0.005960945529290853,-0.14984583761562179,-0.3233299075025694,-0.08365878725590956,-0.08078108941418294,-0.3115268003496941,-0.27810894141829395,0.14532374100719425,-0.47029804727646457,-0.38840639344160144,-0.029804727646454265,-0.2606372045220966,0.09866392600205551,0.18293936279547793,-0.22487153134635152,0.3268242548818089,0.118191161356629,-0.29023638232271326,-0.27029804727646456,-0.1749229188078109,0.43042137718396717,0.14728403328971018,0.4397964957757641,0.3165467625899281,0.38663926002055504,0.2532634405402306,0.38602261048304215,-0.08221993833504625,0.06002055498458376,0.31963001027749227,0.4998972250770812,0.14244604316546763,0.320863309352518,0.6725590955806783
-0.01038080067150086,-0.16002877866858256,-0.10452746814768686,-0.15530088925383959,-0.21429672673345834,-0.1439950667403238,-0.15160080188577985,-0.1723624032287816,-0.15365640597914637,0.1347448483201745,0.2549976877821152,0.1614677015339391,-0.021481062775679995,-0.06279870505234678,-0.05334292622286085,-0.05745413440959386,-0.007502954940787749,-0.09322164563417107,-0.0689655173324463,-0.10617195142238008,-0.17667917182485127,0.08191582312065529,-0.07030527289546716,0.15098412065776992,0.14420062714966045,0.24698083181798577,-0.013258646402213966,0.003289135574056943,0.0539596074508708,0.05971529891229702,-0.0007194614326782774,-0.08171026271131865,-0.044092707802711566,-0.10576083060370677,-0.02497558973440306,0.05950973850296037,0.03504804979189894,0.049437278445464486,0.08068246066463539,-0.02662007300909626,-0.011203042308847461,1.0,0.034636928973225636,0.0986740672217083,-0.11295544493048953,-0.021481062775679995,-0.04532607025873147,0.04265378493735501,0.04327046616536496,-0.006064032075431195,0.015930931723590426,-0.15016187902042333,-0.1493396373830767,-0.16557890972067213,-0.1635233056273056,-0.05344845307842532,-0.1289891568587483,-0.19785189398652628,0.23485276766712337,0.2608695652173913,0.14595539109877687,0.010791921490174161,-0.10370522651034025,0.0023639447073714828,-0.15911193339500462,-0.022407236098262926,0.042242664118681716,-0.12385014662533203,-0.1347448483201745,-0.046559432714751374,-0.16989567831674177,-0.03330249768732655,-0.08972711867544803,0.12076674048528227,0.05683745318158391,0.18665844382773153,0.08582147089805166,-0.04923171803612784,0.0531373658135242,-0.015930931723590426,-0.012230844355530714,0.054370728269544095,-0.11891669680125241,-0.05293180540418755,0.024975589734403055,-0.021069941957006694,0.07739349411524897,0.07379997944290266,0.08942337341967314,0.15016187902042333,0.0031861863447180854,0.17279128357096868,0.13104476095211479,0.286859551229296,0.0235366668690465,0.1298113984960949,-0.0381314559319487,0.05293180540418755,0.1002106995516172,0.03340356651720573
-0.15457348406988697,-0.15601233299075026,-0.24748201438848924,-0.1052415210688592,-0.032682425488180886,-0.11675231243576568,-0.05981500513874615,-0.12435765673175746,-0.0565262076053443,-0.09969167523124357,-0.03597122302158273,0.03658787255909558,0.039671120246659815,0.07872559095580679,0.1527235354573484,-0.15827338129496404,-0.19177800616649537,-0.18211716341212744,-0.236382322713258,0.046659815005138744,0.025077081192189106,0.03494347379239466,-0.09281052481549777,0.19732785200411102,-0.03843782117163413,-0.13360739979445016,0.14676258992805757,0.03957037879730525,0.1461459403905447,0.144912641315519,0.13319630010277492,0.2602261048304214,0.046659815005138744,-0.02219938335046249,0.21726618705035972,0.07769784172661871,0.2723535457348407,0.5718396711202467,0.4772867420349435,0.13401849948612538,0.44275436793422407,0.034636928973225636,1.0,0.17462356773148474,0.1514902363823227,0.4193216855087359,0.31613566289825284,0.22651593011305243,0.00472764645426516,0.2300102774922919,-0.016032887975334018,-0.1656731757451182,-0.11921891058581706,0.01932168550873587,-0.17697841726618704,-0.1322781234081347,-0.18252826310380266,-0.191983556012333,0.0065775950668037,-0.07163780265382276,-0.013053085992877318,0.1091469681397739,0.016032887975334018,0.10215827338129498,-0.042242664118681716,0.10247186405432035,-0.016032887975334018,-0.08838643371017471,-0.18129496402877696,-0.24501541623843784,-0.12661870503597122,-0.10493858896636017,-0.15210688591983557,0.20966084275436794,-0.16341212744090444,-0.17030679913541508,-0.09331963001027749,-0.118191161356629,0.027338129496402876,0.1527235354573484,-0.04049331963001028,0.1091469681397739,0.028365878725590956,-0.09681397738951696,-0.23514902363823229,-0.26104830421377184,0.1736896197327852,-0.008941877806144303,0.04697055353342468,0.21397738951695788,0.19403905447070918,0.22345564924288203,0.3192189105858171,-0.06927029804727647,0.2920863309352518,0.10113052415210688,0.33936279547790343,-0.05097636176772868,-0.027132579650565262,0.23987667009249744
0.19620741071183306,-0.1888072359757136,0.015108690086243824,-0.10761087428773662,0.06238758423367347,0.22005241819488455,-0.09281052481549779,-0.18284598410495076,0.26075337924354136,-0.09157716235947787,0.12426126744400531,0.01634205254226373,0.26116450006221464,0.295698648830772,0.31625468976443705,-0.3012487798828616,-0.1781180946902078,-0.21655789123616148,-0.18572382983566388,0.11912225721058906,-0.11048872001844974,-0.0868492729447349,-0.18151916949326755,-0.2401973383098763,-0.02600339178108631,0.11788889475456915,0.41040135724062304,0.1492445266728338,0.1139832469771728,0.12179454253196552,0.04162598289067176,-0.04039262043465185,-0.07492676920320916,-0.14378950633098714,-0.0539596074508708,0.39210648080966115,0.3966288098150675,0.2911763198253656,0.1680456346327119,-0.21881905573886465,0.37710057092808563,0.0986740672217083,0.17462356773148474,1.0,0.26589238947695765,0.43630196881704103,0.15797317457521604,0.38491186648287834,0.4015622596391471,0.5006423769394127,0.25253096287007537,-0.05868749686561377,-0.10062182037029051,-0.0414204224813351,0.14420062714966045,0.2503854455750848,-0.16516778890199882,0.07965465861795212,0.007091834122114448,0.15109466543324082,0.11183060951793607,0.3117323607590307,0.20751323322534884,0.19127396088775342,-0.12190358721348546,0.3554322129715284,-0.015108690086243824,-0.017986535816956934,-0.2911763198253657,-0.18531270901699057,-0.13721157323221433,-0.17740775002569636,-0.0827380647580019,0.1423505834656306,-0.19189064211576337,-0.05385959502518244,0.011408602718184111,-0.006064032075431195,0.007502954940787749,-0.017986535816956934,-0.26877023520767074,0.07986021902728878,0.05704301359092056,-0.24985867754869887,-0.2689757956170074,-0.19949637726121947,0.36271134227452007,0.18480830506732449,0.31842943776338783,0.08129914189264534,0.14193946264695728,0.037313049337454864,0.19168508170642673,-0.036075851838582196,-0.08787707499141817,0.6377511699669587,0.3361940494700922,0.04409270780271157,0.3400996972474885,0.48625314828584715
-0.023021582733812954,-0.06104830421377184,0.08221993833504625,0.0394655704008222,0.19547790339157248,0.1656731757451182,-0.09352517985611512,-0.06803699897225077,0.16916752312435768,-0.1720452209660843,-0.029804727646454265,-0.051387461459403906,0.12065775950668037,0.1708119218910586,0.22178828365878725,-0.20801644398766703,-0.19013360739979446,-0.08838643371017471,-0.1763617677286742,0.14285714285714285,0.016032887975334018,0.02219938335046249,-0.16043989948725584,-0.10770811921891059,-0.25837615621788285,-0.08180883864337102,0.4563206577595067,0.03792589552261205,0.18108941418293936,0.005549845837615622,0.005755395683453238,-0.06330935251798561,-0.06680369989722508,0.03247687564234327,0.24686536485097635,0.23720452209660842,0.2949640287769784,0.19527235354573483,0.0855087358684481,-0.1290853031860226,0.3046248715313464,-0.11295544493048953,0.1514902363823227,0.26589238947695765,1.0,0.3120246659815005,0.22487153134635152,0.14552929085303187,0.1815005138746146,0.29373072970195274,0.09126413155190133,0.018088386433710177,0.02219938335046249,0.1093525179856115,0.1617677286742035,0.1760624905968413,-0.04604316546762591,0.06988694758478932,-0.071120246659815,-0.11377768656783613,-0.0531373658135242,0.20164439876670093,0.08591983556012334,0.023638232271325797,-0.08273806475800188,0.15961765784990925,-0.00328879753340185,0.018499486125385406,-0.16361767728674204,-0.006166495375128469,-0.071120246659815,-0.06218202382433683,-0.13114080164439876,0.10113052415210688,-0.16012332990750258,-0.2118300018214185,0.08633093525179857,-0.016238437821171636,0.07831449126413156,-0.008016443987667009,-0.0869475847893114,0.19013360739979446,0.19609455292908531,-0.06474820143884892,-0.013566289825282631,0.00945529290853032,0.2855087358684481,0.18613495065433716,0.20792435404402215,0.1445015416238438,0.2672147995889003,0.04296433366307483,0.20945529290853035,-0.09064748201438848,0.09928057553956836,0.25570400822199385,0.3833504624871531,0.1052415210688592,0.08509763617677288,0.27112024665981505
0.10051387461459405,0.046454265159301136,-0.04090441932168551,0.10051387461459405,0.24131551901336074,0.19424460431654678,0.06988694758478932,-0.009044193216855088,0.18581706063720455,-0.27831449126413155,-0.25488180883864336,-0.2180883864337102,0.2010277492291881,0.18992805755395686,0.32394655704008224,-0.09681397738951696,-0.1710174717368962,0.005960945529290853,-0.06885919835560124,0.25734840698869477,0.07379239465570402,0.07584789311408018,-0.06875995692310964,-0.12435765673175746,-0.14881808838643373,-0.15436793422404932,0.48324768756423436,0.1306336401334415,0.25570400822199385,0.17307297019527237,-0.00020554984583761563,0.12846865364850976,0.20842754367934224,0.1617677286742035,0.26803699897225075,0.23576567317574512,0.37533401849948617,0.46598150051387466,0.39403905447070914,-0.0039054470709146967,0.5864337101747173,-0.021481062775679995,0.4193216855087359,0.43630196881704103,0.3120246659815005,1.0,0.4996916752312436,0.408016443987667,0.21664953751284688,0.48180883864337104,0.15806783144912642,0.10256937307297019,0.08324768756423433,0.2234326824254882,0.13730729701952724,0.09692173300223078,0.00472764645426516,0.022816032887975332,-0.2147995889003083,-0.23259160316442024,-0.19168508170642673,0.22939362795477905,0.17821171634121274,0.1907502569373073,0.02600339178108631,0.25746441269415493,0.0762589928057554,0.11079136690647481,-0.11572456320657759,0.010071942446043166,0.012538540596094553,-0.09157716235947787,-0.09064748201438848,0.19547790339157248,-0.2906474820143885,-0.290970759416029,0.045837615621788286,-0.06865364850976362,-0.06742034943473793,0.055498458376156225,-0.08386433710174718,0.15745118191161359,0.11613566289825283,-0.11017471736896198,-0.1724563206577595,-0.08571428571428572,0.24131551901336074,0.17647361141551463,0.19271288375311,0.1459403905447071,0.36115107913669064,0.1410216884826284,0.30585817060637205,-0.2614594039054471,0.12990750256937308,0.2353545734840699,0.6520041109969167,0.09804727646454266,0.1445015416238438,0.4275436793422405
-0.08406988694758478,0.04398766700924975,-0.17780061664953753,0.1194244604316547,0.15457348406988697,0.024460431654676262,0.1171634121274409,0.015210688591983558,-0.010277492291880781,-0.3543679342240494,-0.3490236382322714,-0.32045220966084276,0.08468653648509764,0.04316546762589928,0.20020554984583763,-0.035149023638232274,-0.06207605344295992,0.20904419321685508,0.07050359712230216,0.24665981500513876,0.06515930113052415,0.27153134635149023,0.05786525522826716,-0.05899280575539568,-0.26104830421377184,-0.23617677286742036,0.27482014388489207,0.23588056971380664,0.1290853031860226,0.1771839671120247,0.015416238437821172,0.178622816032888,0.24008221993833503,0.4055498458376156,0.4863309352517986,0.12517985611510793,0.2602261048304214,0.2966084275436794,0.2801644398766701,0.025693730729701953,0.43843782117163416,-0.04532607025873147,0.31613566289825284,0.15797317457521604,0.22487153134635152,0.4996916752312436,1.0,0.38006166495375127,0.08509763617677288,0.3227132579650565,0.0433710174717369,0.028982528263103807,0.045837615621788286,0.12230215827338131,-0.021788283658787256,-0.08972711867544801,0.009249743062692703,-0.0552929085303186,-0.33237410071942447,-0.4184182132047525,-0.3018654611108715,0.06289825282631038,0.13874614594039056,0.18992805755395686,0.000308340614004976,0.11501104902385605,0.0565262076053443,0.019527235354573486,0.03638232271325797,0.13216855087358687,0.026515930113052415,0.04039262043465185,-0.026927029804727647,0.08078108941418294,-0.2750256937307297,-0.36209466104651017,0.02487153134635149,-0.046454265159301136,-0.008633093525179856,0.1171634121274409,0.03494347379239466,0.19979445015416242,0.18972250770811921,0.028776978417266185,-0.0010277492291880781,0.1445015416238438,0.18088386433710174,0.23423608643911345,0.10617195142238008,0.13114080164439876,0.3586844809866393,0.09826292579401802,0.25981500513874617,-0.24419321685508735,0.15416238437821173,0.05775950668036999,0.3765673175745118,0.11284686536485097,0.05570400822199383,0.24789311408016446
0.21726618705035972,-0.2392600205549846,-0.16382322713257966,-0.12476875642343269,0.023432682425488183,0.08324768756423433,-0.13730729701952724,-0.29640287769784174,0.023021582733812954,-0.2129496402877698,-0.01891058581706064,-0.19136690647482016,0.131551901336074,0.24665981500513876,0.25570400822199385,-0.287153134635149,-0.09249743062692703,-0.1103802672147996,-0.10380267214799589,0.3046248715313464,-0.07338129496402879,-0.00472764645426516,-0.054987409497554054,-0.15354573484069886,-0.17553956834532375,-0.08448098663926003,0.2698869475847893,0.21470784755213163,0.17553956834532375,0.05960945529290853,0.14244604316546763,0.11613566289825283,0.05755395683453237,0.039671120246659815,0.0879753340184995,0.39157245632065774,0.4123329907502569,0.40637204522096615,0.2571428571428572,-0.10996916752312436,0.5017471736896197,0.04265378493735501,0.22651593011305243,0.38491186648287834,0.14552929085303187,0.408016443987667,0.38006166495375127,1.0,0.43288797533401857,0.5159301130524152,0.2394655704008222,-0.19260020554984586,-0.2135662898252826,-0.046248715313463515,-0.09290853031860227,0.09692173300223078,-0.29373072970195274,-0.1473792394655704,-0.1260020554984584,-0.0810935814833087,-0.17277352404745489,0.14552929085303187,0.12106885919835561,0.21377183967112026,-0.18407934656097066,0.2447196673152826,0.012538540596094553,-0.1313463514902364,-0.2838643371017472,-0.10298047276464543,-0.09886947584789312,-0.2564366106474717,-0.11778006166495375,0.1868448098663926,-0.42795477903391577,-0.31748805222045695,0.07297019527235354,-0.14799588900308325,0.09167523124357657,0.18376156217882836,-0.19157245632065778,0.2170606372045221,0.12353545734840699,-0.26515930113052416,-0.08242548818088387,-0.128879753340185,0.46207605344295993,0.28747623245730597,0.4305462773556148,0.22816032887975335,0.38417266187050364,0.19693699353696503,0.3424460431654676,-0.06742034943473793,-0.09208633093525181,0.39732785200411097,0.4287769784172662,0.36443987667009253,0.45611510791366905,0.5142857142857143
0.32723535457348407,-0.1699897225077081,0.1405960945529291,-0.05796505652620761,0.144912641315519,0.3967112024665982,-0.0984583761562179,-0.22055498458376155,0.3130524152106886,-0.16916752312435768,0.0947584789311408,-0.08468653648509764,0.15436793422404932,0.42569373072970196,0.35498458376156217,-0.202672147995889,-0.08201438848920864,-0.11551901336073998,-0.1512846865364851,0.3882836587872559,-0.015210688591983558,-0.1771839671120247,-0.13988385855359078,-0.3169578622816033,-0.13381294964028778,-0.013566289825282631,0.1800616649537513,0.18531270901699057,0.17821171634121274,-0.08448098663926003,0.2219938335046249,0.047276464542651594,-0.08982528263103802,-0.10770811921891059,-0.1079136690647482,0.591983556012333,0.4392600205549846,0.20184994861253855,0.022610483042137718,-0.1578622816032888,0.3630010277492292,0.04327046616536496,0.00472764645426516,0.4015622596391471,0.1815005138746146,0.21664953751284688,0.08509763617677288,0.43288797533401857,1.0,0.5712230215827337,0.40164439876670094,-0.09044193216855087,-0.15416238437821173,0.011510791366906477,0.14121274409044193,0.4753584465910046,-0.21541623843782118,0.09578622816032889,-0.01274409044193217,0.07410452756586257,-0.029086797921136068,0.17780061664953753,0.11469681397738953,0.2723535457348407,-0.1875738735196937,0.39703993063374077,0.021788283658787256,-0.131551901336074,-0.3724563206577595,-0.14306269270298047,-0.03905447070914697,-0.3425664221595283,-0.14141829393627955,0.15457348406988697,-0.3225077081192189,-0.22436918679095422,0.09373072970195273,-0.11325796505652622,0.15601233299075026,0.1354573484069887,-0.31593011305241525,0.13216855087358687,0.07029804727646455,-0.38252826310380267,-0.2170606372045221,-0.21459403905447072,0.4454265159301131,0.23793617380717313,0.5853332655861128,0.08406988694758478,0.14922918807810895,0.05118717264165374,0.18520041109969168,0.07255909558067831,-0.2830421377183967,0.4485097636176773,0.22918807810894143,0.16197327852004112,0.7778006166495376,0.5477903391572456
0.20472764645426517,-0.16505652620760536,-0.054265159301130524,-0.060431654676259,0.1445015416238438,0.2770811921891059,-0.10092497430626927,-0.2143884892086331,0.22302158273381295,-0.31099691675231245,-0.003494347379239466,-0.2668036998972251,0.08324768756423433,0.33278520041109966,0.326207605344296,-0.2881808838643371,-0.2563206577595067,-0.12620760534429598,-0.2380267214799589,0.4232271325796506,-0.017677286742034944,-0.1578622816032888,-0.25664217105680837,-0.32394655704008224,-0.20698869475847895,-0.2104830421377184,0.2626927029804728,0.1185055759825791,0.17327852004111,-0.07132579650565263,0.20801644398766703,0.18787255909558068,-0.05817060637204522,-0.030421377183967115,0.012949640287769786,0.602672147995889,0.5638232271325797,0.40698869475847893,0.27050359712230215,-0.11469681397738953,0.6873586844809867,-0.006064032075431195,0.2300102774922919,0.5006423769394127,0.29373072970195274,0.48180883864337104,0.3227132579650565,0.5159301130524152,0.5712230215827337,1.0,0.2922918807810894,-0.09208633093525181,-0.17841726618705034,0.03494347379239466,0.05899280575539568,0.24965311713936225,-0.21418293936279548,0.00945529290853032,-0.09003083247687566,-0.040187060025315205,-0.20257978340126923,0.10010277492291882,0.03576567317574512,0.1671120246659815,-0.24841975468334232,0.26835911438899746,-0.04604316546762591,-0.15621788283658788,-0.39054470709146966,-0.12004110996916752,-0.10154162384378213,-0.3734004835600259,-0.2779033915724563,0.10894141829393629,-0.5140801644398767,-0.4130736425619995,-0.04604316546762591,-0.2633093525179856,0.11161356628982529,0.15806783144912642,-0.38088386433710175,0.23741007194244607,0.09784172661870505,-0.43350462487153135,-0.3510791366906475,-0.2211716341212744,0.5070914696813978,0.1635233056273056,0.5423711400347527,0.21027749229188078,0.3029804727646454,0.20495426154107943,0.2966084275436794,-0.05981500513874615,-0.13257965056526208,0.4485097636176773,0.41089414182939366,0.12990750256937308,0.4957862281603289,0.8154162384378212
0.4655704008221994,-0.054265159301130524,0.20164439876670093,0.012949640287769786,0.10359712230215828,0.38663926002055504,0.03905447070914697,-0.0855087358684481,0.22446043165467625,-0.1738951695786228,0.010688591983556012,-0.09146968139773896,0.13525179856115108,0.3473792394655704,0.22774922918807813,-0.11325796505652622,0.07975334018499487,-0.03843782117163413,-0.002261048304213772,0.2725590955806783,0.05940390544707092,-0.08406988694758478,0.00791407575946105,-0.09928057553956836,-0.06783144912641316,0.1091469681397739,0.1724563206577595,0.26075337924354136,0.2170606372045221,0.01932168550873587,0.3212744090441932,0.1712230215827338,-0.028776978417266185,-0.03473792394655704,0.0073997944501541625,0.29249743062692707,0.2170606372045221,0.13627954779033916,0.10380267214799589,-0.03103802672147996,0.15560123329907502,0.015930931723590426,-0.016032887975334018,0.25253096287007537,0.09126413155190133,0.15806783144912642,0.0433710174717369,0.2394655704008222,0.40164439876670094,0.2922918807810894,1.0,0.033093525179856115,-0.018705035971223024,0.016238437821171636,0.120863309352518,0.3503777177143211,-0.09023638232271326,0.06474820143884892,-0.12682425488180885,-0.07677681288723902,-0.13125032136145143,0.07317574511819117,0.08406988694758478,0.10688591983556013,-0.09075492072213127,0.22621923047498405,-0.002672147995889003,-0.01829393627954779,-0.09928057553956836,0.022816032887975332,0.0762589928057554,-0.06444318832703998,-0.026515930113052415,0.08735868448098665,-0.17841726618705034,-0.1390616169162442,0.21521068859198358,0.022610483042137718,0.15662898252826313,0.35847893114080165,-0.05179856115107914,0.1500513874614594,0.18520041109969168,-0.0974306269270298,-0.0367934224049332,-0.04912641315519013,0.2117163412127441,0.25253096287007537,0.34071637847549846,0.08263103802672148,0.26248715313463516,0.1523280920781744,0.19732785200411102,-0.03247687564234327,-0.010277492291880781,0.2628982528263104,0.16608427543679344,0.20082219938335047,0.36772867420349437,0.2672147995889003
0.118191161356629,0.6754367934224049,0.4931140801644399,0.5292908530318602,0.3547790339157246,0.2970195272353546,0.44933196300102773,0.668448098663926,0.3165467625899281,-0.19033915724563208,-0.3038026721479959,-0.10585817060637205,0.15950668036998975,-0.02918807810894142,0.10400822199383351,0.5190133607399795,0.09948612538540597,0.5103802672147997,0.3537512846865365,0.12374100719424462,0.3558067831449127,0.17944501541623845,0.3074155921629611,-0.14244604316546763,-0.0974306269270298,0.05570400822199383,0.039671120246659815,0.09383832686218102,0.040287769784172665,0.18129496402877696,-0.2156217882836588,-0.17040082219938338,0.20760534429599178,0.3122302158273381,0.13895169578622815,-0.1934224049331963,-0.1434737923946557,-0.2501541623843782,-0.13257965056526208,0.19547790339157248,-0.10709146968139774,-0.15016187902042333,-0.1656731757451182,-0.05868749686561377,0.018088386433710177,0.10256937307297019,0.028982528263103807,-0.19260020554984586,-0.09044193216855087,-0.09208633093525181,0.033093525179856115,1.0,0.694141829393628,0.48078108941418296,0.47482014388489213,0.15242304352312647,0.7216855087358685,0.4869475847893114,-0.2682425488180884,-0.1955907294838231,-0.04635387230541472,0.08838643371017471,0.13915724563206577,-0.04604316546762591,0.44657998928387355,0.029703479149146023,0.28674203494347383,0.3903391572456321,0.4840698869475848,0.4483042137718397,0.4145940390544708,0.4295184753089316,0.30483042137718397,-0.05570400822199383,0.22898252826310384,0.05765969481893051,0.20781089414182938,0.28160328879753344,-0.2330935251798561,-0.1775950668036999,0.17965056526207604,-0.2211716341212744,-0.12189105858170607,0.2655704008221994,0.08324768756423433,0.22302158273381295,-0.3317574511819116,0.01038080067150086,-0.21758569328284474,-0.2367934224049332,-0.0355601233299075,-0.1469832467420981,-0.2594039054470709,-0.2988694758478931,0.07852004110996917,-0.2723535457348407,0.01932168550873587,-0.128879753340185,-0.16546762589928057,-0.1771839671120247
0.019527235354573486,0.6462487153134635,0.44665981500513874,0.507502569373073,0.3079136690647482,0.20822199383350465,0.5348406988694758,0.6507708119218911,0.28242548818088387,-0.17060637204522097,-0.33627954779033914,-0.048304213771839674,0.13401849948612538,-0.03329907502569373,0.08468653648509764,0.54655704008222,0.1895169578622816,0.5321685508735868,0.43391572456320654,0.11634121274409044,0.3956834532374101,0.19794450154162385,0.36332802350253,-0.0014388489208633096,-0.09948612538540597,0.05775950668036999,0.09105858170606372,0.07472120879387252,0.06289825282631038,0.21788283658787258,-0.21973278520041112,-0.2193216855087359,0.2343268242548818,0.40637204522096615,0.17800616649537512,-0.24768756423432683,-0.1405960945529291,-0.2670092497430627,-0.08776978417266187,0.260431654676259,-0.13627954779033916,-0.1493396373830767,-0.11921891058581706,-0.10062182037029051,0.02219938335046249,0.08324768756423433,0.045837615621788286,-0.2135662898252826,-0.15416238437821173,-0.17841726618705034,-0.018705035971223024,0.694141829393628,1.0,0.5017471736896197,0.40164439876670094,0.11336656574916285,0.7516957862281604,0.46721479958890033,-0.2846865364850976,-0.2589033355595115,-0.015108690086243824,0.10811921891058582,0.14162384378211718,-0.010277492291880781,0.6013669775143715,0.03052572078649262,0.4446043165467626,0.5136690647482015,0.5901336073997945,0.5391572456320658,0.539568345323741,0.48995323565390686,0.38252826310380267,0.06269270298047276,0.3070914696813977,0.10904979715309318,0.2394655704008222,0.3165467625899281,-0.2922918807810894,-0.22939362795477905,0.27995889003083246,-0.15292908530318602,-0.012538540596094553,0.4258992805755396,0.18972250770811921,0.31551901336074,-0.3371017471736896,0.01058636108083751,-0.2401973383098763,-0.1484069886947585,-0.02158273381294964,-0.21071024882608466,-0.2626927029804728,-0.2602261048304214,0.18910585817060638,-0.2723535457348407,0.030832476875642344,-0.06515930113052415,-0.19424460431654678,-0.241726618705036
0.033093525179856115,0.636382322713258,0.3011305241521069,0.6760534429599178,0.615005138746146,0.26248715313463516,0.3243576567317575,0.4468653648509764,0.22281603288797533,-0.19403905447070918,-0.20184994861253855,-0.16094552929085304,0.11264131551901337,-0.045632065775950664,0.038232271325796506,0.4754367934224049,0.12374100719424462,0.38088386433710175,0.2850976361767729,0.24542651593011305,0.299486125385406,0.1091469681397739,0.18325710492362407,-0.03638232271325797,-0.19773895169578623,-0.014182939362795478,0.15971223021582734,0.10637751183171673,0.032065775950668035,0.06289825282631038,-0.15313463514902365,-0.16258992805755396,0.26885919835560124,0.33689619732785203,0.1656731757451182,-0.044193216855087356,0.07605344295991778,-0.008838643371017472,0.010894141829393628,0.23823227132579652,0.05940390544707092,-0.16557890972067213,0.01932168550873587,-0.0414204224813351,0.1093525179856115,0.2234326824254882,0.12230215827338131,-0.046248715313463515,0.011510791366906477,0.03494347379239466,0.016238437821171636,0.48078108941418296,0.5017471736896197,1.0,0.3338129496402878,0.09712729341156745,0.45570400822199386,0.2645426515930113,-0.22466598150051387,-0.21121332059340855,-0.1043219077383502,0.10236382322713258,0.05118191161356629,-0.06536485097636177,0.29323192391873215,-0.028264556283789464,0.2193216855087359,0.3385405960945529,0.287153134635149,0.33278520041109966,0.28756423432682426,0.23300272398309352,0.12106885919835561,0.04008221993833505,0.1249743062692703,-0.03525361020123559,0.07050359712230216,0.08057553956834533,-0.16608427543679344,-0.18335046248715314,0.12867420349434738,-0.07810894141829394,0.07995889003083248,0.18417266187050363,0.08078108941418294,0.1527235354573484,-0.12168550873586846,0.0747212087938725,-0.10473302855702352,-0.05097636176772868,0.10709146968139774,-0.16815705711193882,-0.08633093525179857,-0.18417266187050363,0.0789311408016444,-0.1539568345323741,0.1722507708119219,-0.008016443987667009,-0.07297019527235354,-0.017266187050359712
0.10030832476875642,0.3471736896197328,0.5253854059609456,0.32641315519013364,0.452415210688592,0.5553956834532374,0.20863309352517986,0.3270298047276464,0.5066803699897225,-0.12312435765673177,-0.21521068859198358,-0.031243576567317573,0.2846865364850976,0.2411099691675231,0.2789311408016444,0.21664953751284688,0.06557040082219938,0.26351490236382324,0.2195272353545735,0.17944501541623845,0.2984583761562179,0.046454265159301136,0.1984685752145362,-0.2779033915724563,-0.09188078108941418,0.08221993833504625,0.16649537512846865,0.132689244226808,0.09928057553956836,0.1276464542651593,-0.044809866392600206,-0.20637204522096608,0.11613566289825283,0.13401849948612538,0.04090441932168551,0.03535457348406989,0.026927029804727647,-0.13196300102774922,-0.13607399794450153,-0.00041109969167523125,-0.009044193216855088,-0.1635233056273056,-0.17697841726618704,0.14420062714966045,0.1617677286742035,0.13730729701952724,-0.021788283658787256,-0.09290853031860227,0.14121274409044193,0.05899280575539568,0.120863309352518,0.47482014388489213,0.40164439876670094,0.3338129496402878,1.0,0.34749987198360793,0.36094552929085305,0.5673175745118192,-0.16073997944501542,-0.05971529891229702,0.05087620131082104,0.23576567317574512,0.2709146968139774,0.1868448098663926,0.30823783380030767,0.2802816181305232,0.15169578622816035,0.3321685508735869,0.20719424460431657,0.22816032887975335,0.2602261048304214,0.22663035129365736,0.2943473792394656,-0.03699897225077081,0.11366906474820143,0.02333110645970985,0.14758478931140803,0.28838643371017475,-0.09064748201438848,-0.1473792394655704,-0.0010277492291880781,-0.10709146968139774,0.05056526207605344,0.1013360739979445,0.016855087358684483,0.15950668036998975,-0.11531346351490238,0.1339226066828279,-0.05848193645627711,-0.20164439876670093,-0.024254881808838648,-0.19940384523053867,-0.13586844809866394,-0.12065775950668037,-0.02117163412127441,-0.023432682425488183,0.07995889003083248,-0.05632065775950668,0.04974306269270298,-0.018705035971223024
0.273909245441087,0.05745413440959386,0.4673415906268753,0.07924353779927883,0.17133460118209834,0.5664217079271409,0.13083920054277814,0.0860270313073883,0.6344622034175722,-0.08088802107397204,-0.03525361020123559,0.06773215487642639,0.29076519900669234,0.48728095033253044,0.42561282753153523,-0.0023639447073714828,0.02291998564103655,0.015725371314253778,-0.054987409497554054,0.2806927389491965,0.1647566680833255,-0.18140706123959421,0.04851474971733991,-0.24821419427400568,-0.05231512417617759,0.08171026271131865,0.17955701755556436,0.12169801624010688,0.24800863386466904,0.011819723536857413,0.13556708995752112,-0.05786525522826716,-0.08808263540075481,-0.10678863265039001,-0.128578036040075,0.30823783380030767,0.12960583808675824,0.02333110645970985,-0.10247186405432035,-0.030731281195829276,0.10884423674375651,-0.05344845307842532,-0.1322781234081347,0.2503854455750848,0.1760624905968413,0.09692173300223078,-0.08972711867544801,0.09692173300223078,0.4753584465910046,0.24965311713936225,0.3503777177143211,0.15242304352312647,0.11336656574916285,0.09712729341156745,0.34749987198360793,1.0,0.07554345043121911,0.4007400180018005,-0.08109358148330868,0.02199609415150581,0.09846849624832973,0.2344416468484501,0.26712575193297755,0.2584922147408382,0.07750025696371672,0.4345770377222736,0.14831183533639347,0.08499922926070505,-0.09712729341156745,-0.01695873377027368,0.18921835679438692,-0.10607462226333642,0.07903797738994219,0.11007759919977644,-0.07410452756586257,-0.05899886935964641,0.21039107895606193,0.17051235954475172,0.04840947639878123,0.01428644844889722,-0.13967829814425411,-0.01963101909165014,0.02250886482236325,-0.1680456346327119,-0.09568837054621088,-0.10041625996095385,0.10288298487299365,0.15088909445986226,0.30218933086648164,-0.06814327569509969,-0.02723675423710621,-0.12386287727722621,0.009147438215480955,0.006680713303441146,-0.1696901179074051,0.20751323322534884,0.08068246066463539,-0.002158384298034832,0.43198520022097137,0.2105966393653986
0.01747173689619733,0.6964028776978417,0.39486125385405957,0.5346351490236382,0.2511819116135663,0.14367934224049334,0.543884892086331,0.7634121274409045,0.24213771839671122,-0.1303186022610483,-0.3095580678314491,-0.06762589928057554,0.09249743062692703,-0.1196300102774923,0.023021582733812954,0.6024665981500514,0.16649537512846865,0.5790339157245632,0.42117163412127445,0.06248715313463515,0.40184994861253853,0.2131551901336074,0.3579834528597771,-0.054881808838643374,-0.08221993833504625,0.019116135662898253,-0.0067831449126413155,0.022097744003689943,-0.00041109969167523125,0.18499486125385406,-0.2587872559095581,-0.19547790339157248,0.2219938335046249,0.3656731757451182,0.10853031860226105,-0.299486125385406,-0.21911613566289825,-0.31757451181911617,-0.15560123329907502,0.26618705035971224,-0.19547790339157248,-0.1289891568587483,-0.18252826310380266,-0.16516778890199882,-0.04604316546762591,0.00472764645426516,0.009249743062692703,-0.29373072970195274,-0.21541623843782118,-0.21418293936279548,-0.09023638232271326,0.7216855087358685,0.7516957862281604,0.45570400822199386,0.36094552929085305,0.07554345043121911,1.0,0.4746145940390545,-0.23658787255909558,-0.17832365509954445,0.016547612951600378,0.045632065775950664,0.13340184994861254,-0.06783144912641316,0.5325042403865936,-0.036898093475928796,0.39527235354573487,0.459403905447071,0.5897225077081193,0.5120246659815005,0.5001027749229188,0.49324220220329323,0.3381294964028777,-0.002261048304213772,0.32312435765673175,0.11603885107053931,0.1708119218910586,0.3050359712230216,-0.2820143884892086,-0.2918807810894142,0.22774922918807813,-0.24008221993833503,-0.11366906474820143,0.3621788283658787,0.13586844809866394,0.2850976361767729,-0.41274409044193217,-0.06834883610443634,-0.30556554847893125,-0.2207605344295992,-0.11531346351490238,-0.21667180708555442,-0.3062692702980473,-0.2404933196300103,0.11469681397738953,-0.34799588900308326,-0.07687564234326826,-0.18232271325796506,-0.24604316546762592,-0.28242548818088387
0.11654676258992805,0.3486125385405961,0.5247687564234327,0.3167523124357657,0.29105858170606375,0.4219938335046249,0.4098663926002055,0.5007194244604317,0.6224049331963001,-0.13566289825282632,-0.21459403905447072,0.02487153134635149,0.23843782117163412,0.21459403905447072,0.27009249743062697,0.24234326824254881,0.06002055498458376,0.31387461459403904,0.22261048304213774,0.19897225077081193,0.3019527235354574,0.024049331963001026,0.21840793492019134,-0.2896197327852004,-0.10359712230215828,0.05940390544707092,0.052826310380267215,0.04697055353342467,0.11510791366906474,0.15046248715313465,-0.11120246659815006,-0.19013360739979446,0.023843782117163412,0.12517985611510793,-0.046865364850976365,-0.023227132579650568,-0.027132579650565262,-0.2789311408016444,-0.244398766700925,0.10051387461459405,-0.07461459403905447,-0.19785189398652628,-0.191983556012333,0.07965465861795212,0.06988694758478932,0.022816032887975332,-0.0552929085303186,-0.1473792394655704,0.09578622816032889,0.00945529290853032,0.06474820143884892,0.4869475847893114,0.46721479958890033,0.2645426515930113,0.5673175745118192,0.4007400180018005,0.4746145940390545,1.0,-0.1958890030832477,-0.07061000060713951,0.12631687153737184,0.1932168550873587,0.3081192189105858,0.12949640287769784,0.3738116043786992,0.24430854649660932,0.2526207605344296,0.30853031860226104,0.28591983556012335,0.24480986639260022,0.39157245632065774,0.26075337924354136,0.2916752312435766,0.014182939362795478,0.1882836587872559,0.05560409072556401,0.1736896197327852,0.3297019527235355,-0.24542651593011305,-0.20842754367934224,-0.0073997944501541625,-0.18252826310380266,-0.016238437821171636,0.12620760534429598,-0.04049331963001028,0.14244604316546763,-0.1710174717368962,0.021481062775679995,-0.03792589552261205,-0.2725590955806783,-0.189311408016444,-0.3287079881686921,-0.29105858170606375,-0.22857142857142856,-0.09331963001027749,-0.07132579650565263,-0.07769784172661871,-0.16670092497430627,0.03884892086330936,-0.07564234326824255
-0.06351490236382322,-0.27132579650565264,-0.189311408016444,-0.27153134635149023,-0.2367934224049332,-0.18437821171634122,-0.3025693730729702,-0.26351490236382324,-0.15827338129496404,0.5837615621788284,0.4686536485097636,0.4030832476875642,-0.14552929085303187,-0.13895169578622815,-0.21500513874614596,-0.12353545734840699,-0.12332990750256938,-0.31387461459403904,-0.29290853031860226,-0.27297019527235356,-0.27153134635149023,-0.15683453237410072,-0.23505832807646002,0.17697841726618704,0.39958890030832483,0.21233299075025697,-0.05734840698869476,-0.16660671176735536,0.0008221993833504625,-0.14429599177800617,-0.05981500513874615,0.026104830421377186,-0.1788283658787256,-0.37636176772867425,-0.21911613566289825,0.10051387461459405,0.0197327852004111,0.02158273381294964,-0.028982528263103807,-0.05035971223021583,-0.11079136690647481,0.23485276766712337,0.0065775950668037,0.007091834122114448,-0.071120246659815,-0.2147995889003083,-0.33237410071942447,-0.1260020554984584,-0.01274409044193217,-0.09003083247687566,-0.12682425488180885,-0.2682425488180884,-0.2846865364850976,-0.22466598150051387,-0.16073997944501542,-0.08109358148330868,-0.23658787255909558,-0.1958890030832477,1.0,0.5230484615571076,0.3990955347271073,-0.07194244604316546,-0.13381294964028778,-0.08345323741007195,-0.23033043866171707,-0.1468729124710369,-0.09681397738951696,-0.17040082219938338,-0.2620760534429599,-0.31264131551901336,-0.3183967112024666,-0.19332956498111997,-0.16875642343268246,0.05775950668036999,0.1685508735868448,0.39251760162833443,-0.021993833504624874,-0.08509763617677288,0.12250770811921892,0.004522096608427544,0.008633093525179856,0.006166495375128469,-0.11243576567317576,-0.08715313463514902,-0.06187050359712231,-0.20205549845837614,0.14018499486125385,-0.08335474598601185,0.018192096226293582,0.09660842754367935,-0.13586844809866394,0.15088909525692307,0.09866392600205551,0.3013360739979445,-0.01932168550873587,0.11243576567317576,-0.1410071942446043,-0.07790339157245633,-0.009660842754367936,-0.031243576567317573
0.03751477470393874,-0.22786371374967726,-0.07718793370591231,-0.21984685778554786,-0.20442982708529908,-0.14337838551231386,-0.23875841544451976,-0.20854103527203208,-0.047792795170771285,0.4019733804578204,0.6192507331266601,0.37586720847206573,0.0052417904380845926,-0.03340356651720573,-0.08273806475800188,-0.11336656574916285,-0.09137160195014121,-0.3090600754376543,-0.21779125369218139,-0.26877023520767074,-0.1910684004784168,-0.19435736702780318,-0.17062390790420393,-0.046559432714751374,0.2552032481914518,0.27596484953445355,-0.098566216276924,-0.1642512077294686,-0.13289480463614467,-0.09589393095554753,-0.1180944551639058,-0.11213320329314294,-0.1744180073221481,-0.4447299455998437,-0.3902564371256313,0.07431008797519921,0.002569505116708133,-0.028675677102462768,-0.1331003650454813,-0.13536152954818445,-0.12755023399339174,0.2608695652173913,-0.07163780265382276,0.15109466543324082,-0.11377768656783613,-0.23259160316442024,-0.4184182132047525,-0.0810935814833087,0.07410452756586257,-0.040187060025315205,-0.07677681288723902,-0.1955907294838231,-0.2589033355595115,-0.21121332059340855,-0.05971529891229702,0.02199609415150581,-0.17832365509954445,-0.07061000060713951,0.5230484615571076,1.0,0.467468393462843,0.061976463415000176,-0.04388714739337492,-0.08027133984596209,-0.17432418542501799,0.01192311645595642,-0.08520478967004169,-0.12117786130395555,-0.27658153076246345,-0.29919317578949506,-0.24924199632068894,-0.17247404666461097,-0.0952772497275376,0.021686623185016643,0.12652243194670848,0.35460992907801414,-0.14872295615506675,-0.0560152115442373,0.07759905452458563,-0.17030679913541508,-0.22251914310692436,-0.1392671773255808,-0.20216866258259591,-0.21306336427743838,-0.17092348036342503,-0.27123696011971055,0.06423762791770334,-0.13362113269606332,0.05036488847774694,-0.019219898272976838,-0.2831594638612363,0.025594901611642594,-0.05765969481893051,0.3119379211683674,-0.2171745724641714,0.22190246187891438,-0.19744077316785297,-0.13803381486956093,0.1298113984960949,0.02600339178108631
-0.07451564838453587,-0.07739349411524897,0.0560152115442373,-0.07513232961254582,-0.11768333434523251,-0.09630505177422084,-0.01079192149017416,0.02456446891572975,0.08417698762335844,0.4297240357182682,0.32529934777524966,0.6280898307281361,0.20114086053591268,0.053548486632197495,0.05149288253883099,0.018192096226293582,0.09178272276881452,-0.15817873498455268,-0.04594275148674142,-0.32221594163519995,-0.04429826821204822,0.015519810904917124,0.06989413094871004,0.1002106995516172,0.213885605914785,0.36394470473054,-0.010997481899510811,-0.025285229725562748,0.02888123751179942,0.2003186188985661,-0.1875738735196937,-0.17030679913541508,-0.07677681288723902,-0.26753687275165083,-0.1935351253904566,-0.10863867633441987,-0.08541035007937835,-0.10493858896636017,-0.2118300018214185,-0.002569505116708133,-0.2537643253260953,0.14595539109877687,-0.013053085992877318,0.11183060951793607,-0.0531373658135242,-0.19168508170642673,-0.3018654611108715,-0.17277352404745489,-0.029086797921136068,-0.20257978340126923,-0.13125032136145143,-0.04635387230541472,-0.015108690086243824,-0.1043219077383502,0.05087620131082104,0.09846849624832973,0.016547612951600378,0.12631687153737184,0.3990955347271073,0.467468393462843,1.0,0.2759648495344535,0.2280692741590139,0.10123850159830045,0.11285846438482885,0.14965566861959093,0.08068246066463539,0.10699419305972667,0.00010278020466832533,-0.1960018503024964,-0.08623259171672495,0.13588241340322746,0.15715093293786944,0.14296726469364052,0.39210648080966115,0.44053859595025185,0.06690991323907979,0.2819261014052164,-0.07965465861795212,-0.23094711988972705,0.030936841605165924,-0.18860167556637697,-0.09363276645284438,0.07636569206856572,0.032992445698532435,-0.07718793370591233,-0.05293180540418755,-0.037619488128276285,-0.12149244526672832,-0.15118968106710656,-0.3479109928022812,-0.19273269285875447,-0.11131096165579633,0.16064545989659249,-0.058893057274950415,0.12323346539732206,-0.20093530012657604,-0.1789403363275544,-0.014903129676907174,-0.1873683131103571
0.027543679342240494,0.008016443987667009,0.1751284686536485,0.10318602261048304,0.12065775950668037,0.1410071942446043,0.06557040082219938,0.026927029804727647,0.22261048304213774,-0.06557040082219938,0.022816032887975332,0.16238437821171636,0.6415210688591985,0.34511819116135667,0.370606372045221,0.0020554984583761563,0.19095580678314492,-0.03247687564234327,0.14388489208633093,-0.10709146968139774,0.11469681397738953,0.24254881808838644,0.19394624620912992,-0.11346351490236382,-0.17574511819116134,0.16526207605344295,0.20966084275436794,0.2311526802990637,0.2143884892086331,0.31798561151079136,-0.08386433710174718,-0.1685508735868448,0.04090441932168551,0.05632065775950668,0.10298047276464543,-0.00945529290853032,0.20822199383350465,0.06865364850976362,-0.0789311408016444,-0.12826310380267214,0.06289825282631038,0.010791921490174161,0.1091469681397739,0.3117323607590307,0.20164439876670093,0.22939362795477905,0.06289825282631038,0.14552929085303187,0.17780061664953753,0.10010277492291882,0.07317574511819117,0.08838643371017471,0.10811921891058582,0.10236382322713258,0.23576567317574512,0.2344416468484501,0.045632065775950664,0.1932168550873587,-0.07194244604316546,0.061976463415000176,0.2759648495344535,1.0,0.5068859198355602,0.3907502569373073,0.2247803076096275,0.42869623367158494,0.06988694758478932,0.3350462487153135,0.05056526207605344,-0.09455292908530319,0.015621788283658787,0.16927899708873181,0.2655704008221994,0.21541623843782118,0.10339157245632066,-0.0011305822513515786,0.131551901336074,0.29249743062692707,-0.1815005138746146,-0.1868448098663926,-0.03144912641315519,-0.06228160328879754,0.07070914696813978,0.01788283658787256,-0.013566289825282631,-0.05303186022610483,0.0709146968139774,0.20340202503861585,-0.04039262043465185,-0.15971223021582734,-0.03494347379239466,-0.26128070854434504,0.010483042137718397,-0.05323741007194245,-0.03227132579650565,0.25323741007194245,0.19054470709146967,0.030832476875642344,0.10976361767728675,0.07255909558067831
0.05159301130524152,0.051387461459403906,0.17985611510791366,0.13299075025693732,0.10729701952723536,0.1671120246659815,0.2129496402877698,0.13854059609455294,0.2795477903391573,-0.009044193216855088,-0.12949640287769784,0.16546762589928057,0.598972250770812,0.3963001027749229,0.48879753340185,0.02158273381294964,0.1944501541623844,0.10380267214799589,0.2263103802672148,-0.0020554984583761563,0.22055498458376155,0.21603288797533401,0.393956524493691,-0.20164439876670093,-0.046865364850976365,0.09558067831449128,0.20369989722507706,0.2985764945614851,0.26803699897225075,0.5068859198355602,-0.05734840698869476,-0.0972250770811922,0.09496402877697843,0.07297019527235354,0.053442959917780065,-0.0750256937307297,-0.002877697841726619,0.024049331963001026,-0.12106885919835561,-0.07379239465570402,-0.0014388489208633096,-0.10370522651034025,0.016032887975334018,0.20751323322534884,0.08591983556012334,0.17821171634121274,0.13874614594039056,0.12106885919835561,0.11469681397738953,0.03576567317574512,0.08406988694758478,0.13915724563206577,0.14162384378211718,0.05118191161356629,0.2709146968139774,0.26712575193297755,0.13340184994861254,0.3081192189105858,-0.13381294964028778,-0.04388714739337492,0.2280692741590139,0.5068859198355602,1.0,0.46947584789311414,0.2730870038037404,0.5261318676971574,0.13463514902363824,0.3146968139773895,0.12024665981500515,-0.009660842754367936,0.18725590955806784,0.22416362638161758,0.41130524152106884,0.1971223021582734,0.05056526207605344,-0.010997481899510811,0.2,0.48920863309352525,-0.09414182939362795,-0.12949640287769784,0.011510791366906477,-0.1418293936279548,0.039260020554984586,0.0591983556012333,0.06269270298047276,0.06104830421377184,-0.03905447070914697,0.2414307007658962,-0.040187060025315205,-0.22774922918807813,-0.03391572456320658,-0.24113475304682666,0.046454265159301136,-0.1644398766700925,-0.05056526207605344,0.11531346351490238,0.09249743062692703,0.002261048304213772,0.08900308324768756,-0.017266187050359712
0.011921891058581706,-0.0972250770811922,0.06536485097636177,-0.07194244604316546,0.07831449126413156,0.20966084275436794,0.0552929085303186,-0.06803699897225077,0.24563206577595068,-0.029804727646454265,-0.1695786228160329,0.07317574511819117,0.37430626927029803,0.39527235354573487,0.4733812949640288,-0.032065775950668035,0.13381294964028778,0.04604316546762591,0.07728674203494348,0.05775950668036999,0.16813977389516957,0.19116135662898256,0.22889151579636052,-0.06495375128468654,-0.026104830421377186,-0.026721479958890033,0.13607399794450153,0.2819261014052164,0.21027749229188078,0.3052415210688592,0.10359712230215828,0.08304213771839672,0.15601233299075026,0.12415210688591984,0.14573484069886947,0.12168550873586846,0.18561151079136692,0.1603288797533402,0.04152106885919836,-0.07769784172661871,0.15046248715313465,0.0023639447073714828,0.10215827338129498,0.19127396088775342,0.023638232271325797,0.1907502569373073,0.18992805755395686,0.21377183967112026,0.2723535457348407,0.1671120246659815,0.10688591983556013,-0.04604316546762591,-0.010277492291880781,-0.06536485097636177,0.1868448098663926,0.2584922147408382,-0.06783144912641316,0.12949640287769784,-0.08345323741007195,-0.08027133984596209,0.10123850159830045,0.3907502569373073,0.46947584789311414,1.0,0.1984685752145362,0.5748496847099436,0.06700924974306269,0.17307297019527237,-0.05878725590955807,-0.12291880781089415,0.06742034943473793,-0.014080888039560572,0.2828365878725591,0.22857142857142856,-0.07584789311408018,-0.10103294118896379,0.1105858170606372,0.25755395683453236,0.07954779033915725,0.033093525179856115,-0.03473792394655704,0.01500513874614594,0.03905447070914697,-0.043782117163412126,-0.03741007194244605,-0.03699897225077081,0.15066803699897224,0.2576699731034916,0.05663189277224726,-0.10668036998972251,0.013566289825282631,-0.10998047133849298,0.19013360739979446,-0.027749229188078112,-0.027749229188078112,0.14881808838643373,0.13340184994861254,0.028365878725590956,0.24748201438848924,0.14162384378211718
-0.04923171803612784,0.4330130022676546,0.3314661600553492,0.32529934777524966,0.17297908445679153,0.09836065586758734,0.5625160601497445,0.4815252588711042,0.23505832807646002,-0.04635387230541472,-0.29713757169612853,0.09281052481549779,0.21368004550544836,0.02291998564103655,0.14954519779241338,0.4796752151870743,0.2952875280120987,0.423968344256842,0.4085513135565932,-0.006680713303441147,0.47576956740967796,0.23752505298849985,0.4763079453181211,0.09404388727151768,-0.08582147089805166,0.025386710553076355,0.02641451259975961,0.06475485661424607,0.11459992820518275,0.3195436563138235,-0.1647566680833255,-0.17380132609413815,0.30556554847893125,0.3349606870140723,0.14152834182828397,-0.2922041218720489,-0.10863867633441987,-0.18161262164893086,-0.07574901084055577,0.3123490419870407,-0.16969011790740512,-0.15911193339500462,-0.042242664118681716,-0.12190358721348546,-0.08273806475800188,0.02600339178108631,0.000308340614004976,-0.18407934656097066,-0.1875738735196937,-0.24841975468334232,-0.09075492072213127,0.44657998928387355,0.6013669775143715,0.29323192391873215,0.30823783380030767,0.07750025696371672,0.5325042403865936,0.3738116043786992,-0.23033043866171707,-0.17432418542501799,0.11285846438482885,0.2247803076096275,0.2730870038037404,0.1984685752145362,1.0,0.1517113783533765,0.44596330805586365,0.6143172833025805,0.5442211837187826,0.37586720847206573,0.5690939932485174,0.47877479699866377,0.5345598444799601,0.21080219977473524,0.373400483560026,0.14616096207215543,0.23958065708186635,0.4161570487020493,-0.3018654611108715,-0.2743203662597603,0.329821676780656,-0.1427617042843039,-0.020658821138333394,0.4835808629644707,0.2231358243349343,0.290970759416029,-0.2985764945614851,-0.04954260458423271,-0.28656593688971116,-0.11706665311722256,-0.14255614387496723,-0.23857737606675686,-0.2085410352720321,-0.16290662439929565,0.2434863048592627,-0.24040289871921294,0.020864381547670043,-0.04840947639878123,-0.17256796363811824,-0.2751426078971069
0.1526286039324631,-0.10041625996095384,0.2077187936346855,-0.05745413440959386,0.09116604154080457,0.2845983867265929,0.08088802107397204,-0.03833701634128535,0.3711393190573228,-0.09815509545825069,-0.07780461493392228,0.11644997188921259,0.48748651074186705,0.6256231058160964,0.760470734340939,-0.12405570703466867,0.021275502366343346,-0.03669253306659215,-0.006680713303441147,0.17133460118209834,0.2338249656204401,0.0035973071633913865,0.16630691746325418,-0.24800863386466904,-0.0527262449948509,0.027236754237106215,0.23156380111773697,0.2769041011409189,0.25993113760619474,0.3376329723354487,0.09733285382090409,0.007297394531451099,0.04820391598944458,-0.04244822452801836,0.012436404764867365,0.19867413562387284,0.1698956783167418,0.1676345138140386,-0.007297394531451099,-0.14913407697374007,0.21717457246417143,-0.022407236098262926,0.10247186405432035,0.3554322129715284,0.15961765784990925,0.25746441269415493,0.11501104902385605,0.2447196673152826,0.39703993063374077,0.26835911438899746,0.22621923047498405,0.029703479149146023,0.03052572078649262,-0.028264556283789464,0.2802816181305232,0.4345770377222736,-0.036898093475928796,0.24430854649660932,-0.1468729124710369,0.01192311645595642,0.14965566861959093,0.42869623367158494,0.5261318676971574,0.5748496847099436,0.1517113783533765,1.0,0.07431008797519921,0.15098412065776992,-0.15632869130052282,-0.11254432411181624,0.11994449884793566,-0.04378661732963306,0.23958065708186635,0.1664011513580187,-0.1363893315948677,-0.13074313906876348,0.12734467358405507,0.3285883143246361,0.07081556101647615,0.004830669619411291,-0.20586874995065563,-0.01983657950098679,-0.004830669619411291,-0.1910684004784168,-0.1127498845211529,-0.1472840332897102,0.10863867633441987,0.25860828451022716,0.18789186966800286,-0.1331003650454813,0.04532607025873147,-0.11666752341049937,0.13125032136145146,-0.045120509849394815,-0.11377768656783613,0.24718639222732242,0.17462356773148474,0.015725371314253778,0.3511999593516677,0.2190246161482013
0.03186022610483042,0.3001027749229188,0.255087358684481,0.24809866392600205,0.08139773895169579,0.05981500513874615,0.4600205549845838,0.33093525179856115,0.19897225077081193,-0.03247687564234327,-0.16649537512846865,0.05981500513874615,0.023843782117163412,-0.0008221993833504625,0.10483042137718397,0.34676258992805753,0.1459403905447071,0.3364850976361768,0.20863309352517986,0.2129496402877698,0.31634121274409044,0.044604316546762585,0.2564366106474717,0.08119218910585818,-0.045220966084275435,0.026927029804727647,0.14039054470709147,0.04594275148674143,0.20966084275436794,0.2104830421377184,-0.11408016443987667,-0.1683453237410072,0.20061664953751285,0.2328879753340185,0.07934224049331963,-0.049948612538540604,0.03864337101747174,-0.045837615621788286,0.01747173689619733,0.33771839671120246,0.005960945529290853,0.042242664118681716,-0.016032887975334018,-0.015108690086243824,-0.00328879753340185,0.0762589928057554,0.0565262076053443,0.012538540596094553,0.021788283658787256,-0.04604316546762591,-0.002672147995889003,0.28674203494347383,0.4446043165467626,0.2193216855087359,0.15169578622816035,0.14831183533639347,0.39527235354573487,0.2526207605344296,-0.09681397738951696,-0.08520478967004169,0.08068246066463539,0.06988694758478932,0.13463514902363824,0.06700924974306269,0.44596330805586365,0.07431008797519921,1.0,0.3512846865364851,0.3146968139773895,0.43432682425488184,0.4881808838643371,0.2617811812902246,0.25673175745118193,0.38910585817060633,0.2158273381294964,0.13083920054277814,0.3796505652620761,0.20637204522096608,-0.1484069886947585,-0.17430626927029805,0.2770811921891059,0.08263103802672148,0.002672147995889003,0.3354573484069887,0.2571428571428572,0.30729701952723537,-0.036176772867420354,0.05519296990689071,0.06300426546168343,0.18746145940390546,0.07214799588900309,-0.0121286874934039,-0.03741007194244605,-0.05303186022610483,0.22281603288797533,-0.0421377183967112,0.1471736896197328,0.15313463514902365,0.09023638232271326,-0.020143884892086333
-0.01500513874614594,0.4024665981500514,0.31346351490236385,0.34758478931140807,0.2261048304213772,0.1103802672147996,0.41438848920863314,0.3736896197327852,0.18581706063720455,-0.06947584789311408,-0.21500513874614596,0.0367934224049332,0.318191161356629,0.05220966084275437,0.14265159301130526,0.37142857142857144,0.37286742034943476,0.3578622816032888,0.4503597122302158,-0.009044193216855088,0.3607399794450154,0.2776978417266187,0.39210648080966115,0.00472764645426516,-0.1171634121274409,0.08735868448098665,0.15066803699897224,0.08767151458208151,0.1710174717368962,0.3190133607399795,-0.24275436793422406,-0.21726618705035972,0.241726618705036,0.32908530318602264,0.1644398766700925,-0.17944501541623845,-0.01274409044193217,-0.1514902363823227,-0.08324768756423433,0.15066803699897224,-0.14984583761562179,-0.12385014662533203,-0.08838643371017471,-0.017986535816956934,0.018499486125385406,0.11079136690647481,0.019527235354573486,-0.1313463514902364,-0.131551901336074,-0.15621788283658788,-0.01829393627954779,0.3903391572456321,0.5136690647482015,0.3385405960945529,0.3321685508735869,0.08499922926070505,0.459403905447071,0.30853031860226104,-0.17040082219938338,-0.12117786130395555,0.10699419305972667,0.3350462487153135,0.3146968139773895,0.17307297019527237,0.6143172833025805,0.15098412065776992,0.3512846865364851,1.0,0.49393627954779035,0.3562178828365879,0.4141829393627955,0.43959093536642746,0.4869475847893114,0.18108941418293936,0.3198355601233299,0.11069428042778638,0.2411099691675231,0.3773895169578623,-0.2906474820143885,-0.27543679342240496,0.28448098663926,-0.08263103802672148,0.10174717368961973,0.39054470709146966,0.23741007194244607,0.29537512846865366,-0.18458376156217884,0.03607585183858219,-0.2210802202415678,-0.10154162384378213,-0.04912641315519013,-0.24051804012343325,-0.13607399794450153,-0.1405960945529291,0.16238437821171636,-0.1091469681397739,0.1130524152106886,0.039671120246659815,-0.12805755395683455,-0.18663926002055498
-0.0972250770811922,0.5282631038026722,0.265775950668037,0.42569373072970196,0.14265159301130526,0.0014388489208633096,0.45303186022610487,0.5636176772867421,0.049331963001027754,-0.09044193216855087,-0.3247687564234327,-0.041726618705035974,0.0842754367934224,-0.18663926002055498,-0.12374100719424462,0.5116135662898252,0.3868448098663926,0.5408016443987668,0.5535457348406989,-0.0591983556012333,0.3044193216855087,0.3270298047276464,0.45953029507208254,0.12559095580678314,-0.10729701952723536,0.07831449126413156,-0.08119218910585818,0.0831491855766752,0.03741007194244605,0.22158273381294963,-0.17286742034943473,-0.18273381294964028,0.2388489208633094,0.43144912641315525,0.22034943473792395,-0.42569373072970196,-0.25241521068859196,-0.3521068859198356,-0.15066803699897224,0.2933196300102775,-0.3233299075025694,-0.1347448483201745,-0.18129496402877696,-0.2911763198253657,-0.16361767728674204,-0.11572456320657759,0.03638232271325797,-0.2838643371017472,-0.3724563206577595,-0.39054470709146966,-0.09928057553956836,0.4840698869475848,0.5901336073997945,0.287153134635149,0.20719424460431657,-0.09712729341156745,0.5897225077081193,0.28591983556012335,-0.2620760534429599,-0.27658153076246345,0.00010278020466832533,0.05056526207605344,0.12024665981500515,-0.05878725590955807,0.5442211837187826,-0.15632869130052282,0.3146968139773895,0.49393627954779035,1.0,0.5424460431654676,0.4322713257965057,0.7025026989080038,0.4528263103802672,0.0030832476875642346,0.433710174717369,0.14892851656440342,0.24604316546762592,0.32723535457348407,-0.31490236382322717,-0.1697841726618705,0.45837615621788286,-0.12004110996916752,0.04008221993833505,0.5944501541623843,0.3508735868448099,0.48119218910585815,-0.4024665981500514,-0.03669253306659215,-0.4056734678258801,-0.15416238437821173,-0.10709146968139774,-0.2265392138598491,-0.3013360739979445,-0.1800616649537513,0.22857142857142856,-0.38499486125385407,-0.14141829393627955,-0.016649537512846865,-0.3496402877697842,-0.4513874614594039
0.018705035971223024,0.5093525179856115,0.2813977389516958,0.43843782117163416,0.21377183967112026,0.10380267214799589,0.40452209660842753,0.43535457348406986,0.08304213771839672,-0.1956834532374101,-0.3062692702980473,-0.20452209660842754,-0.071120246659815,-0.12785200411099693,-0.046454265159301136,0.43350462487153135,0.18705035971223025,0.5810894141829394,0.38170606372045224,0.2552929085303186,0.32990750256937307,0.1301130524152107,0.3119379211683674,0.018705035971223024,-0.18910585817060638,-0.005960945529290853,0.06269270298047276,0.12385014662533203,0.08180883864337102,0.12826310380267214,-0.10955806783144913,-0.1671120246659815,0.21007194244604319,0.44624871531346355,0.191983556012333,-0.11901336073997945,-0.05960945529290853,-0.25426515930113053,-0.027749229188078112,0.2776978417266187,-0.08365878725590956,-0.046559432714751374,-0.24501541623843784,-0.18531270901699057,-0.006166495375128469,0.010071942446043166,0.13216855087358687,-0.10298047276464543,-0.14306269270298047,-0.12004110996916752,0.022816032887975332,0.4483042137718397,0.5391572456320658,0.33278520041109966,0.22816032887975335,-0.01695873377027368,0.5120246659815005,0.24480986639260022,-0.31264131551901336,-0.29919317578949506,-0.1960018503024964,-0.09455292908530319,-0.009660842754367936,-0.12291880781089415,0.37586720847206573,-0.11254432411181624,0.43432682425488184,0.3562178828365879,0.5424460431654676,1.0,0.5054470709146969,0.4605580971187658,0.2838643371017472,0.06639260020554985,0.18499486125385406,0.01038080067150086,0.2945529290853032,0.1788283658787256,-0.1393627954779034,-0.09866392600205551,0.32312435765673175,0.12004110996916752,0.14080164439876672,0.4258992805755396,0.38252826310380267,0.5551901336073999,-0.1603288797533402,0.11254432411181624,-0.04388714739337491,0.07194244604316546,0.1773895169578623,-0.033713639812173554,-0.10030832476875642,-0.11469681397738953,0.20349434737923947,-0.21397738951695788,0.05878725590955807,0.20986639260020556,-0.10462487153134635,-0.15210688591983557
0.08324768756423433,0.4073997944501541,0.3648509763617678,0.35991778006166497,0.15457348406988697,0.2180883864337102,0.5726618705035971,0.4616649537512847,0.2881808838643371,-0.14265159301130526,-0.31325796505652626,-0.06187050359712231,0.07194244604316546,0.06659815005138746,0.18663926002055498,0.3944501541623844,0.19897225077081193,0.46844809866392606,0.33607399794450155,0.29516957862281606,0.5843782117163412,0.06680369989722508,0.4784418527310544,0.0006166495375128469,-0.09784172661870505,-0.04501541623843783,0.04501541623843783,0.12056118007594561,0.24295991778006165,0.2355601233299075,0.013771839671120247,-0.12271325796505653,0.20020554984583763,0.29619732785200414,0.06002055498458376,-0.11695786228160329,-0.07523124357656732,-0.17903391572456323,-0.052826310380267215,0.36443987667009253,-0.08078108941418294,-0.16989567831674177,-0.12661870503597122,-0.13721157323221433,-0.071120246659815,0.012538540596094553,0.026515930113052415,-0.09886947584789312,-0.03905447070914697,-0.10154162384378213,0.0762589928057554,0.4145940390544708,0.539568345323741,0.28756423432682426,0.2602261048304214,0.18921835679438692,0.5001027749229188,0.39157245632065774,-0.3183967112024666,-0.24924199632068894,-0.08623259171672495,0.015621788283658787,0.18725590955806784,0.06742034943473793,0.5690939932485174,0.11994449884793566,0.4881808838643371,0.4141829393627955,0.4322713257965057,0.5054470709146969,1.0,0.33824965356345865,0.4326824254881809,0.244398766700925,0.1944501541623844,0.02106994195700669,0.31510791366906477,0.3494347379239466,-0.15704008221993834,-0.12456320657759508,0.2581706063720452,-0.07440904419321687,-0.0006166495375128469,0.3514902363823227,0.22713257965056527,0.26906474820143883,-0.22898252826310384,0.0035973071633913865,-0.05190400335750429,-0.012332990750256938,0.012949640287769786,-0.10525233892581011,-0.12744090441932168,-0.14388489208633093,0.19609455292908531,-0.21849948612538542,0.04193216855087359,0.08119218910585818,-0.012538540596094553,-0.1405960945529291
-0.11459992820518275,0.4215016193448022,0.25438100655410517,0.39457320572170096,0.14543398960568035,-0.02703119382776956,0.36394470473054,0.4700138759482518,0.017780975407620282,-0.042242664118681716,-0.21450228714279498,0.10843311592508323,0.17277352404745489,-0.1185055759825791,-0.02600339178108631,0.40649570946322666,0.35325556344503417,0.4235572234381687,0.4819363796897775,-0.13207256299879805,0.2654812686582843,0.3863507893482349,0.5036488847774694,0.13680045241354102,-0.07513232961254582,0.24081401953788623,-0.007297394531451099,0.23558433549182853,0.07924353779927883,0.38182846034282864,-0.19826301480519956,-0.20915771650004206,0.18387378615163402,0.31995477713249676,0.24944755673002558,-0.4138958841993461,-0.2081299144533588,-0.2948764071934254,-0.16249550358062237,0.21409116632412165,-0.3115268003496941,-0.03330249768732655,-0.10493858896636017,-0.17740775002569636,-0.06218202382433683,-0.09157716235947787,0.04039262043465185,-0.2564366106474717,-0.3425664221595283,-0.3734004835600259,-0.06444318832703998,0.4295184753089316,0.48995323565390686,0.23300272398309352,0.22663035129365736,-0.10607462226333642,0.49324220220329323,0.26075337924354136,-0.19332956498111997,-0.17247404666461097,0.13588241340322746,0.16927899708873181,0.22416362638161758,-0.014080888039560572,0.47877479699866377,-0.04378661732963306,0.2617811812902246,0.43959093536642746,0.7025026989080038,0.4605580971187658,0.33824965356345865,1.0,0.505781387172829,0.03566473101990889,0.47124723840427163,0.21112138965978003,0.2757592891251169,0.48522534623916386,-0.26671463111430427,-0.1489285165644034,0.4143070050180194,-0.13577265036685776,0.04738167435209798,0.5643661038337744,0.3927231620376711,0.4420576602784672,-0.3528444426263609,0.08407852811183061,-0.39757426251413297,-0.21265224345876513,-0.08253250434866524,-0.22706480987999395,-0.22251914310692436,-0.15283416434179978,0.26342566456491784,-0.2601366980155314,-0.13125032136145146,-0.02004213991032344,-0.33948301601947856,-0.4326018814489814
-0.045837615621788286,0.26392600205549843,0.31593011305241525,0.21397738951695788,0.09537512846865365,0.08489208633093526,0.2672147995889003,0.30421377183967113,0.15868448098663926,-0.002877697841726619,-0.1722507708119219,0.13586844809866394,0.3350462487153135,0.12620760534429598,0.19897225077081193,0.29784172661870506,0.4086330935251799,0.3632065775950668,0.49640287769784175,-0.06084275436793423,0.38417266187050364,0.26865364850976364,0.6891412723011213,0.009660842754367936,0.0020554984583761563,0.19177800616649537,0.010894141829393628,0.1805848196022476,0.15621788283658788,0.4587872559095581,-0.1276464542651593,-0.24563206577595068,0.1381294964028777,0.23987667009249744,0.09496402877697843,-0.2534429599177801,-0.18088386433710174,-0.23699897225077082,-0.2135662898252826,0.06639260020554985,-0.27810894141829395,-0.08972711867544803,-0.15210688591983557,-0.0827380647580019,-0.13114080164439876,-0.09064748201438848,-0.026927029804727647,-0.11778006166495375,-0.14141829393627955,-0.2779033915724563,-0.026515930113052415,0.30483042137718397,0.38252826310380267,0.12106885919835561,0.2943473792394656,0.07903797738994219,0.3381294964028777,0.2916752312435766,-0.16875642343268246,-0.0952772497275376,0.15715093293786944,0.2655704008221994,0.41130524152106884,0.2828365878725591,0.5345598444799601,0.23958065708186635,0.25673175745118193,0.4869475847893114,0.4528263103802672,0.2838643371017472,0.4326824254881809,0.505781387172829,1.0,0.0984583761562179,0.32147995889003084,0.17482912814082138,0.2616649537512847,0.6067831449126414,-0.13854059609455294,-0.15868448098663926,0.2552929085303186,-0.22322713257965057,-0.044193216855087356,0.3547790339157246,0.30935251798561153,0.24974306269270297,-0.29352517985611515,0.07348784633785262,-0.27781489321848335,-0.24337101747173692,-0.11366906474820143,-0.2203720846259149,-0.18705035971223025,-0.10976361767728675,0.09948612538540597,-0.18232271325796506,-0.11140801644398766,0.02816032887975334,-0.1260020554984584,-0.3165467625899281
0.024049331963001026,-0.034532374100719423,0.025693730729701953,0.039260020554984586,-0.04234326824254882,0.002261048304213772,0.1969167523124358,-0.030421377183967115,0.08509763617677288,0.07235354573484071,-0.0020554984583761563,0.1802672147995889,0.05796505652620761,0.11387461459403907,0.17553956834532375,0.033093525179856115,0.044809866392600206,-0.03391572456320658,-0.026515930113052415,0.11798561151079136,0.16505652620760536,0.05405960945529291,0.14831183533639347,0.15724563206577596,-0.09373072970195273,-0.022404933196300103,0.24727646454265162,0.08047690025529874,0.3967112024665982,0.2211716341212744,0.1079136690647482,-0.024049331963001026,0.07769784172661871,-0.010071942446043166,0.026721479958890033,0.1272353545734841,0.3001027749229188,0.22261048304213774,0.1971223021582734,0.2896197327852004,0.14532374100719425,0.12076674048528227,0.20966084275436794,0.1423505834656306,0.10113052415210688,0.19547790339157248,0.08078108941418294,0.1868448098663926,0.15457348406988697,0.10894141829393629,0.08735868448098665,-0.05570400822199383,0.06269270298047276,0.04008221993833505,-0.03699897225077081,0.11007759919977644,-0.002261048304213772,0.014182939362795478,0.05775950668036999,0.021686623185016643,0.14296726469364052,0.21541623843782118,0.1971223021582734,0.22857142857142856,0.21080219977473524,0.1664011513580187,0.38910585817060633,0.18108941418293936,0.0030832476875642346,0.06639260020554985,0.244398766700925,0.03566473101990889,0.0984583761562179,1.0,0.06659815005138746,0.006475152894104496,0.3171634121274409,0.09866392600205551,0.004933196300102775,-0.06906474820143885,0.1710174717368962,0.17965056526207604,0.1079136690647482,0.15580678314491267,0.12970195272353546,0.0433710174717369,0.2540596094552929,0.13207256299879805,0.19785189398652628,0.334224049331963,0.1461459403905447,0.15191695012924544,0.3009249743062693,0.06125385405960946,0.23391572456320658,0.19095580678314492,0.3391572456320658,0.2776978417266187,0.19547790339157248,0.1685508735868448
-0.10113052415210688,0.26372045220966084,0.20226104830421376,0.20349434737923947,0.024049331963001026,-0.0961973278520041,0.21767728674203493,0.3405960945529291,0.007605344295991779,0.3035971223021583,0.047482014388489216,0.34532374100719426,0.020349434737923947,-0.26002055498458376,-0.20986639260020556,0.35847893114080165,0.3311408016443988,0.20472764645426517,0.2458376156217883,-0.2896197327852004,0.11017471736896198,0.1800616649537513,0.25746441269415493,0.3243576567317575,0.1761562178828366,0.3716341212744091,-0.048509763617677296,-0.009147438215480955,-0.005549845837615622,0.13381294964028778,-0.29105858170606375,-0.26598150051387465,0.09558067831449128,0.08057553956834533,0.032682425488180886,-0.3243576567317575,-0.21849948612538542,-0.3638232271325797,-0.26844809866392605,0.18088386433710174,-0.47029804727646457,0.05683745318158391,-0.16341212744090444,-0.19189064211576337,-0.16012332990750258,-0.2906474820143885,-0.2750256937307297,-0.42795477903391577,-0.3225077081192189,-0.5140801644398767,-0.17841726618705034,0.22898252826310384,0.3070914696813977,0.1249743062692703,0.11366906474820143,-0.07410452756586257,0.32312435765673175,0.1882836587872559,0.1685508735868448,0.12652243194670848,0.39210648080966115,0.10339157245632066,0.05056526207605344,-0.07584789311408018,0.373400483560026,-0.1363893315948677,0.2158273381294964,0.3198355601233299,0.433710174717369,0.18499486125385406,0.1944501541623844,0.47124723840427163,0.32147995889003084,0.06659815005138746,1.0,0.587594430088816,0.22404933196300103,0.3496402877697842,-0.25673175745118193,-0.22589928057553957,0.4717368961973279,-0.194655704008222,-0.054265159301130524,0.5231243576567317,0.3210688591983556,0.2010277492291881,-0.30400822199383354,-0.0977439746395774,-0.39724549104307744,-0.1683453237410072,-0.3247687564234327,-0.25758043100398453,-0.299486125385406,-0.0006166495375128469,0.17040082219938338,-0.21541623843782118,-0.2612538540596095,-0.11798561151079136,-0.31243576567317577,-0.5017471736896197
-0.018192096226293582,0.05539853031622735,0.06629323201106983,-0.000308340614004976,-0.11254432411181624,-0.11603885107053931,0.027442314646442863,0.0997995787329439,-0.025181150143739707,0.4994090144833928,0.25170872123272875,0.4365075292263777,-0.055809651134900655,-0.2706202788917006,-0.24554190895262923,0.1781180946902078,0.12446682785334198,0.02641451259975961,0.0531373658135242,-0.31132123994035743,-0.07389896715652591,-0.000925021842014928,0.08469524103196628,0.28274834304256297,0.45788581179738935,0.4841975441924806,-0.0077085153501244,-0.0425531914893617,-0.07801017534325892,0.043476026574701614,-0.27637597035312683,-0.23608613012314328,0.01963101909165014,-0.098566216276924,-0.115627730251866,-0.16331774521796893,-0.2280692741590139,-0.29076519900669234,-0.2114188810027452,0.011408602718184111,-0.38840639344160144,0.18665844382773153,-0.17030679913541508,-0.05385959502518244,-0.2118300018214185,-0.290970759416029,-0.36209466104651017,-0.31748805222045695,-0.22436918679095422,-0.4130736425619995,-0.1390616169162442,0.05765969481893051,0.10904979715309318,-0.03525361020123559,0.02333110645970985,-0.05899886935964641,0.11603885107053931,0.05560409072556401,0.39251760162833443,0.35460992907801414,0.44053859595025185,-0.0011305822513515786,-0.010997481899510811,-0.10103294118896379,0.14616096207215543,-0.13074313906876348,0.13083920054277814,0.11069428042778638,0.14892851656440342,0.01038080067150086,0.02106994195700669,0.21112138965978003,0.17482912814082138,0.006475152894104496,0.587594430088816,1.0,0.11912225721058907,0.23711393216982654,-0.1261113111280352,-0.17544580936883133,0.295698648830772,-0.17832365509954445,-0.1164499718892126,0.30289326315755477,0.20936327690937867,0.06464874873637663,-0.19559072948382308,-0.04954260458423271,-0.22448350292938635,-0.08253250434866524,-0.29323192391873215,-0.14318754194786398,-0.18037925919291095,0.1152166094331927,0.0889048770381014,-0.048615036808117885,-0.27473148707843364,-0.11048872001844973,-0.19374068579979326,-0.36168354022783683
0.19671120246659815,0.12004110996916752,0.3142857142857143,0.15642343268242548,0.07317574511819117,0.15847893114080164,0.21788283658787258,0.1434737923946557,0.1537512846865365,0.06166495375128469,-0.16115107913669066,0.12846865364850976,0.12415210688591984,0.08591983556012334,0.15169578622816035,0.14080164439876672,0.19033915724563208,0.1712230215827338,0.10996916752312436,0.13566289825282632,0.2131551901336074,0.08735868448098665,0.28130942017720645,0.12846865364850976,0.01932168550873587,0.16464542651593014,0.22055498458376155,0.22087465983223112,0.49660842754367934,0.26433710174717373,0.045837615621788286,-0.02487153134635149,0.09167523124357657,0.09023638232271326,0.13854059609455294,0.054470709146968145,0.09126413155190133,-0.045837615621788286,-0.025693730729701953,0.22672147995889005,-0.029804727646454265,0.08582147089805166,-0.09331963001027749,0.011408602718184111,0.08633093525179857,0.045837615621788286,0.02487153134635149,0.07297019527235354,0.09373072970195273,-0.04604316546762591,0.21521068859198358,0.20781089414182938,0.2394655704008222,0.07050359712230216,0.14758478931140803,0.21039107895606193,0.1708119218910586,0.1736896197327852,-0.021993833504624874,-0.14872295615506675,0.06690991323907979,0.131551901336074,0.2,0.1105858170606372,0.23958065708186635,0.12734467358405507,0.3796505652620761,0.2411099691675231,0.24604316546762592,0.2945529290853032,0.31510791366906477,0.2757592891251169,0.2616649537512847,0.3171634121274409,0.22404933196300103,0.11912225721058907,1.0,0.3223021582733813,-0.02548818088386434,0.12045220966084276,0.4073997944501541,0.20596094552929087,0.11408016443987667,0.33093525179856115,0.41253854059609457,0.3142857142857143,0.09208633093525181,0.28665399081995935,0.12200010294130216,0.15991778006166496,0.22754367934224048,0.08017268004114442,0.12374100719424462,0.0,0.23144912641315518,0.020349434737923947,0.15704008221993834,0.3681397738951696,0.09352517985611512,-0.06002055498458376
-0.016855087358684483,0.1963001027749229,0.318191161356629,0.18705035971223025,0.08653648509763619,0.10894141829393629,0.2809866392600206,0.2957862281603289,0.18972250770811921,0.12353545734840699,-0.13751284686536486,0.30421377183967113,0.38252826310380267,0.17697841726618704,0.29290853031860226,0.21377183967112026,0.24398766700924973,0.23391572456320658,0.2725590955806783,-0.08612538540596094,0.3297019527235355,0.22446043165467625,0.5586104123723482,0.06700924974306269,0.09763617677286741,0.3038026721479959,0.1064748201438849,0.33290508292070575,0.23576567317574512,0.5646454265159301,-0.10729701952723536,-0.16813977389516957,0.09146968139773896,0.08756423432682425,0.0947584789311408,-0.22774922918807813,-0.22178828365878725,-0.1907502569373073,-0.1923946557040082,0.07440904419321687,-0.2606372045220966,-0.04923171803612784,-0.118191161356629,-0.006064032075431195,-0.016238437821171636,-0.06865364850976362,-0.046454265159301136,-0.14799588900308325,-0.11325796505652622,-0.2633093525179856,0.022610483042137718,0.28160328879753344,0.3165467625899281,0.08057553956834533,0.28838643371017475,0.17051235954475172,0.3050359712230216,0.3297019527235355,-0.08509763617677288,-0.0560152115442373,0.2819261014052164,0.29249743062692707,0.48920863309352525,0.25755395683453236,0.4161570487020493,0.3285883143246361,0.20637204522096608,0.3773895169578623,0.32723535457348407,0.1788283658787256,0.3494347379239466,0.48522534623916386,0.6067831449126414,0.09866392600205551,0.3496402877697842,0.23711393216982654,0.3223021582733813,1.0,-0.06474820143884892,-0.0881808838643371,0.2785200411099692,-0.20822199383350465,-0.06166495375128469,0.30318602261048305,0.3313463514902364,0.18581706063720455,-0.2682425488180884,0.21923017655753793,-0.23875841544451976,-0.28838643371017475,-0.08920863309352517,-0.23825675940432406,-0.0709146968139774,-0.08612538540596094,0.12682425488180885,-0.12045220966084276,-0.11983556012332991,-0.021788283658787256,-0.12004110996916752,-0.31099691675231245
0.047687564234326824,-0.20493319630010276,-0.10154162384378213,-0.14265159301130526,-0.0421377183967112,0.02959917780061665,-0.2554984583761562,-0.2628982528263104,-0.0869475847893114,0.11695786228160329,0.11408016443987667,0.04439876670092498,-0.12024665981500515,0.11736896197327853,0.06228160328879754,-0.15334018499486127,-0.1103802672147996,-0.14511819116135663,-0.22857142857142856,0.08571428571428572,-0.0041109969167523125,-0.1405960945529291,-0.07862685657126889,0.06618705035971223,0.0433710174717369,-0.07235354573484071,-0.017266187050359712,0.08294362516733854,0.008427543679342241,-0.0696813977389517,0.36628982528263104,0.2010277492291881,-0.0565262076053443,-0.1603288797533402,-0.033504624871531344,0.19157245632065778,0.0302158273381295,0.23514902363823229,0.09126413155190133,-0.09331963001027749,0.09866392600205551,0.0531373658135242,0.027338129496402876,0.007502954940787749,0.07831449126413156,-0.06742034943473793,-0.008633093525179856,0.09167523124357657,0.15601233299075026,0.11161356628982529,0.15662898252826313,-0.2330935251798561,-0.2922918807810894,-0.16608427543679344,-0.09064748201438848,0.04840947639878123,-0.2820143884892086,-0.24542651593011305,0.12250770811921892,0.07759905452458563,-0.07965465861795212,-0.1815005138746146,-0.09414182939362795,0.07954779033915725,-0.3018654611108715,0.07081556101647615,-0.1484069886947585,-0.2906474820143885,-0.31490236382322717,-0.1393627954779034,-0.15704008221993834,-0.26671463111430427,-0.13854059609455294,0.004933196300102775,-0.25673175745118193,-0.1261113111280352,-0.02548818088386434,-0.06474820143884892,1.0,0.30688591983556013,-0.0894141829393628,0.14121274409044193,0.05632065775950668,-0.20698869475847895,0.0041109969167523125,-0.11469681397738953,0.23453237410071942,0.19209620252510007,0.19476848784647652,0.17944501541623845,0.2092497430626927,0.2448350305871872,0.3389516957862282,0.31634121274409044,0.03843782117163413,0.09249743062692703,0.02158273381294964,0.13607399794450153,0.17800616649537512,0.17410071942446043
0.16937307297019527,-0.23494347379239466,-0.06618705035971223,-0.19033915724563208,-0.06433710174717369,0.07810894141829394,-0.14039054470709147,-0.2234326824254882,-0.0709146968139774,-0.06885919835560124,-0.0696813977389517,-0.0591983556012333,-0.14984583761562179,0.13216855087358687,0.048304213771839674,-0.21911613566289825,-0.10010277492291882,-0.13689619732785202,-0.2219938335046249,0.16752312435765676,-0.09331963001027749,-0.12620760534429598,-0.10904979715309318,0.14470709146968141,0.0696813977389517,-0.012332990750256938,-0.015210688591983558,0.2157356495988149,0.16505652620760536,-0.05159301130524152,0.3329907502569373,0.5414182939362795,-0.1013360739979445,-0.0748201438848921,0.12641315519013363,0.20143884892086333,0.1194244604316547,0.22528263103802673,0.21336073997944502,0.017677286742034944,0.18293936279547793,-0.015930931723590426,0.1527235354573484,-0.017986535816956934,-0.008016443987667009,0.055498458376156225,0.1171634121274409,0.18376156217882836,0.1354573484069887,0.15806783144912642,0.35847893114080165,-0.1775950668036999,-0.22939362795477905,-0.18335046248715314,-0.1473792394655704,0.01428644844889722,-0.2918807810894142,-0.20842754367934224,0.004522096608427544,-0.17030679913541508,-0.23094711988972705,-0.1868448098663926,-0.12949640287769784,0.033093525179856115,-0.2743203662597603,0.004830669619411291,-0.17430626927029805,-0.27543679342240496,-0.1697841726618705,-0.09866392600205551,-0.12456320657759508,-0.1489285165644034,-0.15868448098663926,-0.06906474820143885,-0.22589928057553957,-0.17544580936883133,0.12045220966084276,-0.0881808838643371,0.30688591983556013,1.0,0.06515930113052415,0.2986639260020555,0.17923946557040082,-0.09352517985611512,0.014388489208633093,-0.06002055498458376,0.22713257965056527,0.22046353901355784,0.2235469451536076,0.16752312435765676,0.36628982528263104,0.3204851491901132,0.32538540596094556,0.010894141829393628,0.18273381294964028,0.03247687564234327,0.08119218910585818,0.18540596094552927,0.09948612538540597,0.17286742034943473
-0.10441932168550874,0.24933196300102775,0.120863309352518,0.202672147995889,0.035149023638232274,-0.07235354573484071,0.23617677286742036,0.23699897225077082,-0.10421377183967112,0.20205549845837614,-0.21726618705035972,0.13730729701952724,-0.07831449126413156,-0.29085303186022615,-0.2024665981500514,0.35354573484069884,0.27112024665981505,0.28448098663926,0.19938335046248715,-0.1013360739979445,0.14552929085303187,0.23227132579650567,0.28953183655067244,0.4937307297019527,0.11161356628982529,0.1800616649537513,0.09948612538540597,0.1513952414764432,0.19383350462487153,0.1461459403905447,-0.1130524152106886,-0.024665981500513877,0.244398766700925,0.2865364850976362,0.3237410071942446,-0.2219938335046249,-0.12394655704008223,-0.12250770811921892,0.018088386433710177,0.30873586844809864,-0.22487153134635152,-0.012230844355530714,-0.04049331963001028,-0.26877023520767074,-0.0869475847893114,-0.08386433710174718,0.03494347379239466,-0.19157245632065778,-0.31593011305241525,-0.38088386433710175,-0.05179856115107914,0.17965056526207604,0.27995889003083246,0.12867420349434738,-0.0010277492291880781,-0.13967829814425411,0.22774922918807813,-0.0073997944501541625,0.008633093525179856,-0.22251914310692436,0.030936841605165924,-0.03144912641315519,0.011510791366906477,-0.03473792394655704,0.329821676780656,-0.20586874995065563,0.2770811921891059,0.28448098663926,0.45837615621788286,0.32312435765673175,0.2581706063720452,0.4143070050180194,0.2552929085303186,0.1710174717368962,0.4717368961973279,0.295698648830772,0.4073997944501541,0.2785200411099692,-0.0894141829393628,0.06515930113052415,1.0,0.12271325796505653,0.12990750256937308,0.6653648509763619,0.5619732785200412,0.40452209660842753,-0.14121274409044193,0.14728403328971018,-0.2422529424032428,0.11695786228160329,0.10113052415210688,-0.003494706565896039,0.06187050359712231,-0.048304213771839674,0.4552929085303186,-0.26762589928057556,0.024049331963001026,0.18992805755395686,-0.3029804727646454,-0.35991778006166497
0.008633093525179856,-0.16382322713257966,-0.07564234326824255,-0.06289825282631038,-0.008016443987667009,-0.0020554984583761563,-0.03227132579650565,-0.23617677286742036,-0.08448098663926003,-0.023638232271325797,-0.04542651593011306,-0.10770811921891059,-0.1880781089414183,0.06721479958890031,0.028982528263103807,-0.14552929085303187,-0.10462487153134635,-0.12045220966084276,-0.2104830421377184,0.24234326824254881,-0.021377183967112023,-0.18992805755395686,-0.20895215609070542,0.12456320657759508,-0.1699897225077081,-0.16320657759506682,0.17183967112024667,0.07122668183514946,0.18848920863309354,-0.1272353545734841,0.24337101747173692,0.2520041109969168,0.010071942446043166,0.04234326824254882,0.13299075025693732,0.2795477903391573,0.38170606372045224,0.24254881808838644,0.2853031860226105,0.09044193216855087,0.3268242548818089,0.054370728269544095,0.1091469681397739,0.07986021902728878,0.19013360739979446,0.15745118191161359,0.19979445015416242,0.2170606372045221,0.13216855087358687,0.23741007194244607,0.1500513874614594,-0.2211716341212744,-0.15292908530318602,-0.07810894141829394,-0.10709146968139774,-0.01963101909165014,-0.24008221993833503,-0.18252826310380266,0.006166495375128469,-0.1392671773255808,-0.18860167556637697,-0.06228160328879754,-0.1418293936279548,0.01500513874614594,-0.1427617042843039,-0.01983657950098679,0.08263103802672148,-0.08263103802672148,-0.12004110996916752,0.12004110996916752,-0.07440904419321687,-0.13577265036685776,-0.22322713257965057,0.17965056526207604,-0.194655704008222,-0.17832365509954445,0.20596094552929087,-0.20822199383350465,0.14121274409044193,0.2986639260020555,0.12271325796505653,1.0,0.5048304213771839,0.061459403905447074,0.18663926002055498,0.26392600205549843,0.4565262076053443,0.22416362638161758,0.36949483578262954,0.5667009249743064,0.4776978417266188,0.22756706873217145,0.3854059609455293,0.17410071942446043,0.24768756423432683,0.23144912641315518,0.31181911613566293,0.45755395683453237,0.16279547790339158,0.3060637204522097
0.021993833504624874,-0.023021582733812954,0.0030832476875642346,0.1103802672147996,0.15662898252826313,0.10174717368961973,0.03247687564234327,-0.09825282631038026,0.022610483042137718,-0.06824254881808839,-0.07153134635149024,-0.07995889003083248,-0.028365878725590956,0.09825282631038026,0.016855087358684483,-0.06392600205549846,0.12332990750256938,-0.022404933196300103,0.02857142857142857,0.18910585817060638,0.019527235354573486,-0.04131551901336074,-0.03751477470393875,0.07872559095580679,-0.2569373072970195,-0.03638232271325797,0.1934224049331963,0.10904979715309318,0.10400822199383351,-0.06330935251798561,0.17410071942446043,0.1103802672147996,0.07728674203494348,0.13915724563206577,0.13895169578622815,0.11695786228160329,0.23473792394655707,0.08859198355601235,0.11901336073997945,0.018705035971223024,0.118191161356629,-0.11891669680125241,0.028365878725590956,0.05704301359092056,0.19609455292908531,0.11613566289825283,0.18972250770811921,0.12353545734840699,0.07029804727646455,0.09784172661870505,0.18520041109969168,-0.12189105858170607,-0.012538540596094553,0.07995889003083248,0.05056526207605344,0.02250886482236325,-0.11366906474820143,-0.016238437821171636,-0.11243576567317576,-0.20216866258259591,-0.09363276645284438,0.07070914696813978,0.039260020554984586,0.03905447070914697,-0.020658821138333394,-0.004830669619411291,0.002672147995889003,0.10174717368961973,0.04008221993833505,0.14080164439876672,-0.0006166495375128469,0.04738167435209798,-0.044193216855087356,0.1079136690647482,-0.054265159301130524,-0.1164499718892126,0.11408016443987667,-0.06166495375128469,0.05632065775950668,0.17923946557040082,0.12990750256937308,0.5048304213771839,1.0,0.18992805755395686,0.23741007194244607,0.3064748201438849,0.28448098663926,0.22436918679095422,0.19990749807989275,0.28776978417266186,0.3019527235354574,-0.07688354444971286,0.21377183967112026,0.07194244604316546,0.18417266187050363,0.20411099691675233,0.2219938335046249,0.3331963001027749,0.07338129496402879,0.11551901336073998
-0.13442959917780062,0.3385405960945529,0.1710174717368962,0.2984583761562179,0.09969167523124357,-0.06248715313463515,0.3578622816032888,0.36526207605344296,-0.033093525179856115,0.12970195272353546,-0.2316546762589928,0.12168550873586846,-0.048304213771839674,-0.2949640287769784,-0.17985611510791366,0.4065775950668037,0.30935251798561153,0.35806783144912646,0.3223021582733813,-0.1272353545734841,0.22528263103802673,0.24501541623843784,0.3503777177143211,0.3827338129496403,0.044193216855087356,0.15950668036998975,0.08263103802672148,0.08150470230198198,0.12065775950668037,0.20369989722507706,-0.17307297019527237,-0.12661870503597122,0.29907502569373073,0.35313463514902366,0.2846865364850976,-0.3420349434737924,-0.14820143884892087,-0.23514902363823229,-0.054265159301130524,0.3247687564234327,-0.29023638232271326,-0.05293180540418755,-0.09681397738951696,-0.24985867754869887,-0.06474820143884892,-0.11017471736896198,0.028776978417266185,-0.26515930113052416,-0.38252826310380267,-0.43350462487153135,-0.0974306269270298,0.2655704008221994,0.4258992805755396,0.18417266187050363,0.1013360739979445,-0.1680456346327119,0.3621788283658787,0.12620760534429598,-0.08715313463514902,-0.21306336427743838,0.07636569206856572,0.01788283658787256,0.0591983556012333,-0.043782117163412126,0.4835808629644707,-0.1910684004784168,0.3354573484069887,0.39054470709146966,0.5944501541623843,0.4258992805755396,0.3514902363823227,0.5643661038337744,0.3547790339157246,0.15580678314491267,0.5231243576567317,0.30289326315755477,0.33093525179856115,0.30318602261048305,-0.20698869475847895,-0.09352517985611512,0.6653648509763619,0.061459403905447074,0.18992805755395686,1.0,0.5081192189105858,0.5237410071942447,-0.21973278520041112,0.03587029142924554,-0.3261215894125963,0.047893114080164445,-0.006988694758478932,-0.13115428170833368,-0.10503597122302159,-0.10709146968139774,0.4372045220966085,-0.26351490236382324,-0.033504624871531344,0.11140801644398766,-0.3593011305241521,-0.41870503597122305
-0.06269270298047276,0.16238437821171636,0.1260020554984584,0.178622816032888,0.05179856115107914,-0.10051387461459405,0.12045220966084276,0.09907502569373072,-0.16361767728674204,0.15334018499486127,-0.14265159301130526,0.1301130524152107,-0.04193216855087359,-0.16937307297019527,-0.12744090441932168,0.22219938335046252,0.27995889003083246,0.21151079136690648,0.22672147995889005,-0.044809866392600206,0.11079136690647481,0.15683453237410072,0.3382496535634587,0.30154162384378214,0.0012332990750256938,0.2234326824254882,0.10626927029804728,0.213885605914785,0.15704008221993834,0.1771839671120247,-0.10626927029804728,-0.16341212744090444,0.14758478931140803,0.18067831449126415,0.19403905447070918,-0.17163412127440908,-0.1512846865364851,-0.18355601233299076,-0.08448098663926003,0.16423432682425487,-0.27029804727646456,0.024975589734403055,-0.23514902363823229,-0.2689757956170074,-0.013566289825282631,-0.1724563206577595,-0.0010277492291880781,-0.08242548818088387,-0.2170606372045221,-0.3510791366906475,-0.0367934224049332,0.08324768756423433,0.18972250770811921,0.08078108941418294,0.016855087358684483,-0.09568837054621088,0.13586844809866394,-0.04049331963001028,-0.06187050359712231,-0.17092348036342503,0.032992445698532435,-0.013566289825282631,0.06269270298047276,-0.03741007194244605,0.2231358243349343,-0.1127498845211529,0.2571428571428572,0.23741007194244607,0.3508735868448099,0.38252826310380267,0.22713257965056527,0.3927231620376711,0.30935251798561153,0.12970195272353546,0.3210688591983556,0.20936327690937867,0.41253854059609457,0.3313463514902364,0.0041109969167523125,0.014388489208633093,0.5619732785200412,0.18663926002055498,0.23741007194244607,0.5081192189105858,1.0,0.5280575539568345,-0.07399794450154162,0.2922041218720489,-0.1018551828263104,0.11593011305241523,0.17780061664953753,-0.052626169462905055,0.07810894141829394,0.09331963001027749,0.2626927029804728,-0.1551901336073998,0.00945529290853032,0.3837615621788284,-0.15724563206577596,-0.3157245632065776
-0.09023638232271326,0.27995889003083246,0.15436793422404932,0.2809866392600206,0.1418293936279548,-0.0067831449126413155,0.28941418293936283,0.2392600205549846,-0.03864337101747174,-0.03864337101747174,-0.2565262076053443,-0.08448098663926003,-0.060431654676259,-0.15662898252826313,-0.1093525179856115,0.28427543679342243,0.22692702980472765,0.35745118191161357,0.3319630010277492,0.05467625899280575,0.14902363823227133,0.18067831449126415,0.24492522772461928,0.07749229188078109,-0.14470709146968141,0.03103802672147996,0.04912641315519013,0.1281669152214017,0.06248715313463515,0.13854059609455294,-0.08982528263103802,-0.11778006166495375,0.22322713257965057,0.3669064748201439,0.2392600205549846,-0.18766700924974308,-0.09085303186022611,-0.22795477903391573,-0.05940390544707092,0.20822199383350465,-0.1749229188078109,-0.021069941957006694,-0.26104830421377184,-0.19949637726121947,0.00945529290853032,-0.08571428571428572,0.1445015416238438,-0.128879753340185,-0.21459403905447072,-0.2211716341212744,-0.04912641315519013,0.22302158273381295,0.31551901336074,0.1527235354573484,0.15950668036998975,-0.10041625996095385,0.2850976361767729,0.14244604316546763,-0.20205549845837614,-0.27123696011971055,-0.07718793370591233,-0.05303186022610483,0.06104830421377184,-0.03699897225077081,0.290970759416029,-0.1472840332897102,0.30729701952723537,0.29537512846865366,0.48119218910585815,0.5551901336073999,0.26906474820143883,0.4420576602784672,0.24974306269270297,0.0433710174717369,0.2010277492291881,0.06464874873637663,0.3142857142857143,0.18581706063720455,-0.11469681397738953,-0.06002055498458376,0.40452209660842753,0.26392600205549843,0.3064748201438849,0.5237410071942447,0.5280575539568345,1.0,-0.0789311408016444,0.18284598410495076,-0.09322164563417107,0.12415210688591984,0.15642343268242548,-0.10319662918116537,-0.040287769784172665,-0.010688591983556012,0.23144912641315518,-0.1510791366906475,0.0041109969167523125,0.2698869475847893,-0.1658787255909558,-0.22898252826310384
0.1130524152106886,-0.3434737923946557,-0.1747173689619733,-0.18211716341212744,0.02487153134635149,0.0748201438848921,-0.22384378211716344,-0.40143884892086334,0.010483042137718397,-0.016238437821171636,0.15847893114080164,-0.025077081192189106,-0.052826310380267215,0.18972250770811921,0.10873586844809867,-0.3613566289825283,-0.15847893114080164,-0.2840698869475848,-0.31613566289825284,0.23823227132579652,-0.1907502569373073,-0.15662898252826313,-0.32324374368188313,-0.04193216855087359,-0.1379239465570401,-0.07276464542651594,0.2561151079136691,0.10247186405432036,0.19547790339157248,-0.1103802672147996,0.2211716341212744,0.1710174717368962,-0.11284686536485097,-0.14018499486125385,0.002261048304213772,0.5640287769784172,0.6324768756423432,0.3741007194244605,0.23514902363823229,-0.071120246659815,0.43042137718396717,0.07739349411524897,0.1736896197327852,0.36271134227452007,0.2855087358684481,0.24131551901336074,0.18088386433710174,0.46207605344295993,0.4454265159301131,0.5070914696813978,0.2117163412127441,-0.3317574511819116,-0.3371017471736896,-0.12168550873586846,-0.11531346351490238,0.10288298487299365,-0.41274409044193217,-0.1710174717368962,0.14018499486125385,0.06423762791770334,-0.05293180540418755,0.0709146968139774,-0.03905447070914697,0.15066803699897224,-0.2985764945614851,0.10863867633441987,-0.036176772867420354,-0.18458376156217884,-0.4024665981500514,-0.1603288797533402,-0.22898252826310384,-0.3528444426263609,-0.29352517985611515,0.2540596094552929,-0.30400822199383354,-0.19559072948382308,0.09208633093525181,-0.2682425488180884,0.23453237410071942,0.22713257965056527,-0.14121274409044193,0.4565262076053443,0.28448098663926,-0.21973278520041112,-0.07399794450154162,-0.0789311408016444,1.0,0.27493704748777026,0.5565548082789816,0.4158273381294964,0.34326824254881816,0.22057765560037937,0.4293936279547791,0.14285714285714285,-0.009249743062692703,0.5266187050359712,0.3751284686536485,0.33874614594039054,0.44439876670092504,0.580267214799589
0.09342720604350772,-0.0381314559319487,0.07739349411524897,0.08212138352999193,0.16413998685531556,0.19415180661846654,-0.023742227278383154,-0.09486612890886427,0.06690991323907979,-0.016136492132927078,-0.07657125247790238,0.04532607025873147,0.20627987076932894,0.21984685778554786,0.2601366980155314,-0.05149288253883099,0.0042139883914013385,0.04306490575602832,-0.006680713303441147,0.19661853153050637,0.015519810904917124,0.15283416434179978,0.11655874190564292,0.039364818387968604,-0.07081556101647615,0.1744180073221481,0.23875841544451976,0.5893719806763285,0.25684773146614504,0.22210802228825105,0.09239940399682448,0.020864381547670043,0.0547818490882174,0.08828819581009145,0.20854103527203208,0.19867413562387284,0.17996813837423767,0.11480548861451939,0.1172722135265592,-0.04532607025873147,0.14728403328971018,0.07379997944290266,-0.008941877806144303,0.18480830506732449,0.18613495065433716,0.17647361141551463,0.23423608643911345,0.28747623245730597,0.23793617380717313,0.1635233056273056,0.25253096287007537,0.01038080067150086,0.01058636108083751,0.0747212087938725,0.1339226066828279,0.15088909445986226,-0.06834883610443634,0.021481062775679995,-0.08335474598601185,-0.13362113269606332,-0.037619488128276285,0.20340202503861585,0.2414307007658962,0.2576699731034916,-0.04954260458423271,0.25860828451022716,0.05519296990689071,0.03607585183858219,-0.03669253306659215,0.11254432411181624,0.0035973071633913865,0.08407852811183061,0.07348784633785262,0.13207256299879805,-0.0977439746395774,-0.04954260458423271,0.28665399081995935,0.21923017655753793,0.19209620252510007,0.22046353901355784,0.14728403328971018,0.22416362638161758,0.22436918679095422,0.03587029142924554,0.2922041218720489,0.18284598410495076,0.27493704748777026,1.0,0.24051803885291395,0.08171026271131863,0.3865563497575716,0.028473043158333326,0.3546944863103907,0.05950973850296037,0.08767151458208151,0.20977439772805198,0.22971375743370712,0.3514055197610043,0.201551981354586,0.14543398960568035
0.2564366106474717,-0.2677424331609875,0.0005139010233416267,-0.16722339299536532,-0.030936841605165927,0.20052417930790273,-0.1322781234081347,-0.32591602900325967,0.1505729998390966,-0.12343902580665872,0.14050053978160074,-0.08417698762335844,-0.06300426546168343,0.30823783380030767,0.20854103527203208,-0.3172824918111203,-0.22457474720029086,-0.18449046737964397,-0.30782671298163433,0.4656971073521821,-0.09486612890886427,-0.3374274119261121,-0.25819714256347004,-0.1910684004784168,-0.1281669152214017,-0.0656765507830599,0.18161262164893086,0.10196320279576523,0.19497404825581316,-0.12796135481206505,0.27514260789710693,0.11501104902385605,-0.18510714860765393,-0.17955701755556436,-0.15098412065776992,0.6529626402578709,0.4356852875890311,0.25047535877670885,0.17832365509954445,-0.0527262449948509,0.4397964957757641,0.08942337341967314,0.04697055353342468,0.31842943776338783,0.20792435404402215,0.19271288375311,0.10617195142238008,0.4305462773556148,0.5853332655861128,0.5423711400347527,0.34071637847549846,-0.21758569328284474,-0.2401973383098763,-0.10473302855702352,-0.05848193645627711,0.30218933086648164,-0.30556554847893125,-0.03792589552261205,0.018192096226293582,0.05036488847774694,-0.12149244526672832,-0.04039262043465185,-0.040187060025315205,0.05663189277224726,-0.28656593688971116,0.18789186966800286,0.06300426546168343,-0.2210802202415678,-0.4056734678258801,-0.04388714739337491,-0.05190400335750429,-0.39757426251413297,-0.27781489321848335,0.19785189398652628,-0.39724549104307744,-0.22448350292938635,0.12200010294130216,-0.23875841544451976,0.19476848784647652,0.2235469451536076,-0.2422529424032428,0.36949483578262954,0.19990749807989275,-0.3261215894125963,-0.1018551828263104,-0.09322164563417107,0.5565548082789816,0.24051803885291395,1.0,0.38922863507894806,0.31872141467647686,0.20671223751410944,0.32756051227795285,0.14173390223762064,-0.1302225193147682,0.4753584465910047,0.2887095949133259,0.3400996972474885,0.6262397870441062,0.602805900379728
-0.010688591983556012,-0.16916752312435768,-0.1393627954779034,-0.10113052415210688,-0.09393627954779034,-0.09373072970195273,-0.0552929085303186,-0.24234326824254881,-0.11860226104830421,0.03638232271325797,0.0984583761562179,-0.03535457348406989,-0.2801644398766701,-0.044604316546762585,-0.0869475847893114,-0.13484069886947586,-0.16464542651593014,-0.13360739979445016,-0.24419321685508735,0.22219938335046252,-0.0394655704008222,-0.2170606372045221,-0.20381314585728913,0.19650565262076053,-0.08489208633093526,-0.13072970195272354,0.16320657759506682,-0.0706100006071395,0.15683453237410072,-0.1523124357656732,0.2207605344295992,0.13360739979445016,-0.03186022610483042,-0.034532374100719423,0.044604316546762585,0.29352517985611515,0.3257965056526208,0.328879753340185,0.38355601233299075,0.20143884892086333,0.3165467625899281,0.15016187902042333,0.21397738951695788,0.08129914189264534,0.1445015416238438,0.1459403905447071,0.13114080164439876,0.22816032887975335,0.08406988694758478,0.21027749229188078,0.08263103802672148,-0.2367934224049332,-0.1484069886947585,-0.05097636176772868,-0.20164439876670093,-0.06814327569509969,-0.2207605344295992,-0.2725590955806783,0.09660842754367935,-0.019219898272976838,-0.15118968106710656,-0.15971223021582734,-0.22774922918807813,-0.10668036998972251,-0.11706665311722256,-0.1331003650454813,0.18746145940390546,-0.10154162384378213,-0.15416238437821173,0.07194244604316546,-0.012332990750256938,-0.21265224345876513,-0.24337101747173692,0.334224049331963,-0.1683453237410072,-0.08253250434866524,0.15991778006166496,-0.28838643371017475,0.17944501541623845,0.16752312435765676,0.11695786228160329,0.5667009249743064,0.28776978417266186,0.047893114080164445,0.11593011305241523,0.12415210688591984,0.4158273381294964,0.08171026271131863,0.38922863507894806,1.0,0.4073997944501541,0.3829787254273129,0.43103802672147995,0.23658787255909558,0.31510791366906477,0.2182939362795478,0.3623843782117164,0.42055498458376156,0.14799588900308325,0.3220966084275437
0.14121274409044193,-0.04604316546762591,-0.03843782117163413,0.03391572456320658,0.12867420349434738,0.08160328879753341,-0.047276464542651594,-0.16279547790339158,-0.06742034943473793,-0.18499486125385406,-0.16073997944501542,-0.2156217882836588,-0.04439876670092498,0.10195272353545735,0.13525179856115108,-0.11449126413155192,-0.15991778006166496,-0.010894141829393628,-0.14080164439876672,0.32559095580678316,0.05200411099691676,-0.03227132579650565,-0.05128732212949434,0.06885919835560124,-0.14388489208633093,-0.10503597122302159,0.3245632065775951,0.23300272398309352,0.27132579650565264,0.06125385405960946,0.189311408016444,0.23371017471736896,0.06742034943473793,0.12271325796505653,0.24624871531346354,0.25220966084275437,0.296813977389517,0.37142857142857144,0.41089414182939366,0.0696813977389517,0.38663926002055504,0.0031861863447180854,0.19403905447070918,0.14193946264695728,0.2672147995889003,0.36115107913669064,0.3586844809866393,0.38417266187050364,0.14922918807810895,0.3029804727646454,0.26248715313463516,-0.0355601233299075,-0.02158273381294964,0.10709146968139774,-0.024254881808838648,-0.02723675423710621,-0.11531346351490238,-0.189311408016444,-0.13586844809866394,-0.2831594638612363,-0.3479109928022812,-0.03494347379239466,-0.03391572456320658,0.013566289825282631,-0.14255614387496723,0.04532607025873147,0.07214799588900309,-0.04912641315519013,-0.10709146968139774,0.1773895169578623,0.012949640287769786,-0.08253250434866524,-0.11366906474820143,0.1461459403905447,-0.3247687564234327,-0.29323192391873215,0.22754367934224048,-0.08920863309352517,0.2092497430626927,0.36628982528263104,0.10113052415210688,0.4776978417266188,0.3019527235354574,-0.006988694758478932,0.17780061664953753,0.15642343268242548,0.34326824254881816,0.3865563497575716,0.31872141467647686,0.4073997944501541,1.0,0.3790728769124879,0.5146968139773895,-0.01891058581706064,0.26392600205549843,0.17286742034943473,0.5052415210688592,0.47050359712230216,0.12559095580678314,0.3325796505652621
0.07112755716470762,-0.19426457086892687,-0.1735019024480151,-0.22222222339609518,-0.14657210479316915,-0.08654538024954309,-0.15890636326103752,-0.24504060156165167,-0.1940589998944624,0.0037002775403605116,0.027546510578239362,-0.06886627644559841,-0.2409291820723622,-0.05098160166718928,-0.03967519807164326,-0.1695960539331901,-0.28307123183757915,-0.16240106982693356,-0.2869770803524041,0.10237434528330748,-0.0750334056795326,-0.11738102641921401,-0.16086755430610708,0.1105971842618864,0.10730804867045483,-0.11100832621081536,0.054476308233085316,-0.058282366320487354,0.1932367159966045,-0.05468187920754978,0.1441052530995955,0.32027957821564873,-0.052420598488440585,-0.1327988495040495,0.030218933246277512,0.19960941620500317,0.14081611750816392,0.3507040824363907,0.42676534298824564,0.14061054653369945,0.2532634405402306,0.17279128357096868,0.22345564924288203,0.037313049337454864,0.04296433366307483,0.1410216884826284,0.09826292579401802,0.19693699353696503,0.05118717264165374,0.20495426154107943,0.1523280920781744,-0.1469832467420981,-0.21071024882608466,-0.16815705711193882,-0.19940384523053867,-0.12386287727722621,-0.21667180708555442,-0.3287079881686921,0.15088909525692307,0.025594901611642594,-0.19273269285875447,-0.26128070854434504,-0.24113475304682666,-0.10998047133849298,-0.23857737606675686,-0.11666752341049937,-0.0121286874934039,-0.24051804012343325,-0.2265392138598491,-0.033713639812173554,-0.10525233892581011,-0.22706480987999395,-0.2203720846259149,0.15191695012924544,-0.25758043100398453,-0.14318754194786398,0.08017268004114442,-0.23825675940432406,0.2448350305871872,0.3204851491901132,-0.003494706565896039,0.22756706873217145,-0.07688354444971286,-0.13115428170833368,-0.052626169462905055,-0.10319662918116537,0.22057765560037937,0.028473043158333326,0.20671223751410944,0.3829787254273129,0.3790728769124879,1.0,0.4173090781628799,0.05653201797773004,0.1998149871794676,0.026724226680381474,0.24319046279147138,0.2084489681069755,0.0750334056795326,0.2518244437189793
0.04439876670092498,-0.24522096608427543,-0.17923946557040082,-0.16361767728674204,-0.048304213771839674,0.009044193216855088,-0.15806783144912642,-0.32045220966084276,-0.09311408016443988,0.06515930113052415,0.0006166495375128469,0.02959917780061665,-0.01829393627954779,0.13381294964028778,0.16258992805755396,-0.2207605344295992,-0.21644398766700929,-0.18787255909558068,-0.29804727646454265,0.16793422404933198,-0.023432682425488183,-0.01891058581706064,-0.08356030639534849,0.18293936279547793,0.016238437821171636,-0.05056526207605344,0.2750256937307297,0.21799681410151803,0.31181911613566293,0.08489208633093526,0.2355601233299075,0.3038026721479959,0.028982528263103807,-0.06659815005138746,0.15560123329907502,0.31120246659815004,0.29619732785200414,0.5570400822199384,0.5126413155190134,0.0855087358684481,0.38602261048304215,0.13104476095211479,0.3192189105858171,0.19168508170642673,0.20945529290853035,0.30585817060637205,0.25981500513874617,0.3424460431654676,0.18520041109969168,0.2966084275436794,0.19732785200411102,-0.2594039054470709,-0.2626927029804728,-0.08633093525179857,-0.13586844809866394,0.009147438215480955,-0.3062692702980473,-0.29105858170606375,0.09866392600205551,-0.05765969481893051,-0.11131096165579633,0.010483042137718397,0.046454265159301136,0.19013360739979446,-0.2085410352720321,0.13125032136145146,-0.03741007194244605,-0.13607399794450153,-0.3013360739979445,-0.10030832476875642,-0.12744090441932168,-0.22251914310692436,-0.18705035971223025,0.3009249743062693,-0.299486125385406,-0.18037925919291095,0.12374100719424462,-0.0709146968139774,0.3389516957862282,0.32538540596094556,0.06187050359712231,0.3854059609455293,0.21377183967112026,-0.10503597122302159,0.07810894141829394,-0.040287769784172665,0.4293936279547791,0.3546944863103907,0.32756051227795285,0.43103802672147995,0.5146968139773895,0.4173090781628799,1.0,0.1091469681397739,0.2526207605344296,0.25488180883864336,0.4569373072970196,0.3403905447070915,0.1771839671120247,0.36156217882836594
-0.071120246659815,-0.2131551901336074,-0.08180883864337102,-0.17266187050359713,-0.18561151079136692,-0.11017471736896198,-0.2263103802672148,-0.31181911613566293,-0.17163412127440908,0.2485097636176773,0.3237410071942446,0.20801644398766703,-0.10873586844809867,0.02487153134635149,-0.09023638232271326,-0.08139773895169579,-0.007194244604316546,-0.22363823227132582,-0.17923946557040082,-0.0750256937307297,-0.0748201438848921,-0.1895169578622816,-0.10226630364498371,0.12990750256937308,0.02076053442959918,0.07029804727646455,-0.1771839671120247,-0.03360912692654238,-0.05734840698869476,-0.14121274409044193,0.2520041109969168,-0.05632065775950668,-0.1708119218910586,-0.26515930113052416,-0.22384378211716344,0.11469681397738953,0.03720452209660843,0.0328879753340185,-0.017266187050359712,0.0073997944501541625,-0.08221993833504625,0.286859551229296,-0.06927029804727647,-0.036075851838582196,-0.09064748201438848,-0.2614594039054471,-0.24419321685508735,-0.06742034943473793,0.07255909558067831,-0.05981500513874615,-0.03247687564234327,-0.2988694758478931,-0.2602261048304214,-0.18417266187050363,-0.12065775950668037,0.006680713303441146,-0.2404933196300103,-0.22857142857142856,0.3013360739979445,0.3119379211683674,0.16064545989659249,-0.05323741007194245,-0.1644398766700925,-0.027749229188078112,-0.16290662439929565,-0.045120509849394815,-0.05303186022610483,-0.1405960945529291,-0.1800616649537513,-0.11469681397738953,-0.14388489208633093,-0.15283416434179978,-0.10976361767728675,0.06125385405960946,-0.0006166495375128469,0.1152166094331927,0.0,-0.08612538540596094,0.31634121274409044,0.010894141829393628,-0.048304213771839674,0.17410071942446043,0.07194244604316546,-0.10709146968139774,0.09331963001027749,-0.010688591983556012,0.14285714285714285,0.05950973850296037,0.14173390223762064,0.23658787255909558,-0.01891058581706064,0.05653201797773004,0.1091469681397739,1.0,0.01829393627954779,0.1290853031860226,-0.11531346351490238,0.13771839671120248,0.13689619732785202,0.019527235354573486
-0.1484069886947585,0.10955806783144913,-0.0024665981500513875,0.08961973278520041,-0.002261048304213772,-0.07153134635149024,0.19260020554984586,0.12024665981500515,-0.07995889003083248,0.049948612538540604,-0.17944501541623845,0.08879753340184995,-0.11120246659815006,-0.12435765673175746,-0.04295991778006167,0.1496402877697842,-0.011305241521068859,0.10359712230215828,-0.027543679342240494,-0.016649537512846865,0.19773895169578623,0.10976361767728675,0.13001695890543155,0.44275436793422407,0.016649537512846865,0.016032887975334018,0.14265159301130526,0.11233876370247958,0.22836587872559097,0.16505652620760536,0.0789311408016444,0.16402877697841728,0.15889003083247688,0.1788283658787256,0.34881808838643374,-0.14635149023638233,0.06187050359712231,0.16238437821171636,0.3079136690647482,0.3625899280575539,0.06002055498458376,0.0235366668690465,0.2920863309352518,-0.08787707499141817,0.09928057553956836,0.12990750256937308,0.15416238437821173,-0.09208633093525181,-0.2830421377183967,-0.13257965056526208,-0.010277492291880781,0.07852004110996917,0.18910585817060638,0.0789311408016444,-0.02117163412127441,-0.1696901179074051,0.11469681397738953,-0.09331963001027749,-0.01932168550873587,-0.2171745724641714,-0.058893057274950415,-0.03227132579650565,-0.05056526207605344,-0.027749229188078112,0.2434863048592627,-0.11377768656783613,0.22281603288797533,0.16238437821171636,0.22857142857142856,0.20349434737923947,0.19609455292908531,0.26342566456491784,0.09948612538540597,0.23391572456320658,0.17040082219938338,0.0889048770381014,0.23144912641315518,0.12682425488180885,0.03843782117163413,0.18273381294964028,0.4552929085303186,0.24768756423432683,0.18417266187050363,0.4372045220966085,0.2626927029804728,0.23144912641315518,-0.009249743062692703,0.08767151458208151,-0.1302225193147682,0.31510791366906477,0.26392600205549843,0.1998149871794676,0.2526207605344296,0.01829393627954779,1.0,-0.1183967112024666,0.22877697841726619,0.12867420349434738,-0.2865364850976362,-0.09146968139773896
0.19794450154162385,-0.33833504624871535,-0.08653648509763619,-0.18725590955806784,-0.041109969167523124,0.11202466598150052,-0.21007194244604319,-0.36957862281603293,0.11223021582733812,0.0008221993833504625,0.296813977389517,0.05200411099691676,0.13771839671120248,0.2803699897225077,0.1747173689619733,-0.39732785200411097,-0.12250770811921892,-0.35662898252826314,-0.2616649537512847,0.10400822199383351,-0.2193216855087359,-0.16916752312435768,-0.26095893965287803,-0.15477903391572456,-0.06824254881808839,0.1194244604316547,0.3146968139773895,0.14173390223762064,0.09290853031860227,0.0,0.13052415210688592,-0.02487153134635149,-0.15950668036998975,-0.23782117163412128,-0.13484069886947586,0.4195272353545735,0.4538540596094553,0.2694758478931141,0.11695786228160329,-0.24028776978417268,0.31963001027749227,0.1298113984960949,0.10113052415210688,0.6377511699669587,0.25570400822199385,0.2353545734840699,0.05775950668036999,0.39732785200411097,0.4485097636176773,0.4485097636176773,0.2628982528263104,-0.2723535457348407,-0.2723535457348407,-0.1539568345323741,-0.023432682425488183,0.20751323322534884,-0.34799588900308326,-0.07132579650565263,0.11243576567317576,0.22190246187891438,0.12323346539732206,0.25323741007194245,0.11531346351490238,0.14881808838643373,-0.24040289871921294,0.24718639222732242,-0.0421377183967112,-0.1091469681397739,-0.38499486125385407,-0.21397738951695788,-0.21849948612538542,-0.2601366980155314,-0.18232271325796506,0.19095580678314492,-0.21541623843782118,-0.048615036808117885,0.020349434737923947,-0.12045220966084276,0.09249743062692703,0.03247687564234327,-0.26762589928057556,0.23144912641315518,0.20411099691675233,-0.26351490236382324,-0.1551901336073998,-0.1510791366906475,0.5266187050359712,0.20977439772805198,0.4753584465910047,0.2182939362795478,0.17286742034943473,0.026724226680381474,0.25488180883864336,0.1290853031860226,-0.1183967112024666,1.0,0.2750256937307297,0.18478931140801647,0.4429599177800617,0.5097636176772867
0.11099691675231245,-0.021993833504624874,-0.034121274409044194,0.045220966084275435,0.18972250770811921,0.14881808838643373,0.006372045220966085,-0.12312435765673177,0.10421377183967112,-0.20863309352517986,-0.17656731757451183,-0.1578622816032888,0.0959917780061665,0.15066803699897224,0.23782117163412128,-0.12620760534429598,-0.1617677286742035,-0.07029804727646455,-0.13730729701952724,0.2698869475847893,0.08879753340184995,0.027132579650565262,-0.08417698762335846,-0.018499486125385406,-0.20781089414182938,-0.1496402877697842,0.49414182939362794,0.09959401832360724,0.3044193216855087,0.07584789311408018,0.05508735868448099,0.09373072970195273,0.16135662898252826,0.09784172661870505,0.2300102774922919,0.28160328879753344,0.43597122302158275,0.4863309352517986,0.4341212744090442,0.07399794450154162,0.4998972250770812,-0.0381314559319487,0.33936279547790343,0.3361940494700922,0.3833504624871531,0.6520041109969167,0.3765673175745118,0.4287769784172662,0.22918807810894143,0.41089414182939366,0.16608427543679344,0.01932168550873587,0.030832476875642344,0.1722507708119219,0.07995889003083248,0.08068246066463539,-0.07687564234326826,-0.07769784172661871,-0.1410071942446043,-0.19744077316785297,-0.20093530012657604,0.19054470709146967,0.09249743062692703,0.13340184994861254,0.020864381547670043,0.17462356773148474,0.1471736896197328,0.1130524152106886,-0.14141829393627955,0.05878725590955807,0.04193216855087359,-0.13125032136145146,-0.11140801644398766,0.3391572456320658,-0.2612538540596095,-0.27473148707843364,0.15704008221993834,-0.11983556012332991,0.02158273381294964,0.08119218910585818,0.024049331963001026,0.31181911613566293,0.2219938335046249,-0.033504624871531344,0.00945529290853032,0.0041109969167523125,0.3751284686536485,0.22971375743370712,0.2887095949133259,0.3623843782117164,0.5052415210688592,0.24319046279147138,0.4569373072970196,-0.11531346351490238,0.22877697841726619,0.2750256937307297,1.0,0.3292908530318603,0.18335046248715314,0.4351490236382323
0.11736896197327853,-0.08386433710174718,0.011305241521068859,-0.00020554984583761563,0.023021582733812954,0.01459403905447071,-0.07070914696813978,-0.2170606372045221,-0.11387461459403907,-0.03535457348406989,-0.04234326824254882,-0.06762589928057554,-0.02589928057553957,0.07153134635149024,0.0394655704008222,-0.09188078108941418,0.08304213771839672,-0.021993833504624874,0.005960945529290853,0.2520041109969168,0.04912641315519013,-0.05899280575539568,0.07533789002188247,0.08571428571428572,-0.1578622816032888,0.0067831449126413155,0.19054470709146967,0.17935145714622772,0.27297019527235356,0.033710174717368965,0.20287769784172663,-0.012949640287769786,0.03782117163412128,0.061459403905447074,0.05796505652620761,0.2328879753340185,0.22487153134635152,0.14080164439876672,0.15971223021582734,0.06721479958890031,0.14244604316546763,0.05293180540418755,-0.05097636176772868,0.04409270780271157,0.1052415210688592,0.09804727646454266,0.11284686536485097,0.36443987667009253,0.16197327852004112,0.12990750256937308,0.20082219938335047,-0.128879753340185,-0.06515930113052415,-0.008016443987667009,-0.05632065775950668,-0.002158384298034832,-0.18232271325796506,-0.16670092497430627,-0.07790339157245633,-0.13803381486956093,-0.1789403363275544,0.030832476875642344,0.002261048304213772,0.028365878725590956,-0.04840947639878123,0.015725371314253778,0.15313463514902365,0.039671120246659815,-0.016649537512846865,0.20986639260020556,0.08119218910585818,-0.02004213991032344,0.02816032887975334,0.2776978417266187,-0.11798561151079136,-0.11048872001844973,0.3681397738951696,-0.021788283658787256,0.13607399794450153,0.18540596094552927,0.18992805755395686,0.45755395683453237,0.3331963001027749,0.11140801644398766,0.3837615621788284,0.2698869475847893,0.33874614594039054,0.3514055197610043,0.3400996972474885,0.42055498458376156,0.47050359712230216,0.2084489681069755,0.3403905447070915,0.13771839671120248,0.12867420349434738,0.18478931140801647,0.3292908530318603,1.0,0.21603288797533401,0.18376156217882836
0.3114080164439877,-0.20883864337101748,0.07913669064748202,-0.11202466598150052,0.03329907502569373,0.287153134635149,-0.09003083247687566,-0.25734840698869477,0.23597122302158272,-0.11921891058581706,0.1303186022610483,-0.06392600205549846,0.11140801644398766,0.38848920863309355,0.30051387461459406,-0.1958890030832477,-0.020966084275436794,-0.10996916752312436,-0.12353545734840699,0.3724563206577595,-0.011716341212744091,-0.1934224049331963,-0.11418880738650944,-0.28221993833504627,-0.12744090441932168,-0.01747173689619733,0.11860226104830421,0.1435839459216505,0.14224049331963,-0.07440904419321687,0.22507708119218914,0.02816032887975334,-0.06865364850976362,-0.12353545734840699,-0.16402877697841728,0.5436793422404934,0.3958890030832477,0.1880781089414183,0.027749229188078112,-0.12353545734840699,0.320863309352518,0.1002106995516172,-0.027132579650565262,0.3400996972474885,0.08509763617677288,0.1445015416238438,0.05570400822199383,0.45611510791366905,0.7778006166495376,0.4957862281603289,0.36772867420349437,-0.16546762589928057,-0.19424460431654678,-0.07297019527235354,0.04974306269270298,0.43198520022097137,-0.24604316546762592,0.03884892086330936,-0.009660842754367936,0.1298113984960949,-0.014903129676907174,0.10976361767728675,0.08900308324768756,0.24748201438848924,-0.17256796363811824,0.3511999593516677,0.09023638232271326,-0.12805755395683455,-0.3496402877697842,-0.10462487153134635,-0.012538540596094553,-0.33948301601947856,-0.1260020554984584,0.19547790339157248,-0.31243576567317577,-0.19374068579979326,0.09352517985611512,-0.12004110996916752,0.17800616649537512,0.09948612538540597,-0.3029804727646454,0.16279547790339158,0.07338129496402879,-0.3593011305241521,-0.15724563206577596,-0.1658787255909558,0.44439876670092504,0.201551981354586,0.6262397870441062,0.14799588900308325,0.12559095580678314,0.0750334056795326,0.1771839671120247,0.13689619732785202,-0.2865364850976362,0.4429599177800617,0.18335046248715314,0.21603288797533401,1.0,0.5093525179856115
0.1895169578622816,-0.22302158273381295,-0.09044193216855087,-0.10976361767728675,0.07913669064748202,0.19527235354573483,-0.1473792394655704,-0.29373072970195274,0.15971223021582734,-0.2394655704008222,0.0828365878725591,-0.21007194244604319,0.012949640287769786,0.29003083247687567,0.2579650565262076,-0.31531346351490236,-0.2809866392600206,-0.20020554984583763,-0.29722507708119217,0.3804727646454265,-0.05220966084275437,-0.21788283658787258,-0.3026877027482181,-0.24008221993833503,-0.178622816032888,-0.20020554984583763,0.24871531346351491,0.0839714272140218,0.13463514902363824,-0.09928057553956836,0.2367934224049332,0.19527235354573483,-0.10256937307297019,-0.09331963001027749,-0.03638232271325797,0.6100719424460432,0.5938335046248716,0.46043165467625896,0.3079136690647482,-0.11264131551901337,0.6725590955806783,0.03340356651720573,0.23987667009249744,0.48625314828584715,0.27112024665981505,0.4275436793422405,0.24789311408016446,0.5142857142857143,0.5477903391572456,0.8154162384378212,0.2672147995889003,-0.1771839671120247,-0.241726618705036,-0.017266187050359712,-0.018705035971223024,0.2105966393653986,-0.28242548818088387,-0.07564234326824255,-0.031243576567317573,0.02600339178108631,-0.1873683131103571,0.07255909558067831,-0.017266187050359712,0.14162384378211718,-0.2751426078971069,0.2190246161482013,-0.020143884892086333,-0.18663926002055498,-0.4513874614594039,-0.15210688591983557,-0.1405960945529291,-0.4326018814489814,-0.3165467625899281,0.1685508735868448,-0.5017471736896197,-0.36168354022783683,-0.06002055498458376,-0.31099691675231245,0.17410071942446043,0.17286742034943473,-0.35991778006166497,0.3060637204522097,0.11551901336073998,-0.41870503597122305,-0.3157245632065776,-0.22898252826310384,0.580267214799589,0.14543398960568035,0.602805900379728,0.3220966084275437,0.3325796505652621,0.2518244437189793,0.36156217882836594,0.019527235354573486,-0.09146968139773896,0.5097636176772867,0.4351490236382323,0.18376156217882836,0.5093525179856115,1.0
