0,1,2,3,4,5,6,7,8,9,10,11,12,13,14,15,16,17,18,19,20,21,22,23,24,25,26,27,28,29,30,31,32,33,34,35,36,37,38,39,40,41,42,43,44,45,46,47,48,49,50,51,52,53,54,55,56,57,58,59,60,61,62,63,64,65,66,67,68,69,70,71,72,73,74,75,76,77,78,79,80,81,82,83,84,85,86,87,88,89,90,91,92,93,94,95,96,97,98,99
1.0,-0.10748232372618842,0.24676266445664558,-0.12120584274318864,-0.3260126385579612,-0.06194965295762975,0.280638143582306,-0.05221174764321972,-0.04713560551124003,0.15570289029317308,0.19910908525846885,0.20750025898684343,0.29959598052418934,0.3582916786573712,0.3737698124935253,0.20418522739044856,0.1770997902746208,0.3134339955986343,0.3078835595151766,0.0997617321040091,0.3299492385786802,-0.10618460582202424,0.15912151662695534,-0.13628240661378396,0.11333264270175074,0.07282710038330052,-0.17631824303325389,-0.11353983217652543,0.14938361131254532,0.10193722158914326,0.016160779032425153,0.294934217341759,0.13374080596705687,0.05231534238060706,-0.09882937946752304,0.016989536931523875,-0.069151278156367,0.34186263337822437,0.08660520045581684,0.0910597741634725,0.10157727076002675,0.18859910394556725,-0.15839635346524394,0.2428841522660711,0.10261324496461652,0.1696881798404641,-0.09054180047653579,0.2035636589661245,0.24365482233502536,0.2533927276494354,0.3218688490624676,-0.049829068683310884,0.23650678545529885,-0.10970682689319382,-0.23174142753548116,0.2710038330052833,0.04247384232880969,-0.029577063541037875,0.16419765875893502,0.14767812286427143,0.09313166891121931,0.2704410661081589,0.3666217756137988,0.3394799544183155,0.25226625260469837,0.4029835284367554,0.2151200435830653,0.345859988202294,0.16803066404226663,0.26955350668186057,0.33243551227597634,0.12213819537967471,0.36703615456334815,0.021340515901792187,0.14850690222794322,-0.08007873200041436,-0.08204703201077385,0.22614731171656477,0.0039366000207189476,0.3038433647570703,-0.047964363410338745,-0.09375323733554335,-0.14834766393867188,-0.12260754711319903,-0.11664767429814564,-0.05977416347249559,-0.10245519527607998,-0.1190365191962211,0.10597741634724954,-0.0281266996546122,0.13224210721588386,0.3524292965917331,0.23040663071574913,-0.018596700307376614,-0.12162022169273799,0.09520849533622908,0.1843611598717364,0.30726199109085256,0.34347724753173753,0.24236616516377618
-0.10748232372618842,1.0,0.23324959216338623,0.2008235995597265,0.3624355754757303,0.25645541434619706,0.13358887368185057,0.35290461279350444,0.25055036138003534,-0.001191370335278233,-0.061588666462861694,-0.027505115131858337,-0.09142472355504702,-0.12432012432012429,-0.12260754711319903,0.2597705318008843,-0.14193214193214193,0.07086247086247086,-0.10789671340802433,0.19926963825284186,-0.0499857553714563,0.13493564014781728,0.005542461994555258,0.16099456099456097,0.05381885992843844,-0.0196317111769761,0.104892388214714,-0.02450078993854801,-0.010929527858422052,0.019838906017894054,0.011033125278881029,-0.1690191914788206,-0.022843231211204382,0.1026132449646165,0.1553443319782357,0.12426510584054266,0.07573167573167572,-0.03776125975729704,0.18953148072969803,0.21947113524234232,0.08764568764568763,0.012950012950012949,0.0611742767810258,-0.07459207459207459,-0.0022792022792022786,0.03931522106418169,0.13089534074991716,0.04781020954181779,0.033306570677561036,0.08096138408869036,0.03755406491637909,0.4064644791707954,0.1607313978421025,0.24298774968653006,0.36699386197592526,0.014866229835863169,0.2791432494267129,0.14369334369334366,0.03672528555270727,-0.057808857808857805,0.04356271530299974,-0.07127687127687127,-0.12053559870401949,-0.14073709569351994,-0.046258644373049426,-0.12737302845431195,0.17995337995337993,-0.07925407925407923,0.02201445184753257,0.061795861303779655,-0.04273393593932793,0.041076377211984295,-0.13265649689771977,0.19398616980943403,-0.0022792022792022786,-0.07060164204279268,-0.04760301470089983,-0.07888943567951082,-0.04470228692804848,0.0044028903695065135,0.06935847299728497,0.19564372853677764,0.08707363189576998,0.11250971250971249,0.17720338769507982,0.11628810446520145,0.028023102234153222,0.0013986376238212031,0.06366061487204124,0.14369334369334366,0.24169904169904166,-0.0937038668051445,0.18601880396822001,0.0014504765871098905,0.1464349538187637,-0.04066409387776461,0.11790302543793253,0.017041775665501684,0.03967883967883967,0.14317534317534317
0.24676266445664558,0.23324959216338623,1.0,-0.1948617010255879,-0.093649642598156,0.35626230187506475,0.2981456542007666,0.19693359577333472,0.44752926551331185,0.3012534963223868,0.2883041541489692,0.31948617010255875,0.3100590490003108,0.28701665338159515,0.3956283020822542,0.1887496115197348,0.2384294631863351,0.2906425630976594,0.30695120687869054,0.10525225318553817,0.41127110742774264,0.11561172692427224,0.3081943437273386,0.1263370542497222,0.2684139645705998,0.12576401118823163,-0.07241272143375116,0.16544079560758312,0.24002900652646844,0.21661659587692944,-0.12607479540039365,0.04102351600538692,-0.0826686004350979,0.1315653164819227,0.02869574225629338,0.14886563762560862,-0.10903628503307307,0.20895058531026622,0.24458717497151145,0.25857246451880245,0.010204345915209214,0.1507860454780407,-0.07127317932249042,-0.036310895870871364,-0.04946776826916142,0.0541800476535792,-0.034082668600435094,-0.026313063296384543,0.17310680617424634,0.09230291101212058,0.21257640111882317,0.13446596912876824,0.20470320107738527,-0.14482544286750232,0.19724437998549674,0.5470838081425463,0.21765254325080285,0.3656470955099586,0.39096653889982386,0.3159203336896497,0.3348181912358852,0.32110020471259854,0.3969750336682896,0.36361752822956594,0.4079772085245594,0.38837667046514035,0.14332703120499438,0.3543549766799301,0.26572050139852893,0.26199109085258465,0.4067129389826996,0.12928623225940122,0.2919299699575261,0.24458717497151145,0.3072181503710957,0.05304050554231845,0.010670257950896093,0.28902931731068054,-0.19693359577333472,0.17631824303325389,0.04827514762250078,-0.10193722158914326,-0.2315342380607065,-0.15865944943292296,-0.10390552159950273,-0.13135812700714802,-0.13633067440174038,-0.04755244761624499,0.15000517973686936,0.04532387145080235,0.1507860454780407,0.20087019579405366,0.2706034709665183,-0.10023569664282382,-0.13705583756345177,-0.13219373237108628,0.03196145985975312,0.04817155288511343,0.23542513799302475,0.1393903292275533
-0.12120584274318864,0.2008235995597265,-0.1948617010255879,1.0,0.24261887496115195,-0.06371076349321454,-0.07997513726302703,0.1577747850409199,-0.16305811664767428,-0.3447632860250699,-0.3262198280327359,-0.35325805449083186,-0.2483165855174557,-0.2588381550167535,-0.27587278566248835,0.228944369626023,-0.32058221761030364,-0.13638600403424292,-0.30923029110121203,0.1294934217341759,-0.29731689630166785,-0.006630063192789806,-0.16274733243551226,-0.09660459457799585,-0.27007148036879725,-0.05594115818916398,0.19527607997513724,-0.23132704858593178,-0.1702061535274008,-0.07779964777789287,0.1266963638247177,-0.1887496115197348,0.13550191650264165,0.017818294830622604,0.13332642701750752,-0.06371076349321454,0.058480743849092395,-0.22904796436341032,-0.023930384336475704,-0.13633067440174038,0.1120406102263834,-0.08904198288449056,0.07438102144411064,-0.051332521837423,0.1209499883858554,0.021444110639179528,0.15342380607065162,0.048896716046824815,-0.04382057391484512,0.009219931627473324,-0.1531130218584896,0.41085672847819327,0.19973065368279289,0.7054801616077903,0.03895162125764011,-0.3152387858696778,0.1811871956904589,-0.11867084513575792,-0.4004972547394592,-0.4033565565570261,-0.37107634932145445,-0.3431664552703606,-0.27929141199627056,-0.2838495804413136,-0.36177156225692264,-0.3028074173831969,0.0267799331886455,-0.28680945854067724,-0.18367346938775508,-0.0013467315860354293,-0.26499533823681753,-0.08598363203149278,-0.16658033771884387,-0.177872164094064,-0.31498795690551895,-0.21982803273593698,-0.10991401636796849,-0.205531958976484,-0.01129182637522014,-0.10587382160986221,-0.0980006215684243,0.17818294830622602,0.2514244276390759,0.13566082209103011,0.29451983839220963,0.2668600435097897,0.04081632653061224,-0.032116032159119706,-0.0312856106909769,0.004713682630883444,0.05951671805368216,-0.1956904589246866,-0.14783734803568976,-0.12230309032232921,0.08919506889050036,-0.04827764834241866,0.12758683247094318,0.04775717393556407,-0.12436870326100163,0.01994250343835303
-0.3260126385579612,0.3624355754757303,-0.093649642598156,0.24261887496115195,1.0,0.266031285610691,-0.09603232155806483,0.262094685589972,0.19527607997513724,-0.12483165855174556,-0.27514762250077696,-0.22262509064539518,-0.39469594944576813,-0.46810494434388666,-0.49041748679167096,0.023723194861701023,-0.19864805373008798,-0.1914998317184186,-0.3806070651610898,0.07158396353465243,-0.36517144929037604,0.09499637418419143,-0.19703719051072205,0.25106834848233023,0.041230705480161604,0.017714700093235263,0.27825546462239714,0.12887185330985185,0.013881694809903656,-0.06132808453330571,0.09634310577022687,-0.045270900238267894,-0.015228426395939085,0.04941468973376152,0.2239718222314306,0.14689733761524915,0.29478645991601843,-0.1839842535999171,0.02486273697296177,0.11157153216616594,0.042526741098409974,-0.08955996998678543,0.16191857453641353,-0.056615990280830815,-0.0023309419603269777,-0.07168755827203978,0.12638557961255567,-0.006319278980627783,-0.015332021133326428,-0.04848233709727545,-0.11778721640940638,0.2362995959805242,-0.12421009012742153,0.3577126281984875,0.4602714182119548,-0.22355744328188126,0.09178493732518386,0.18062210257022604,-0.1109499637418419,-0.2013415866620214,-0.12068786905625194,-0.3954831526021439,-0.43437273386511965,-0.46773023930384333,-0.40507640561986474,-0.46037501294934213,0.01030794333566819,-0.40470332302299283,-0.21837770641251422,-0.22935874857557234,-0.3409302807417383,-0.023930384336475704,-0.3546047860768673,0.1137470216513001,-0.1244723006814606,0.11903035325805447,0.11789081114679373,-0.18512379571117787,0.047653579198176726,-0.11716564798508235,0.25349632238682274,0.24541593287061014,0.26230187506474667,0.35373339215717625,0.30394695949445766,0.15922511136434267,0.2079146379363928,0.17839937863872304,-0.009427121102248005,0.0995053223508472,0.027090725450022432,-0.09551434787112814,-0.09324009336518625,0.1847755710206473,0.2826064435926655,0.026832426868425824,0.014970602754406244,-0.05822024241168549,-0.12198596259044517,-0.011240320119798981
-0.06194965295762975,0.25645541434619706,0.35626230187506475,-0.06371076349321454,0.266031285610691,1.0,0.014917642183777061,0.0765565109292448,0.388273075727753,0.07293069512068787,-0.002175489485134155,0.07438102144411064,-0.052108152905832386,-0.09235710033917781,0.00901274215269864,0.00435097897026831,0.07308798013380813,-0.06314262776974636,-0.02185848958872889,0.14441106391795294,0.07065161089816638,0.08971304257743705,0.09085258468869781,0.17461345218360538,0.17372837459857038,0.09323526364860664,0.08960944784004972,0.26344141717600744,0.18719569045892467,0.022894436962602297,-0.06889050036258158,0.00580130529369108,-0.00725163161711385,0.11043199005490521,0.11633689008598362,0.17186366932559824,0.1008520888168139,0.034082668600435094,0.1623329534859629,0.15684243240443385,-0.008235994926488655,0.06272823808791045,-0.01885424220449601,-0.10831110308986024,-0.09629380231661892,-0.08629441624365482,0.08733036361752822,0.03853724230809075,0.12752512172381641,-0.0463068476121413,-0.03273593701439967,0.12887185330985185,-0.10960323215580647,0.0346006422873718,0.644566456024034,0.37988190199937844,0.06702579508960944,0.2329387999020093,0.17880451673055006,0.036310895870871364,0.05946337926033357,-0.015487814358617031,0.024241168548637726,-0.03169998964052626,0.029215229254425025,-0.004661763182430332,0.03351376551847899,-0.029162673859201963,0.0017611105355847922,-0.05335128975448047,0.042681031803584374,-0.06588625297834869,-0.06236403190717912,0.15943230083911736,0.022739633790745405,0.03770848440899202,0.13581270071480367,0.049311094996374184,-0.06702579508960944,-0.00870195794053662,0.09634310577022687,0.060084947684657615,-0.04050554231845022,0.029887855802414803,0.045478089713042576,0.07541696881798404,0.04413135812700714,0.186998187249068,0.1618149797990262,0.009271969131078422,0.04801740438273574,0.10038330052833316,0.12514892531682778,0.06863684653836773,0.015021236921164404,-0.08640248651840593,-0.007200393712326877,0.03801926862115404,0.07018725236095677,0.0024345393807859547
0.280638143582306,0.13358887368185057,0.2981456542007666,-0.07997513726302703,-0.09603232155806483,0.014917642183777061,1.0,0.27846265409717186,0.17766497461928935,0.25971200663006316,0.31430643323319174,0.23257018543457994,0.19040712731793225,0.3207894124512216,0.3207293069512068,0.32311198591111573,0.08406930670245966,0.49483307882230265,0.18792085362063604,0.17725059566973997,0.32311198591111573,-0.04900031078421215,0.15186988500984147,-0.008857579449242516,0.24862736972961771,-0.0852584688697814,-0.18792085362063604,-0.03252874753962499,0.22852999067647362,0.06837252667564488,-0.08784833730446492,0.20211333264270173,-0.06661141614006008,0.13560551124002898,-0.07500258986843468,0.11001761110535584,-0.10634275210113968,0.3192789806277841,0.17321040091163367,0.3693152387858697,0.13058454848854023,0.13327808142047365,-0.1378845954625505,0.13638600403424292,0.06127787420148477,0.10732414793328499,-0.09882937946752304,0.11778721640940638,0.24427639075934943,0.23225940122241792,0.360613280845333,0.08277219517248524,0.3908629441624365,-0.02890293173106806,-0.08815912151662694,0.2252149590800787,0.4125142442763907,0.17368107539947458,0.37055837563451777,0.24433451615249674,0.2505956697399772,0.21688119973086792,0.2613695224282606,0.2555682171345695,0.3185703189977197,0.32798093856832067,0.34824272887285046,0.32638367315600636,0.2664456645602403,0.2710038330052833,0.3722158914327152,0.2437584170724127,0.2779446804102351,0.32197244379985496,0.33342829774721683,0.04029835284367554,-0.015953589557650468,0.27566559618771364,-0.05096861079457163,0.19071791153009426,0.13229047964363408,-0.10597741634724954,-0.2409613591629545,-0.0843800989638366,-0.07914637936392831,-0.19589764839946128,-0.06847612141303222,-0.018233618258080866,0.07842121620221693,0.1517184222621715,0.1177384683516271,0.15228426395939085,0.2136234139100156,0.11836618440767567,-0.07997513726302703,0.052214452284504304,0.041803724646386986,0.2053247695017093,0.26805832543760244,0.2547978556188534
-0.05221174764321972,0.35290461279350444,0.19693359577333472,0.1577747850409199,0.262094685589972,0.0765565109292448,0.27846265409717186,1.0,0.37998549673676574,-0.015332021133326428,-0.10722055319589764,-0.09095617942608515,-0.10556303739770019,-0.021703659586155638,-0.07510618460582202,0.24862736972961771,0.009582761392455353,0.23345678700430417,-0.06018854242204496,0.0880555267792396,-0.060084947684657615,0.13363721122966954,0.03988397389412617,0.1730594908767207,0.012327773749093546,-0.1060810110846369,0.09188853206257121,-0.05708070030042474,-0.019993784315756758,0.06371076349321454,-0.06163886874546773,-0.07479540039366,-0.05739148451258676,0.16450844297109704,0.1623329534859629,0.15259504817155287,0.02667633576818652,0.03822645809592873,0.19424013260126385,0.20242411685486375,0.14539897961417392,-0.0024345393807859547,0.13115093753237334,-0.05495843155348719,0.04273393593932793,-0.008391173728374599,0.11903035325805447,-0.04703201077385268,0.04133430021754895,0.10618460582202424,0.12099865326841396,0.3781207914637936,0.2875789909872578,0.25650056977105556,0.1584999482026313,-0.032632342277012324,0.42898580752097787,0.40864002500043395,0.05614834766393867,-0.07505633112252867,-0.0008287578990987258,-0.11452694831739883,-0.07189474774681445,-0.036672537035118614,-0.03781403786476998,-0.065368279291412,0.20693584736680615,-0.006371241358227073,0.14078524810939602,0.2362995959805242,0.036879726509893296,0.1506267481611934,0.022169273800890912,0.21558064850305603,0.06956566783820291,-0.025898684346835177,-0.07386304775717392,-0.02734901067025795,-0.12172381643012532,0.05386926344141717,0.12990780068372526,0.16119341137470217,0.08028592147518905,0.12965217170440946,0.1656479850823578,0.039987568631513516,-0.03936600020718947,-0.09075369087544795,0.02320522117476432,0.15099324031895867,0.20724663962818307,0.034082668600435094,0.1486661488656025,0.052060400581931746,0.084222521495908,-0.09365449378014264,0.043564972029258305,-0.02351600538692634,0.022118049267991543,0.1579342674897101
-0.04713560551124003,0.25055036138003534,0.44752926551331185,-0.16305811664767428,0.19527607997513724,0.388273075727753,0.17766497461928935,0.37998549673676574,1.0,0.2267688801408888,0.11706205324769502,0.1679270693048793,0.11043199005490521,0.09277149002101372,0.09592872682067749,0.0898166373148244,0.23376757926568112,0.1914998317184186,0.15352740080803895,0.0875375530923029,0.16958458510307675,0.2425152802237646,0.23246659069719258,0.29520084959785436,0.1705169377395628,0.07842121620221693,0.09095617942608515,0.21485548534134463,0.13985289547290997,0.09986532684139644,-0.17445353776028177,0.04299181601574639,-0.0898166373148244,0.23257018543457994,0.20138816948099036,0.24158292758727853,0.01807774987009145,0.14337511654407956,0.2689319382575365,0.25639697503366826,0.12758022329522992,0.08324052733878785,0.15591007976794777,-0.16653285338780519,-0.01807774987009145,-0.06236403190717912,0.11685486377292033,-0.05252253185538174,0.07562415829275872,0.059670568735108245,0.12462446907697088,0.0987257847301357,0.02869574225629338,-0.04091992126799958,0.3494250492075002,0.3509789702683103,0.22915155910079768,0.6108621897363566,0.2810525225318553,0.212012120969296,0.26240546980213403,0.14581336929600983,0.1880244483580234,0.13726302703822646,0.19134939160611003,0.12928623225940122,0.1245758981019196,0.15285799388722024,0.2838495804413136,0.21361234849269656,0.19527607997513724,0.21433751165440793,0.14368590075624157,0.32508028592147514,0.2406050090159736,0.11260747954003936,0.002486273697296177,0.12628198487516834,-0.16761628509271728,0.07800683725266755,0.16626955350668185,0.084222521495908,-0.06132808453330571,0.04874258632594858,-0.04205946337926033,0.002175489485134155,-0.046721226561690664,-0.041129241184421045,0.1366414586139024,0.11214420764684237,0.1334852762613916,0.14565420076660104,0.21994302023810045,0.05827656781559524,0.015539210608101107,-0.1592333594469903,-0.06718640751717958,-0.05822024241168549,0.06863329105407212,0.06552536844030282
0.15570289029317308,-0.001191370335278233,0.3012534963223868,-0.3447632860250699,-0.12483165855174556,0.07293069512068787,0.25971200663006316,-0.015332021133326428,0.2267688801408888,1.0,0.4982906868331089,0.6121413032217964,0.14420387444317825,0.31364119043955224,0.32528747539624986,0.03698332124728063,0.2850483023928746,0.16705084049010008,0.22790842225214958,-0.06060292137159432,0.3510825650056977,-0.0651610898166373,0.13715943230083913,0.07101603172462859,0.5154874132394074,0.21889568009945093,-0.08556925308194342,0.2625090645395214,0.33502538071065985,0.06609344245312337,-0.04786076867295141,0.2684139645705998,-0.08401533202113332,-0.007355226354501191,-0.11726924272246968,0.055319589764839944,-0.08551967058888534,0.2167201906143168,0.1620221692738009,0.27110742774267066,-0.10654994694205762,0.2325244102201734,-0.10079767947788251,0.07567791564528255,-0.05599440575807695,0.013467315860354292,-0.21050450637107634,-0.008183984253599917,0.10131565316481922,-0.048896716046824815,0.28581788045167306,-0.22656169066611415,0.04423495286439449,-0.2959701647156324,-0.06578265824096136,0.3147208121827411,0.00290065264684554,0.1790681412633414,0.6343105770226872,0.5321281501875342,0.5814772609551435,0.24909999749360967,0.35232570185434575,0.30239303843364757,0.31473711515937314,0.3111985911115715,0.03910802622326374,0.32037502276938573,0.17901170620532475,0.018439863254946648,0.34010152284263956,0.2626126592769087,0.22884077488863563,0.33999792810525226,0.5171065242209826,0.3479747228840775,0.15145550606029212,0.3682792914119962,-0.03211436859007562,0.28084533305708065,0.24437998549673678,-0.24313684864808863,-0.20718947477468141,-0.049156976007784486,-0.17714700093235264,-0.25494664871024547,-0.054594426603128555,0.1572649574759475,0.019372215891432714,0.0687368884745311,0.006682033619604003,0.24510514865844812,0.1898989901537627,0.05599730649658529,-0.0256914948720605,0.0647500648369349,-0.0047139268188614815,-0.006422873718015125,0.15741628038741523,-0.006785631040062979
0.19910908525846885,-0.061588666462861694,0.2883041541489692,-0.3262198280327359,-0.27514762250077696,-0.002175489485134155,0.31430643323319174,-0.10722055319589764,0.11706205324769502,0.4982906868331089,1.0,0.5546462239718222,0.35046099658137364,0.43940845887675,0.44411063917952964,0.06837252667564488,0.25448706335747645,0.2262049675721758,0.31503159639490314,-0.05656272661348803,0.420801823267378,-0.04205946337926033,0.24437998549673678,0.010722333017504098,0.31420283849580444,0.16575157981974514,-0.24645188024448356,0.15528851134362373,0.19154666942919296,0.06785455298870817,-0.15508132186884904,0.2444835802341241,-0.1531130218584896,-0.03045685279187817,-0.22552574329224073,-0.05666632135087537,-0.2822511720404822,0.2783590593597845,0.05086501605718429,0.15456334818191234,-0.04097277979152532,0.2061070680031343,-0.13798819019993783,0.03931522106418169,-0.02481158219992494,0.11364342691391276,-0.18533098518595253,0.010359473738734071,0.08442971097068269,-0.001139542111260748,0.23288096964674196,-0.17901170620532475,0.14337511654407956,-0.33108878068994096,-0.13798819019993783,0.32725577540660933,0.0709623951103284,0.0892491777254085,0.47177043406194963,0.6287845434757596,0.4549880866052004,0.44251638149051936,0.44670050761421315,0.4218377706412514,0.4435120441070693,0.4538485444939397,0.037346870075461135,0.37455647366943057,0.21330156428053454,0.07842121620221693,0.3872371283538796,0.17901170620532475,0.27701232777374907,0.19196104837874234,0.44552070668382965,0.13881694809903655,-0.029938879104941467,0.3435201491764218,-0.06412514244276389,0.196415622086398,0.06464311612970061,-0.3111985911115715,-0.3309851859525536,-0.20962938029873954,-0.3318139438516523,-0.3286025069926447,-0.20656790635035738,0.03636363641242264,-0.023619600124313685,0.07692108469079026,-0.04542746887126132,0.18056562726613487,0.14390054409360412,0.01683545292450529,-0.18201595358955763,0.03501683506381439,-0.052060400581931746,0.030767637004040192,0.12954857428395047,0.005438864574096281
0.20750025898684343,-0.027505115131858337,0.31948617010255875,-0.35325805449083186,-0.22262509064539518,0.07438102144411064,0.23257018543457994,-0.09095617942608515,0.1679270693048793,0.6121413032217964,0.5546462239718222,1.0,0.22625090645395213,0.36740825165776114,0.3951103283953175,0.03304672122656169,0.37051617427153044,0.13182771753404796,0.2710038330052833,-0.08815912151662694,0.4323008391173728,-0.02413757381125039,0.1852273904485652,0.14084069311397895,0.42308090748989946,0.3620636071687558,-0.09613591629545218,0.28965088573500464,0.24054698021340518,0.19247902206567907,-0.18336268517559307,0.21516626955350665,-0.1291826375220139,0.000725163161711385,-0.11146793742877861,-0.02175489485134155,-0.12198596259044517,0.23909665388998236,0.0969646741945509,0.1668911219310059,-0.08562326800934432,0.14964647385299196,-0.08857350046617632,0.05226489862155379,-0.09494703585065223,0.08059670568735108,-0.16367968507199832,-0.029938879104941467,0.042888221278359055,-0.055319589764839944,0.25826168030664043,-0.17538589039676783,0.05500880555267792,-0.3483891018336268,-0.06163886874546773,0.32342277012327775,-0.03915881073241479,0.10717153146481148,0.48886356573086087,0.5817513145873842,0.5976380399875686,0.2958224341206082,0.39956490210297313,0.364549880866052,0.36985237034857216,0.40692012845747433,-0.056615990280830815,0.36492191356674575,0.1717600745882109,-0.007873200041437895,0.4159328706101729,0.16357609033461099,0.28561069097689834,0.2790842225214959,0.613452125247831,0.2137159432300839,0.11768362167201905,0.4878276183569874,-0.12327773749093546,0.28747539624987045,0.1455506060292137,-0.25536102765979485,-0.26831036983321244,-0.1397011214889302,-0.19434372733865118,-0.3026002279084222,-0.09416761628509271,0.12991453008882617,-0.05086501605718429,0.02978425838195583,-0.011343917540257957,0.24427639075934943,0.18565138590045974,-0.007718407648465502,-0.1531130218584896,0.009427609440257721,-0.0016058432020297354,-0.012431368486480885,0.08344772217970581,-0.05475123671256923
0.29959598052418934,-0.09142472355504702,0.3100590490003108,-0.2483165855174557,-0.39469594944576813,-0.052108152905832386,0.19040712731793225,-0.10556303739770019,0.11043199005490521,0.14420387444317825,0.35046099658137364,0.22625090645395213,1.0,0.5688016370300121,0.5572360924065057,0.08204703201077385,0.2708554557899948,0.34244127332714774,0.5661452398218171,-0.0679581477260955,0.4079560758313477,0.17010255879001346,0.4169688179840464,-0.04190515657565611,0.009427121102248005,-0.015332021133326428,-0.24127214337511652,-0.06764736351393348,0.0173003211436859,0.15673883766704652,-0.1811871956904589,0.10069408474049518,-0.0062156842432404425,0.13550191650264165,-0.027038226458095928,-0.07593494250492074,-0.2288985005041092,0.3166891121931006,0.19444732207603851,0.01740391588107324,0.18901349362740313,0.17782497221783367,0.039987568631513516,0.029162673859201963,0.15865944943292296,0.28043095410753127,0.0898166373148244,0.06277841085672847,0.09396042681031802,0.23049829068683308,0.12970061120895057,-0.04185227390448565,0.19165026416658032,-0.2697606961566352,-0.19703719051072205,0.3612348492696571,0.1300113954211126,0.11618450704474247,0.18253392727649434,0.2695086893240281,0.18833523257018542,0.7576597345267267,0.5921475189060394,0.5851030767637003,0.5000777007486156,0.5464622397182223,0.0973297765212087,0.5537800110634604,0.355433543975966,0.3738734072309126,0.36631099140163675,0.10649539003418626,0.42121620221692735,0.04444214233916917,0.14923208417115608,-0.1995234642080182,-0.24230809074898993,0.1960012431368486,-0.1399564902102973,0.17383196933595774,-0.23681756966746087,-0.13985289547290997,-0.25805449083186577,-0.3588096657596661,-0.3519113229047964,-0.10649539003418626,-0.25069926447736457,-0.2884226888096428,0.018439863254946648,-0.016627385983665775,0.15606951392144852,0.1043199005490521,0.2245014248026207,-0.08365925068638783,-0.17372837459857038,-0.051903651973287016,0.026781320498366876,0.08339376359680928,0.1597990210579717,0.12032840386310154
0.3582916786573712,-0.12432012432012429,0.28701665338159515,-0.2588381550167535,-0.46810494434388666,-0.09235710033917781,0.3207894124512216,-0.021703659586155638,0.09277149002101372,0.31364119043955224,0.43940845887675,0.36740825165776114,0.5688016370300121,1.0,0.7135272334112026,0.09225350291871884,0.31722351722351716,0.4153328153328153,0.649193235306178,-0.06956566783820292,0.5741887028938788,0.09007795708908031,0.41444148054613666,-0.06133126133126132,0.11794566319254508,0.04356271530299974,-0.2080754189918549,-0.025847556404514707,0.11556292252198862,0.13379606852276854,-0.19605811821861358,0.19129263687750064,-0.034342544882150806,0.13576441951148907,-0.09163191839596496,-0.12550827488605037,-0.34136234136234134,0.42138250771688807,0.2436093342092839,0.005749656835473212,0.1361305361305361,0.2626262626262626,-0.029162673859201963,0.08256928256928256,0.13167573167573166,0.2506539588004943,0.03061303774562764,0.0499857553714563,0.06904768073590803,0.1561731113419075,0.26981948158540503,-0.12208956001090415,0.189738675570616,-0.2997591360980494,-0.3087721116779803,0.3846054234539513,0.11670249414703736,0.12856772856772855,0.345963585622753,0.33058793058793057,0.2855662894951695,0.5910385910385909,0.6743674084777094,0.769677035299968,0.6607267737718314,0.7267877032299517,0.06288526288526287,0.6712250712250711,0.4376473027289475,0.4067752714321724,0.5381368005741549,0.16487529466046155,0.5454922174267423,0.12436870326100162,0.28997668997668996,-0.06801170653131826,-0.13918313438663532,0.32690166025830125,-0.118256455453922,0.3133303981781753,-0.1767889980132439,-0.2515863355846251,-0.368133433600974,-0.3636363636363636,-0.3645075238849098,-0.22361503206070138,-0.3087721116779803,-0.19948716627168347,-0.047292222439522906,-0.0173012173012173,0.11002331002331,0.15648390360328443,0.2789505038621178,-0.11707418167386972,-0.22744813661768354,-0.055272086837674955,-0.035122254502160916,0.08893838546403157,0.1529137529137529,0.04662004662004661
0.3737698124935253,-0.12260754711319903,0.3956283020822542,-0.27587278566248835,-0.49041748679167096,0.00901274215269864,0.3207293069512068,-0.07510618460582202,0.09592872682067749,0.32528747539624986,0.44411063917952964,0.3951103283953175,0.5572360924065057,0.7135272334112026,1.0,0.06899409509996891,0.3187174640420421,0.3478283391910146,0.5468766186677716,0.0012431368486480886,0.6269553506681861,0.005386926344141717,0.40681653372008697,-0.09204630807780087,0.16958458510307675,0.06733657930177146,-0.2128871853309852,0.004868952657205014,0.24292965917331397,0.21558064850305603,-0.16979177457785144,0.16430125349632235,-0.03418626333782244,0.09613591629545218,-0.15528851134362373,-0.0519009634310577,-0.2760353268129437,0.40681653372008697,0.21972443799854965,0.06236403190717912,0.07795705889538003,0.23780787866358125,-0.1294934217341759,0.1062391546806807,0.11090103860133466,0.23526364860665075,-0.03905521599502745,0.11913394799544183,0.15570289029317308,0.19776235367243342,0.2366103801926862,-0.12576401118823163,0.18564176939811455,-0.29876722262509064,-0.24572671708277216,0.49031389205428366,0.10224800580130529,0.07101603172462859,0.38288614938361126,0.33684701262236305,0.3002175489485134,0.5622749995410965,0.7164612037708483,0.7286853827825546,0.6685314694283854,0.8112503884802651,0.10364921916920627,0.6255730234415313,0.35895576504713556,0.3359577333471459,0.5359991712421008,0.08619082150626747,0.5745364135501916,0.1565316481922718,0.31799228209882924,-0.08639801098104216,-0.07013363721122966,0.42784626540971715,-0.1397493007355226,0.28633585413860974,-0.17279602196208432,-0.26043716979177456,-0.34901067025795085,-0.3542513792594711,-0.2941054594426603,-0.21050450637107634,-0.233502538071066,-0.1194509196111775,0.023619600124313685,-0.034031752620773875,0.13845795244342246,0.229255153838185,0.28728308766851274,-0.15887487421371607,-0.2930695120687869,-0.015022015042168897,0.027817348370644125,0.1668911219310059,0.20476030153716762,0.0954650229529471
0.20418522739044856,0.2597705318008843,0.1887496115197348,0.228944369626023,0.023723194861701023,0.00435097897026831,0.32311198591111573,0.24862736972961771,0.0898166373148244,0.03698332124728063,0.06837252667564488,0.03304672122656169,0.08204703201077385,0.09225350291871884,0.06899409509996891,1.0,-0.0553728212353231,0.2627748569941946,0.045788873925204594,0.09955454262923442,0.010877447425670775,0.24728063814358225,0.20511758002693462,0.1080003108284833,0.005386926344141717,0.034082668600435094,-0.014088884284678338,-0.135916295452191,-0.13778100072516317,0.14648295866569977,-0.05635553713871335,0.13684864808867708,0.23774992230394693,0.32497669118408784,0.29793846472599195,-0.12244897959183673,-0.19160342913887757,0.09717186366932559,0.2625090645395214,0.2269760696156635,0.17482064702452332,0.10023050429406005,0.21392313270485858,-0.08179016345236217,-0.005646059415014235,0.011188231637832797,0.19351496943955246,0.09603232155806483,0.006630063192789806,0.025069926447736455,0.19403294312648917,0.2849891225525743,0.49570081839842534,0.24748782761835697,0.038848026520252765,0.04330260022790842,0.32715218066922197,0.18238325871802863,0.05397285817880451,0.013933853051732378,0.03056044752926551,0.07640309758849538,0.06785455298870817,0.06495390034186263,0.052421652491982496,0.058427431886460164,0.16280334625128204,0.017248970506419634,0.20138816948099036,0.24344763286025065,0.09478918470941676,0.32580544908318654,0.149280016575158,0.10359473738734071,-0.027090725450022432,-0.14368590075624157,-0.3167927069304879,0.1065989847715736,-0.12783590593597843,0.1668911219310059,-0.08132186884906246,-0.0034186263337822437,-0.07500258986843468,0.09380746422560347,-0.06319278980627784,0.14202838495804412,-0.20232052211747642,-0.21756021785210125,-0.11799440588418107,-0.003988500687670606,0.1535831758304331,0.12431368486480886,0.13758093776551927,0.07920433083559565,0.0826686004350979,-0.18140378164715681,0.038488435455099786,-0.016782347456749197,0.09442904874835734,0.05361166508752049
0.1770997902746208,-0.14193214193214193,0.2384294631863351,-0.32058221761030364,-0.19864805373008798,0.07308798013380813,0.08406930670245966,0.009582761392455353,0.23376757926568112,0.2850483023928746,0.25448706335747645,0.37051617427153044,0.2708554557899948,0.31722351722351716,0.3187174640420421,-0.0553728212353231,1.0,0.15239575239575237,0.3843982286130334,-0.005956851676391165,0.3352930513154784,0.08769521641852386,0.2705446635286179,0.16886816886816886,0.14280904410269948,0.2258941753107989,0.043666312723458715,0.18041490772930807,0.17554582896773616,0.15741628038741523,-0.1789645438428824,0.18290124582032352,-0.011033125278881029,0.17741058253599773,0.05278288572384868,0.06894408331544905,-0.08526288526288525,0.270026676426323,0.11255859732867829,0.08044339698639548,0.0694120694120694,0.1421393421393421,-0.002227344539868001,-0.06765086765086764,0.040922040922040916,0.06013830257643603,0.014037450472191354,0.05858434126955138,-0.002330941960326978,0.039211623643722715,0.06480018649708999,-0.13379606852276854,0.010307943335668191,-0.26391442861924336,-0.06852969363361315,0.28297635398369514,-0.1159773122038245,0.24377104377104375,0.22641216241309375,0.2837606837606837,0.25023956911865847,0.2575498575498575,0.4141306882847597,0.372691720101169,0.27221632271038604,0.36492191356674575,-0.06184926184926184,0.39212639212639205,0.3138483852804702,0.17440625734268744,0.38367304666982055,0.15876304685338194,0.38947450221552327,0.10447799853287809,0.3368039368039368,0.0789930330999698,0.05640879543991286,0.3037994354959494,-0.12115718322677337,0.2697158841649461,0.08469089122521352,-0.07868224083859288,-0.10768951856710637,-0.0662004662004662,-0.07122322656554654,-0.11846365029483996,-0.10416720627150117,-0.04791628896424492,0.0499857553714563,0.0636104636104636,0.07407407407407406,0.28059361331313865,0.18322152872057762,-0.02745544968458007,-0.15731268296695625,-0.11795177294225481,-0.020824699572077714,0.03713967523454318,-0.015643615643615643,-0.008080808080808079
0.3134339955986343,0.07086247086247086,0.2906425630976594,-0.13638600403424292,-0.1914998317184186,-0.06314262776974636,0.49483307882230265,0.23345678700430417,0.1914998317184186,0.16705084049010008,0.2262049675721758,0.13182771753404796,0.34244127332714774,0.4153328153328153,0.3478283391910146,0.2627748569941946,0.15239575239575237,1.0,0.3486571185546864,0.22558338304942196,0.30607857874604694,0.14757452544381244,0.2765533139152385,-0.005801605801605801,0.045945455973556204,-0.18186527161573374,-0.23894745028862993,-0.17264510119488483,0.0651109787584669,0.09919453008947027,-0.162906943671741,0.14975007127345094,-0.04946776826916142,0.34565279336137605,0.03620729845041239,0.1740954650813105,-0.15809375809375809,0.2944756676546415,0.23366398184522214,0.2735489887219282,0.1698005698005698,0.07055167055167054,-0.056926782542207746,0.020616420616420612,0.06858326858326858,0.048121001803194716,0.03164901195021741,0.078060656315839,0.1740954650813105,0.2853590946542516,0.2465100619821353,0.009789956233373306,0.34668876756596584,-0.11577011736290657,-0.16166377462623327,0.23324959216338623,0.36958379748739967,0.2695674695674695,0.26712594865347167,0.1987049987049987,0.19875165115054697,0.3828023828023827,0.3384009739292477,0.3694802000669407,0.3696029424431217,0.3824298776243128,0.30116550116550117,0.4102564102564102,0.5057108079704952,0.58216570426922,0.38978529447690013,0.33570744099731425,0.36802983618051505,0.22123229139014494,0.20098420098420094,-0.09049234677091623,-0.14933568159161503,0.1312061330112941,-0.1089326876126141,0.16456450239908463,-0.009479163971996376,-0.028230297075071176,-0.24019061933413768,-0.1355089355089355,-0.23179922827696056,-0.04480588434850746,-0.14115148537535588,-0.2568831102418277,0.17026236052432836,0.04485884485884485,0.12856772856772855,0.09753697136212665,0.27957212058381603,-0.030667219270323398,-0.15814146233062806,-0.08790696472683637,-0.05491089936916014,0.11856724771529895,0.2289562289562289,0.2285418285418285
0.3078835595151766,-0.10789671340802433,0.30695120687869054,-0.30923029110121203,-0.3806070651610898,-0.02185848958872889,0.18792085362063604,-0.06018854242204496,0.15352740080803895,0.22790842225214958,0.31503159639490314,0.2710038330052833,0.5661452398218171,0.649193235306178,0.5468766186677716,0.045788873925204594,0.3843982286130334,0.3486571185546864,1.0,-0.055526779239614625,0.5042991816015746,0.1305293691080493,0.39604268103180357,-0.002745331642162885,0.08049311094996374,0.012431368486480885,-0.107634932145447,-0.006319278980627783,0.0819434372733865,0.12545322697606962,-0.1109499637418419,0.13881694809903655,-0.019683000103594736,0.17631824303325389,0.009841500051797368,-0.09623951103283954,-0.24599207487984037,0.3498394281570496,0.21413032217963326,-0.03895162125764011,0.14622775897784573,0.2629820518351126,0.007666010566663214,0.04843179406457165,0.11494133799923474,0.2004558168445043,0.06163886874546773,0.052004558168445035,0.052108152905832386,0.14990158499948203,0.1270071480368797,-0.14233916917020614,0.0892986636278877,-0.3491142649953382,-0.19537967471252457,0.36392831244172796,0.016885942194136538,0.1686048017969847,0.27038226458095926,0.2715806377332077,0.25815808556925307,0.5830980810533508,0.5811664767429815,0.6389723402051175,0.5795389803165021,0.5729824924893815,0.05381885992843844,0.5928362385764947,0.4434890707552056,0.36144203874443176,0.47342794986014713,0.10069408474049518,0.46824821299078007,0.08836631099140163,0.24298774968653003,-0.08163265306122448,-0.09603232155806483,0.21112607479540038,-0.08070030042473843,0.22044960116026105,-0.1603646534756034,-0.17238164301253495,-0.2752512172381643,-0.32607288089462944,-0.3171034911426499,-0.17528229565938047,-0.27639075934942503,-0.2460502463803526,-0.01906143167927069,-0.06407500455387714,0.1222967548518221,0.13871335336164922,0.2593110596589569,-0.08635292315430868,-0.16834144825442865,-0.11986532002613388,-0.054650470262624866,0.05480161607790324,0.10427080369196014,0.033720960359396944
0.0997617321040091,0.19926963825284186,0.10525225318553817,0.1294934217341759,0.07158396353465243,0.14441106391795294,0.17725059566973997,0.0880555267792396,0.0875375530923029,-0.06060292137159432,-0.05656272661348803,-0.08815912151662694,-0.0679581477260955,-0.06956566783820292,0.0012431368486480886,0.09955454262923442,-0.005956851676391165,0.22558338304942196,-0.055526779239614625,1.0,0.03056044752926551,-0.14990158499948203,-0.0770744846161815,-0.10727512888527047,-0.029420905418004763,-0.1399564902102973,0.04786076867295141,-0.187299285196312,0.1875064746710867,-0.052626126592769086,0.08784833730446492,0.020822542214855484,0.1277323111985911,0.16606236403190716,0.042681031803584374,0.3884802652025277,0.19854445630962902,0.016367968507199834,-0.03729410545944266,0.17704340619496528,0.13162052269313,-0.06852969363361314,-0.22904796436341032,0.021703659586155638,0.21895314814004746,-0.07790324251528022,0.013260126385579612,0.34901067025795085,0.24261887496115195,0.30891950688905,0.08339376359680928,0.0819434372733865,0.18553817466072722,0.1666839324562312,0.07407023723194861,0.0880555267792396,0.15891432715218065,0.023982802836253123,-0.002797057909458199,-0.12281474195411698,-0.041748679167098304,-0.04221594883703304,-0.013363721122966953,-0.046721226561690664,-0.03988603993955189,0.026520252771159224,0.33363549258813474,-0.06044909483781296,0.1249352532891329,0.20636071687558272,0.11737283745985704,0.007976794778825234,0.051486584481508335,0.09219931627473324,-0.0352749216662816,-0.1399564902102973,0.11789081114679373,-0.07697088987879415,0.06070651610898165,-0.019165026416658033,0.15073034289858073,0.2831244172796022,0.16119341137470217,0.14021910859122508,0.18916399046928414,0.20066300631927897,0.1911322904796436,0.05635845643406814,0.444525018129079,0.16953717858111553,0.20600347058267535,-0.029213715943230082,0.13250453268230358,-0.04149291628470381,-0.06609344245312337,0.04361564367415935,0.13328498576846803,0.3286025069926447,0.08997435966862134,0.25987412922134323
0.3299492385786802,-0.0499857553714563,0.41127110742774264,-0.29731689630166785,-0.36517144929037604,0.07065161089816638,0.32311198591111573,-0.060084947684657615,0.16958458510307675,0.3510825650056977,0.420801823267378,0.4323008391173728,0.4079560758313477,0.5741887028938788,0.6269553506681861,0.010877447425670775,0.3352930513154784,0.30607857874604694,0.5042991816015746,0.03056044752926551,1.0,-0.010877447425670775,0.38661555992955554,0.022636036370286428,0.20967574847197762,0.12151662695535066,-0.11892675852066714,0.12907904278462654,0.2714182119548327,0.22915155910079768,-0.10587382160986221,0.1312545322697607,-0.06930487931213095,0.05915259504817155,-0.15663524292965916,-0.03915881073241479,-0.24205537290239926,0.3435201491764218,0.14689733761524915,0.09375323733554335,0.004092098108129583,0.20103079440064445,-0.16150419558686419,0.06801170653131826,0.022118049267991543,0.16305811664767428,-0.09447840049725474,0.04009116336890085,0.11084636900445456,0.1083600953071584,0.18698850098414999,-0.12545322697606962,0.107634932145447,-0.31461721744535376,-0.1565316481922718,0.4429710970682689,0.013260126385579612,0.09163191839596496,0.38692634414171756,0.3421304810657708,0.3450740702372319,0.4152702599098084,0.5736040609137055,0.5783694188335232,0.6176638184924893,0.6499533823681757,0.0383828442800509,0.5492217245632655,0.34704237024759144,0.24924893815394175,0.6635242929659173,0.03822645809592873,0.5155910079767948,0.16948099036568942,0.37424568140805364,0.010463068476121412,0.039987568631513516,0.44846161814979796,-0.11934113747021649,0.26178390137781,-0.029938879104941467,-0.24769501709313163,-0.3669325598259608,-0.33363549258813474,-0.20677509582513207,-0.27483683828861494,-0.1913394799544183,-0.07086247095754156,0.015228426395939085,-0.036621688132248295,0.05785915932633853,0.16243654822335024,0.20243460270619326,-0.0885285816860909,-0.24696985393142024,-0.05501165508545989,-0.0030562822232178834,0.08743395835491556,0.1352464324091942,0.012794281426683634
-0.10618460582202424,0.13493564014781728,0.11561172692427224,-0.006630063192789806,0.09499637418419143,0.08971304257743705,-0.04900031078421215,0.13363721122966954,0.2425152802237646,-0.0651610898166373,-0.04205946337926033,-0.02413757381125039,0.17010255879001346,0.09007795708908031,0.005386926344141717,0.24728063814358225,0.08769521641852386,0.14757452544381244,0.1305293691080493,-0.14990158499948203,-0.010877447425670775,1.0,0.42888221278359057,0.47059128243490206,-0.1686522324665907,0.08442971097068269,0.12762871646120375,0.09862218999274837,-0.34973583341966225,0.30063192789806276,-0.23640319071791155,-0.029938879104941467,0.12089505853102663,0.4555060602921371,0.4605822024241168,-0.14793328498912253,-0.1977156769459572,0.08909147415311301,0.37397700196829997,0.05107220553195897,0.24112299611826846,0.025847556404514707,0.5866569978245104,-0.2624640647328177,-0.02222164668845052,0.04496011602610587,0.5067854552988708,-0.11281466901481405,-0.22127835905935977,-0.08204703201077385,-0.006112089505853102,0.1455506060292137,0.05915259504817155,0.029524500155392104,0.172692427224697,0.06277841085672847,0.08225422148554852,0.3533190024753403,-0.021236921164404846,-0.02771230997277629,-0.04423495286439449,0.1232291316359529,0.04651403708691598,0.07717807935356884,0.059259259338762825,0.028384958044131357,-0.11100463602179363,0.03682888297316625,0.2732829172278048,0.23184502227286852,-0.011913394799544182,0.2661348803480783,0.10867087951932042,0.10442349528643945,-0.09401465906652144,-0.1422355744328188,-0.3893090231016264,0.002382678959908836,-0.23329534859629128,0.05832383714907282,-0.18698850098414999,0.0709623951103284,-0.12928623225940122,-0.029887855802414803,-0.1653372008701958,0.15756759556614525,-0.27297213301564277,-0.2782698786432114,-0.19755516419765876,-0.017870555029173497,0.0857268654298033,-0.039780379156738835,0.11230251245317989,0.027610142796188678,0.1251424427639076,-0.32167832210989256,-0.1665414804685677,-0.29503781207914637,-0.13980471890938917,-0.17979332320655422
0.15912151662695534,0.005542461994555258,0.3081943437273386,-0.16274733243551226,-0.19703719051072205,0.09085258468869781,0.15186988500984147,0.03988397389412617,0.23246659069719258,0.13715943230083913,0.24437998549673678,0.1852273904485652,0.4169688179840464,0.41444148054613666,0.40681653372008697,0.20511758002693462,0.2705446635286179,0.2765533139152385,0.39604268103180357,-0.0770744846161815,0.38661555992955554,0.42888221278359057,1.0,0.3003807206208032,-0.04941468973376152,0.14006008494768463,0.022894436962602297,0.1312545322697607,-0.06288200559411582,0.42380607065161086,-0.11861597430850512,0.0625712213819538,0.12534963223868228,0.2780482751476225,0.10701336372112295,-0.18615974308505126,-0.3832586569879846,0.25038848026520255,0.3030146068579716,0.10670257950896093,0.1869415452182236,0.13400326336368645,0.2533927276494354,-0.09473984100973426,0.011654709801634888,0.17103491142649951,0.2849891225525743,0.09012742152698641,-0.07469180565627266,0.0017611105355847922,0.11623329534859629,0.06215684243240443,0.12182741116751268,-0.12431368486480886,-0.002486273697296177,0.33160675437687764,0.06909768983735626,0.23635751477715553,0.1607790324251528,0.21045815966241135,0.11436859007562415,0.3587060683392071,0.3901377810007251,0.411685486377292,0.41471121526760063,0.4010152284263959,-0.026572738347727547,0.33135634933803726,0.36786491246244685,0.3144100279705791,0.34869988604578883,0.13985289547290997,0.4777789288304154,0.1119859111157153,0.10126647849864981,-0.13964570599813528,-0.29514140681653367,0.28364239096653887,-0.1722780482751476,0.24075416968817984,-0.18356987465036773,-0.19703719051072205,-0.3299492385786802,-0.2637072337783254,-0.22552574329224073,-0.0312856106909769,-0.4067129389826996,-0.23765863797748588,-0.14316792706930487,-0.038175649439132944,0.08748802157760589,0.1546669429192997,0.18264698289202594,-0.10282576632351693,-0.1256604164508443,-0.2136234139100156,-0.060452226347377465,-0.03449704754998446,-0.023361218313499268,-0.10686073920343456
-0.13628240661378396,0.16099456099456097,0.1263370542497222,-0.09660459457799585,0.25106834848233023,0.17461345218360538,-0.008857579449242516,0.1730594908767207,0.29520084959785436,0.07101603172462859,0.010722333017504098,0.14084069311397895,-0.04190515657565611,-0.06133126133126132,-0.09204630807780087,0.1080003108284833,0.16886816886816886,-0.005801605801605801,-0.002745331642162885,-0.10727512888527047,0.022636036370286428,0.47059128243490206,0.3003807206208032,1.0,0.06821890137223621,0.26795472801714343,0.28867421210893884,0.34513480625908116,-0.13990831632984815,0.40729325853446724,-0.06946207041774394,-0.018181347290550428,0.01061873559704512,0.2619460776305228,0.2848411075519567,-0.03309937583664309,-0.05760165760165759,0.0038849032672116294,0.18932428588878006,0.10458159595333706,0.11509971509971507,-0.05283605283605283,0.3678226413395971,-0.1478373478373478,-0.08888888888888888,-0.010722333017504098,0.2467172568230532,-0.10509958305563195,-0.20144518408248036,-0.16135298236485635,0.014451840154027262,0.13617880919332498,-0.08241174797511604,0.009479163971996376,0.27997202879038474,0.018595736972386333,-0.009686358812914329,0.312043512043512,0.0441842998257536,0.11313131313131311,0.0942218539074394,-0.08049728049728049,-0.0884203983617367,-0.06625055038351566,-0.003781501723664735,-0.06821890137223621,-0.18948458948458946,-0.06723646723646723,0.12364352131778879,-0.025951153824973688,0.034446142302609783,0.15658750102374341,0.03941881848464067,0.14985366869390992,0.1215229215229215,0.12322913163595288,-0.0830333324978699,0.12685504135201708,-0.1547227474554818,0.06096708194010784,0.127165833613394,0.01569500919953498,-0.057341172224043654,0.08163688163688163,0.07878583825905185,-0.020874880222483825,-0.09349667196422655,-0.004921132380111641,-0.17533863412681822,0.07376327376327374,-0.04651644651644651,0.013623060790355447,-0.008340024349452359,0.10225859939124728,0.16000621589888966,-0.23688777236053193,-0.1432863657123556,-0.2757245345515667,-0.1855477855477855,-0.17984977984977982
0.11333264270175074,0.05381885992843844,0.2684139645705998,-0.27007148036879725,0.041230705480161604,0.17372837459857038,0.24862736972961771,0.012327773749093546,0.1705169377395628,0.5154874132394074,0.31420283849580444,0.42308090748989946,0.009427121102248005,0.11794566319254508,0.16958458510307675,0.005386926344141717,0.14280904410269948,0.045945455973556204,0.08049311094996374,-0.029420905418004763,0.20967574847197762,-0.1686522324665907,-0.04941468973376152,0.06821890137223621,1.0,0.22024241168548636,-0.038640837045478084,0.3129597016471563,0.388583859939915,-0.0117062053247695,0.002589868434683518,0.22417901170620533,-0.15186988500984147,-0.08764114782969024,-0.13477675334093028,0.07054801616077903,0.046981430178145975,0.13394799544183156,0.06723298456438412,0.2473842328809696,-0.22216466817427571,0.16446090497862564,-0.205531958976484,0.12778741813614786,-0.14933568159161503,-0.045270900238267894,-0.2926551331192375,-0.005386926344141717,0.11053558479229254,-0.11592251113643426,0.26375220138816946,-0.12099865326841396,0.0,-0.18833523257018542,0.08909147415311301,0.26012638557961254,0.06308919506889049,0.09691538683937279,0.5096861079457163,0.37735360402182294,0.43364757070340826,0.08251534539557501,0.1761110535584792,0.12244897959183673,0.18492618517428608,0.15839635346524394,0.016627385983665775,0.15492994229639978,0.007562415829275872,-0.13829897441209985,0.21589143271521805,0.11395421112607479,0.042681031803584374,0.3030146068579716,0.41982854641000344,0.3830933388583859,0.32104009116336885,0.2780482751476225,-0.014606857971615041,0.10131565316481922,0.30187506474671083,-0.205531958976484,-0.12814669014814045,-0.010411540756127166,-0.03967678441935149,-0.3000103594737387,0.12866466383507716,0.2611758615262606,0.01719672640629856,0.04231954625749201,-0.06884048589499007,0.1867813115093753,0.052214452284504304,0.08759615660104138,-0.01025587900134673,0.11613571629152644,-0.04460099990153556,0.029524500155392104,0.1455025770346329,-0.009789956233373306
0.07282710038330052,-0.0196317111769761,0.12576401118823163,-0.05594115818916398,0.017714700093235263,0.09323526364860664,-0.0852584688697814,-0.1060810110846369,0.07842121620221693,0.21889568009945093,0.16575157981974514,0.3620636071687558,-0.015332021133326428,0.04356271530299974,0.06733657930177146,0.034082668600435094,0.2258941753107989,-0.18186527161573374,0.012431368486480885,-0.1399564902102973,0.12151662695535066,0.08442971097068269,0.14006008494768463,0.26795472801714343,0.22024241168548636,1.0,0.2699678856314099,0.41313581270071476,0.07666010566663213,0.19703719051072205,0.004765357919817672,0.06557546876618667,0.01564280534548845,-0.026623847508546565,0.04951828447114886,-0.1620221692738009,-0.04490948176896643,0.01864705272972133,0.005386926344141717,-0.004040194758106288,-0.12685504135201706,0.0968117894189138,0.11177872164094063,-0.0312346222683815,-0.07816425373629798,0.0312856106909769,0.0062156842432404425,-0.04920750025898684,-0.12970061120895057,-0.2579508960944784,0.08132186884906246,0.05687351082565005,-0.04754998446078939,-0.019579405366207395,0.1043199005490521,0.10400911633689007,-0.1562208639801098,0.10509958305563194,0.09768983735626229,0.22454740884483218,0.16875582720397803,-0.06231384840607453,0.07116958458510307,0.08733036361752822,0.022584822615122895,0.08639801098104216,-0.30804692973476744,0.03910802622326374,-0.00020718947477468144,-0.12887185330985185,0.1397493007355226,0.023101626437376982,0.11820159535895577,0.02175489485134155,0.22796612371997843,0.21682378535170413,0.07438102144411064,0.2839531751787009,-0.12679995856210505,0.21703097482647882,0.1364342691391277,-0.18056562726613487,0.016989536931523875,0.07888943567951082,0.11768362167201905,-0.08297938464725992,-0.1175800269346317,0.16741776764237887,-0.17911530094271208,-0.07629950016803641,-0.03517132424582262,0.2852999067647363,-0.010774410788865967,-0.1143256757057944,-0.028177768569356675,-0.07749287759684369,-0.0065787769889605295,-0.10069408474049518,-0.18631996069546974,-0.3017274870867699
-0.17631824303325389,0.104892388214714,-0.07241272143375116,0.19527607997513724,0.27825546462239714,0.08960944784004972,-0.18792085362063604,0.09188853206257121,0.09095617942608515,-0.08556925308194342,-0.24645188024448356,-0.09613591629545218,-0.24127214337511652,-0.2080754189918549,-0.2128871853309852,-0.014088884284678338,0.043666312723458715,-0.23894745028862993,-0.107634932145447,0.04786076867295141,-0.11892675852066714,0.12762871646120375,0.022894436962602297,0.28867421210893884,-0.038640837045478084,0.2699678856314099,1.0,0.26903553299492383,0.016264373769812494,0.15238785869677818,0.18450222728685384,-0.17569667460892985,0.11063917952967989,0.05739148451258676,0.20211333264270173,-0.038640837045478084,0.15586231908053058,-0.17517870092199314,-0.018336268517559307,-0.0401947581062882,-0.03983320816647658,-0.09960891977130618,0.13570910597741634,0.021807257006614615,0.1862163632750108,-0.054594426603128555,0.14534341655443903,0.13902413757381124,-0.11944473220760385,-0.154459753444525,-0.047446389723402045,0.17258883248730963,-0.055319589764839944,0.25090645395213923,0.1473117165647985,-0.14285714285714285,-0.09333885838599398,0.06863329105407212,-0.15083393763596809,-0.203102742809824,-0.12037708484408992,-0.328352024144727,-0.21381953796747125,-0.2040816326530612,-0.2290598293671409,-0.19962705894540556,-0.194193364650352,-0.20652145768497024,-0.03304672122656169,-0.11550813218688488,-0.09572153734590282,-0.08411892675852066,-0.0379156738837667,0.08235781622293588,-0.07961461762272366,0.1093960426810318,0.16212576401118822,-0.022376463275665594,0.05563037397700196,-0.04392416865223246,0.15000517973686936,0.10193722158914326,0.31420283849580444,0.24909999749360967,0.4325080285921475,0.09945094789184708,0.03729410545944266,0.17808857832750574,-0.08950585310266237,-0.045220274030343365,0.012690684006224655,-0.016264373769812494,-0.08526288537727587,-0.04263254694420878,0.1455506060292137,-0.03387723392268434,0.025227278689951005,-0.02496633171034911,-0.2662971692897998,-0.23407837152705804
-0.11353983217652543,-0.02450078993854801,0.16544079560758312,-0.23132704858593178,0.12887185330985185,0.26344141717600744,-0.03252874753962499,-0.05708070030042474,0.21485548534134463,0.2625090645395214,0.15528851134362373,0.28965088573500464,-0.06764736351393348,-0.025847556404514707,0.004868952657205014,-0.135916295452191,0.18041490772930807,-0.17264510119488483,-0.006319278980627783,-0.187299285196312,0.12907904278462654,0.09862218999274837,0.1312545322697607,0.34513480625908116,0.3129597016471563,0.41313581270071476,0.26903553299492383,1.0,0.21060810110846367,0.21226561690666113,0.0017611105355847922,0.027763389619807313,-0.09737905314410027,-0.06505749507924997,-0.013985289547290995,-0.060810110846368996,0.0352749216662816,-0.005076142131979695,-0.02351600538692634,0.08515487413239407,-0.23283520248155032,0.0034705135853757224,0.04558168445042991,0.016316593722288844,-0.1638393204558718,-0.07137677405987776,-0.1020408163265306,-0.12555682171345695,-0.0819434372733865,-0.34735315445975345,0.07334507407023723,-0.05822024241168549,-0.18584895887288924,-0.14648295866569977,0.2455195276079975,0.19776235367243342,-0.1579819745156946,0.1638393204558718,0.22335025380710657,0.2696122867444871,0.2351600538692634,-0.07743907179308514,0.02030456852791878,0.010981042163058116,0.03408443413016253,0.007355226354501191,-0.32824842672426796,0.021392867324778707,-0.017714700093235263,-0.22221071169584583,0.09199212679995855,0.0012431368486480886,0.009530715839635344,0.17082772195172483,0.28028282105176167,0.3503574018439863,0.2984564384129286,0.2807417383196933,-0.028488552781518697,0.07313788459546254,0.27514762250077696,-0.23163783279809383,-0.08297938464725992,0.010411540756127166,0.07800683725266755,-0.25691494872060494,0.007458821091888531,0.2999223003246824,-0.13177250595669737,-0.07640309758849538,-0.17668540059278492,0.11032839531751787,-0.12121212137474213,0.043772177603713755,0.003625815808556925,-0.002693602697216492,-0.16094692995827056,-0.1745571324976691,-0.10955427213536796,-0.3200642305080088
0.14938361131254532,-0.010929527858422052,0.24002900652646844,-0.1702061535274008,0.013881694809903656,0.18719569045892467,0.22852999067647362,-0.019993784315756758,0.13985289547290997,0.33502538071065985,0.19154666942919296,0.24054698021340518,0.0173003211436859,0.11556292252198862,0.24292965917331397,-0.13778100072516317,0.17554582896773616,0.0651109787584669,0.0819434372733865,0.1875064746710867,0.2714182119548327,-0.34973583341966225,-0.06288200559411582,-0.13990831632984815,0.388583859939915,0.07666010566663213,0.016264373769812494,0.21060810110846367,1.0,-0.03843364757070341,0.03615456334818191,0.15352740080803895,-0.1584999482026313,-0.10255879001346731,-0.19610483787423597,0.24437998549673678,0.2089041983555267,0.09727545840671294,-0.0765565109292448,0.18274111675126903,-0.1776177773769157,0.061899458724238625,-0.435097897026831,0.20786822415093692,0.04128357205290225,-0.04050554231845022,-0.3643426913912773,0.13674505335128975,0.2735937014399668,0.10742774267067232,0.15228426395939085,-0.1740391588107324,-0.051382989744121,-0.1270071480368797,0.00290065264684554,0.25453226976069615,-0.0351186159743085,0.013001476267601586,0.33419662281156115,0.19232861108209043,0.28405676991608825,0.06935847299728497,0.21381953796747125,0.12327773749093546,0.17187257210316,0.2101937221589143,0.11939602707897075,0.19699049500274435,0.023723194861701023,-0.06246762664456645,0.26230187506474667,-0.005179736869367036,0.10173003211436858,0.23443489070755205,0.36036362706655073,0.25463586449808345,0.4853413446596912,0.30063192789806276,-0.009427121102248005,0.10483787423598881,0.3410338754791256,-0.13757381125038848,-0.057495079249974095,0.06241744582653352,0.0954107531337408,-0.24800580130529368,0.1696881798404641,0.24708624741774357,0.2020097379053144,0.004713682630883444,-0.03278858357526615,0.14617217445353775,0.016783216805733525,-0.04874511139064455,-0.19175385890396765,0.20709660737445257,0.020565153264703387,0.24023619600124316,0.22061070686739107,0.14933568159161503
0.10193722158914326,0.019838906017894054,0.21661659587692944,-0.07779964777789287,-0.06132808453330571,0.022894436962602297,0.06837252667564488,0.06371076349321454,0.09986532684139644,0.06609344245312337,0.06785455298870817,0.19247902206567907,0.15673883766704652,0.13379606852276854,0.21558064850305603,0.14648295866569977,0.15741628038741523,0.09919453008947027,0.12545322697606962,-0.052626126592769086,0.22915155910079768,0.30063192789806276,0.42380607065161086,0.40729325853446724,-0.0117062053247695,0.19703719051072205,0.15238785869677818,0.21226561690666113,-0.03843364757070341,1.0,-0.0407127317932249,-0.024241168548637726,0.135916295452191,0.14461825339272763,0.10121205842743188,-0.11923754273282916,-0.08282613765695195,0.14264995338236816,0.16958458510307675,0.05428364239096654,0.10986506439674489,-0.03651809071178932,0.1875064746710867,0.006785631040062979,0.000258993551147442,0.11778721640940638,0.1511447218481301,0.07003004247384231,-0.1266963638247177,-0.03366828965088573,0.11540453744949755,0.10815290583238371,0.08515487413239407,-0.0546980213405159,-0.01305293691080493,0.12255257432922406,-0.005904900031078421,0.1352464324091942,0.06547187402879934,0.11286938959005521,0.10732414793328499,0.058895133530928304,0.1386097586242619,0.16885942194136538,0.1575757577871648,0.21848130114990155,-0.07526352596344664,0.08541607316842635,0.10701336372112295,0.09727545840671294,0.20035222210711695,0.047653579198176726,0.3661038019268621,0.12545322697606962,0.11991401418126564,-0.08349735833419661,-0.10494146897337614,0.3803998756863151,-0.10079767947788251,0.14606857971615042,-0.07438102144411064,-0.07666010566663213,-0.1577747850409199,-0.1124549999082193,0.03967678441935149,-0.06132808453330571,-0.12244897959183673,-0.072416472513628,-0.15021236921164405,-0.0223252441089095,0.04977856053053835,0.08629441624365482,0.08277648288753758,-0.041078505135792906,-0.038640837045478084,-0.07645687655945273,-0.01590302783945577,-0.048585931834662796,-0.08759161899806488,-0.09132112613458804
0.016160779032425153,0.011033125278881029,-0.12607479540039365,0.1266963638247177,0.09634310577022687,-0.06889050036258158,-0.08784833730446492,-0.06163886874546773,-0.17445353776028177,-0.04786076867295141,-0.15508132186884904,-0.18336268517559307,-0.1811871956904589,-0.19605811821861358,-0.16979177457785144,-0.05635553713871335,-0.1789645438428824,-0.162906943671741,-0.1109499637418419,0.08784833730446492,-0.10587382160986221,-0.23640319071791155,-0.11861597430850512,-0.06946207041774394,0.002589868434683518,0.004765357919817672,0.18450222728685384,0.0017611105355847922,0.03615456334818191,-0.0407127317932249,1.0,-0.04475292655133119,0.10753133740805966,-0.2411685486377292,-0.07697088987879415,-0.013363721122966953,0.11286938959005521,-0.15881073241479332,-0.19154666942919296,-0.04951828447114886,-0.10779311598756536,0.03786485717775601,-0.11726924272246968,0.2321100205383375,0.1445702002505021,-0.0015539210608101106,-0.12711074277426707,0.1272143375116544,0.05231534238060706,-0.03118201595358956,-0.0018647052729721327,0.04827514762250078,-0.03750129493421734,0.1516626955350668,-0.019683000103594736,-0.224696985393142,-0.14264995338236816,-0.2040351195939548,-0.11022480058013052,-0.16995156826295144,-0.18356987465036773,-0.23335318958384524,-0.21630581166476742,-0.18356987465036773,-0.16783216805733525,-0.20169895369315238,-0.004920877471801397,-0.23128124117466567,-0.22117476432197244,-0.17973686936703615,-0.1531130218584896,-0.19620843261162332,-0.10898166373148244,-0.10825650056977106,-0.13773277050020963,0.102765979488242,0.10929244794364446,-0.1740391588107324,0.3657930177147001,-0.0312856106909769,0.12659276908733036,0.025069926447736455,0.2595048171552885,0.13721478339791474,0.3139956490210297,0.09882937946752304,0.13964570599813528,0.19031339056871904,0.026934631720708584,-0.0182849447110094,0.0722592007701363,0.02558790013467316,-0.08982128994179608,0.05009194762460497,0.19237542732829171,0.20595700623332253,0.15628480453302296,0.15487413239407435,-0.05071093731466914,0.020771282802024848
0.294934217341759,-0.1690191914788206,0.04102351600538692,-0.1887496115197348,-0.045270900238267894,0.00580130529369108,0.20211333264270173,-0.07479540039366,0.04299181601574639,0.2684139645705998,0.2444835802341241,0.21516626955350665,0.10069408474049518,0.19129263687750064,0.16430125349632235,0.13684864808867708,0.18290124582032352,0.14975007127345094,0.13881694809903655,0.020822542214855484,0.1312545322697607,-0.029938879104941467,0.0625712213819538,-0.018181347290550428,0.22417901170620533,0.06557546876618667,-0.17569667460892985,0.027763389619807313,0.15352740080803895,-0.024241168548637726,-0.04475292655133119,1.0,0.1198591111571532,0.13601989018957836,0.024655547498187092,0.029213715943230082,-0.002227344539868001,0.3062260437169792,0.04848233709727545,0.062053247695017084,0.11545932510152963,0.23335318958384524,0.0463068476121413,0.09639739973707791,0.043666312723458715,0.015539210608101107,-0.04951828447114886,0.088780689940951,0.0031078421216202213,0.02714182119548327,0.27670154356158705,-0.28747539624987045,0.10514865844815083,-0.12483165855174556,-0.09168134258779653,0.135916295452191,-0.05822024241168549,0.1459169667164688,0.289754480472392,0.19554013111631868,0.17704340619496528,0.16197456688761022,0.20211333264270173,0.15632445871749712,0.12245532261961128,0.18584895887288924,0.030716635166086616,0.12851260007936072,0.10463068476121412,0.0679581477260955,0.22428260644359266,0.22573293276701542,0.17082772195172483,0.10918885320625711,0.16446090497862564,0.08588003729410545,-0.024033979073863045,0.17932249041748677,-0.013674505335128975,0.33823681756966745,0.10846369004454573,-0.07945716357609033,-0.11126074795400392,0.07277718787243119,-0.19268621154045373,-0.07614213197969542,-0.006940847404951828,-0.027350427387121304,0.0009323526364860663,-0.007407215562816841,0.03672528555270727,0.27411167512690354,0.03532763537503168,0.20653215633846952,-0.014296073759453019,0.03553483558250987,-0.07568183606985303,0.05449083186574122,0.07122322656554654,0.03641449329133034
0.13374080596705687,-0.022843231211204382,-0.0826686004350979,0.13550191650264165,-0.015228426395939085,-0.00725163161711385,-0.06661141614006008,-0.05739148451258676,-0.0898166373148244,-0.08401533202113332,-0.1531130218584896,-0.1291826375220139,-0.0062156842432404425,-0.034342544882150806,-0.03418626333782244,0.23774992230394693,-0.011033125278881029,-0.04946776826916142,-0.019683000103594736,0.1277323111985911,-0.06930487931213095,0.12089505853102663,0.12534963223868228,0.01061873559704512,-0.15186988500984147,0.01564280534548845,0.11063917952967989,-0.09737905314410027,-0.1584999482026313,0.135916295452191,0.10753133740805966,0.1198591111571532,1.0,0.1811871956904589,0.20636071687558272,-0.11664767429814564,0.01735256792687861,0.035429400186470526,0.13778100072516317,-0.04340619496529576,0.2722022222559615,0.0687368884745311,0.229255153838185,-0.03454973972306876,0.13845795244342246,0.09509996892157878,0.31182015953589554,0.3108878068994095,-0.13115093753237334,0.09779343209364963,0.035947373873407226,0.049829068683310884,0.07552056355537139,0.1724852377499223,-0.0173003211436859,-0.02175489485134155,0.008287578990987256,0.0025381368012449314,-0.12130943748057597,-0.18103649225206192,-0.16999896405262613,-0.05309367798522561,-0.013156531648192272,-0.02330881591215166,-0.09386169398762083,-0.030042473842328807,0.08935277514586748,-0.14643495381876367,-0.03087123174142753,0.10918885320625711,-0.004661763182430332,0.01584999482026313,0.13146172174453535,-0.060084947684657615,-0.25459066077793546,-0.20169895369315238,-0.1794260851548741,-0.04050554231845022,0.06609344245312337,0.09333885838599398,-0.1712421009012742,0.16357609033461099,0.10960323215580647,0.04428789724621258,0.10649539003418626,0.2953485962913084,-0.045063710763493206,-0.0671328672229341,0.02455195276079975,0.015591411779076008,0.25718059628940987,0.10400911633689007,0.06837606846780325,0.049677536475694076,0.07831762146482958,-0.024760424793643904,0.19161335497767715,0.1315653164819227,-0.11079744118087567,-0.005749656835473212
0.05231534238060706,0.1026132449646165,0.1315653164819227,0.017818294830622604,0.04941468973376152,0.11043199005490521,0.13560551124002898,0.16450844297109704,0.23257018543457994,-0.007355226354501191,-0.03045685279187817,0.000725163161711385,0.13550191650264165,0.13576441951148907,0.09613591629545218,0.32497669118408784,0.17741058253599773,0.34565279336137605,0.17631824303325389,0.16606236403190716,0.05915259504817155,0.4555060602921371,0.2780482751476225,0.2619460776305228,-0.08764114782969024,-0.026623847508546565,0.05739148451258676,-0.06505749507924997,-0.10255879001346731,0.14461825339272763,-0.2411685486377292,0.13601989018957836,0.1811871956904589,1.0,0.5121723816430125,0.1015228426395939,-0.08417290412291864,0.11353983217652543,0.3862011809800062,0.14824406920128455,0.28390873076782586,0.04926057342824346,0.3108878068994095,-0.28276915914277717,0.05858434126955137,-0.0969646741945509,0.41935149694395524,0.06723298456438412,-0.04972547394592354,0.1083600953071584,0.05873821609862218,0.05314410027970579,0.15425256396975032,0.08111467937428778,0.08360095307158395,0.13570910597741634,0.16678752719361856,0.376939214339987,0.08070030042473843,-0.03869363654142783,0.029524500155392104,0.1441558105686662,0.1144721848130115,0.12027349010670259,0.06340326348832666,0.10898166373148244,0.06345342003112328,0.09836575072579846,0.45954625505024344,0.38537242308090747,0.14285714285714285,0.3427949860147104,0.18823163783279806,0.18833523257018542,-0.04138716947336123,-0.10991401636796849,-0.2525639697503367,0.0032114368590075624,-0.3093338858385994,0.09810421630581166,-0.10369833212472805,0.1702061535274008,-0.05759867398736143,0.09795136104396256,-0.11229669532787734,0.23257018543457994,-0.15155910079767945,-0.2515410518785247,0.04091992126799958,-0.02356841315441722,0.14622775897784573,0.012431368486480885,0.19880859907532492,-0.002020254350940635,-0.005179736869367036,-0.3989639994992581,-0.16301898570282508,-0.11975551641976587,-0.058169951587715464,-0.005128072312719351
-0.09882937946752304,0.1553443319782357,0.02869574225629338,0.13332642701750752,0.2239718222314306,0.11633689008598362,-0.07500258986843468,0.1623329534859629,0.20138816948099036,-0.11726924272246968,-0.22552574329224073,-0.11146793742877861,-0.027038226458095928,-0.09163191839596496,-0.15528851134362373,0.29793846472599195,0.05278288572384868,0.03620729845041239,0.009841500051797368,0.042681031803584374,-0.15663524292965916,0.4605822024241168,0.10701336372112295,0.2848411075519567,-0.13477675334093028,0.04951828447114886,0.20211333264270173,-0.013985289547290995,-0.19610483787423597,0.10121205842743188,-0.07697088987879415,0.024655547498187092,0.20636071687558272,0.5121723816430125,1.0,-0.002175489485134155,0.021807257006614615,-0.05563037397700196,0.24044338547601782,0.03335750543872371,0.2226826552765706,0.034860531984445685,0.4440070444421423,-0.3114656446099137,0.061588666462861694,-0.1198591111571532,0.4447322076038537,-0.013881694809903656,-0.11467937428778617,-0.0173003211436859,-0.033150315963949024,0.13923132704858593,0.05013985289547291,0.1796332746296488,0.20138816948099036,-0.07966435305086501,0.02040816326530612,0.34378803979311445,-0.08992023205221174,-0.1825904535589466,-0.038330052833316065,-0.0544404444511923,-0.08225422148554852,-0.07956075831347767,-0.1517741519777754,-0.1198591111571532,-0.058895133530928304,-0.1294449768634915,0.18263752201388167,0.11488656376256086,-0.1093960426810318,0.2272868538278255,-0.017818294830622604,0.07116958458510307,-0.1129729870105142,-0.039573189681964153,-0.21910286957422562,-0.09634310577022687,-0.24541593287061014,0.03708691598466797,-0.026934631720708584,0.25049207500258985,0.11612970061120896,0.2710626506309127,0.034082668600435094,0.29483062260437165,-0.12307054801616077,-0.18057498081724405,-0.10069408474049518,-0.032995778416184104,0.13265649689771977,-0.0661970371905107,0.04931364937980962,0.06449273504925873,0.18512379571117787,-0.32468272511832635,-0.12810484640708178,-0.19175385890396765,-0.1303773536476223,-0.11090103860133466
0.016989536931523875,0.12426510584054266,0.14886563762560862,-0.06371076349321454,0.14689733761524915,0.17186366932559824,0.11001761110535584,0.15259504817155287,0.24158292758727853,0.055319589764839944,-0.05666632135087537,-0.02175489485134155,-0.07593494250492074,-0.12550827488605037,-0.0519009634310577,-0.12244897959183673,0.06894408331544905,0.1740954650813105,-0.09623951103283954,0.3884802652025277,-0.03915881073241479,-0.14793328498912253,-0.18615974308505126,-0.03309937583664309,0.07054801616077903,-0.1620221692738009,-0.038640837045478084,-0.060810110846368996,0.24437998549673678,-0.11923754273282916,-0.013363721122966953,0.029213715943230082,-0.11664767429814564,0.1015228426395939,-0.002175489485134155,1.0,0.42449043033065736,0.030974826478814874,-0.009427121102248005,0.23826789599088366,0.10893268761261408,-0.02253243894982745,-0.182119548326945,0.06096708194010784,0.13825075760250452,-0.08815912151662694,-0.06661141614006008,0.09385683207293068,0.3359577333471459,0.341137470216513,0.06961566352429296,-0.004972547394592354,0.00870195794053662,-0.00145032632342277,0.1326012638557961,0.11488656376256086,0.10286957422562933,0.1664292559673462,0.11043199005490521,0.02874828417736606,0.09509996892157878,-0.037346870075461135,-0.024033979073863045,-0.11126074795400392,-0.07863247873797374,-0.05024344763286025,0.26308564925557154,-0.003574111005834699,0.06474671086708796,0.09520356365896612,0.009945094789184709,0.0870195794053662,-0.059670568735108245,0.20377084844089918,0.10126647849864981,0.14606857971615042,0.21910286957422562,-0.05594115818916398,0.027659794882419972,-0.015332021133326428,0.2600227908422252,0.3217652543250803,0.1677198798301046,0.1914998317184186,0.1702061535274008,0.1315653164819227,0.4062985600331503,0.11717171732891739,0.5660416450844297,0.2726166119377974,0.0853124757479674,0.0019683000103594738,0.16223776245542407,0.06708280472995184,0.0440277633896198,0.11541051556535276,0.10230775238737831,0.2336061328084533,0.2624640647328177,0.4514257596499914
-0.069151278156367,0.07573167573167572,-0.10903628503307307,0.058480743849092395,0.29478645991601843,0.1008520888168139,-0.10634275210113968,0.02667633576818652,0.01807774987009145,-0.08551967058888534,-0.2822511720404822,-0.12198596259044517,-0.2288985005041092,-0.34136234136234134,-0.2760353268129437,-0.19160342913887757,-0.08526288526288525,-0.15809375809375809,-0.24599207487984037,0.19854445630962902,-0.24205537290239926,-0.1977156769459572,-0.3832586569879846,-0.05760165760165759,0.046981430178145975,-0.04490948176896643,0.15586231908053058,0.0352749216662816,0.2089041983555267,-0.08282613765695195,0.11286938959005521,-0.002227344539868001,0.01735256792687861,-0.08417290412291864,0.021807257006614615,0.42449043033065736,1.0,-0.0530936779852256,-0.10727512888527047,0.04449509208713053,0.03802123802123802,-0.08609168609168608,-0.09846934814625743,0.24180264180264174,0.17094017094017092,-0.009479163971996376,-0.09463624358927529,0.09173551581642395,0.18683794779776464,0.24433451615249677,0.0003625909716064188,0.004817280051342421,-0.10271684238507547,0.11141902570362953,0.1106938437604167,-0.12685504135201708,-0.0325813887343482,-0.04651644651644651,-0.09836575072579846,-0.1855477855477855,-0.05899873095138728,-0.24180264180264174,-0.24008702191367873,-0.3204786201898447,-0.3227744827418488,-0.2727202093582564,0.10567210567210567,-0.21175861175861171,-0.20817901641231384,-0.15679469586466135,-0.2213358888106039,-0.11297298701051418,-0.2593561421190484,0.11276579216959623,-0.026003626003625997,0.09898733524855231,0.3654399006690406,-0.06863329105407212,0.18000051804747216,-0.08593406027072124,0.256766206607574,0.3106368652462419,0.354872963782225,0.26418026418026413,0.35000388502065305,0.12022480644264258,0.5684908447686351,0.2041492916844208,0.3127088136554214,0.0806008806008806,0.06122766122766122,-0.0151770220972401,-0.012276930253541674,0.11396601755863425,0.0995053223508472,0.314589862572821,0.15758392064243879,0.1668436456491821,0.11955451955451954,0.27184667184667183
0.34186263337822437,-0.03776125975729704,0.20895058531026622,-0.22904796436341032,-0.1839842535999171,0.034082668600435094,0.3192789806277841,0.03822645809592873,0.14337511654407956,0.2167201906143168,0.2783590593597845,0.23909665388998236,0.3166891121931006,0.42138250771688807,0.40681653372008697,0.09717186366932559,0.270026676426323,0.2944756676546415,0.3498394281570496,0.016367968507199834,0.3435201491764218,0.08909147415311301,0.25038848026520255,0.0038849032672116294,0.13394799544183156,0.01864705272972133,-0.17517870092199314,-0.005076142131979695,0.09727545840671294,0.14264995338236816,-0.15881073241479332,0.3062260437169792,0.035429400186470526,0.11353983217652543,-0.05563037397700196,0.030974826478814874,-0.0530936779852256,1.0,0.3510825650056977,0.059670568735108245,0.3286628164061039,0.38191189052201796,0.08163265306122448,0.18745953232051848,0.16062780042164349,0.32870610173003206,0.11820159535895577,0.130736558582824,0.1633689008598363,0.3001139542111261,0.3288096964674194,-0.08598363203149278,0.17362477986118305,-0.18481301149901586,-0.1160261058738216,0.3133740805967057,0.09043820573914844,0.16280334625128204,0.3066404226665285,0.20424231443487273,0.2088469905728789,0.3299059854516116,0.40546980213405154,0.42390966538899816,0.3536907541652732,0.444525018129079,0.2495143871754456,0.41537385733026744,0.2555682171345695,0.2704858593183466,0.3027038226458096,0.06049932663420698,0.33005283331606755,0.19216823785351703,0.19802646920733413,-0.11084636900445456,-0.09478918470941676,0.2175489485134155,0.036361752822956596,0.4205946337926033,-0.1303221796332746,-0.0290065264684554,-0.21185123795711175,-0.21988552492417823,-0.2081218274111675,-0.12099865326841396,-0.08619082150626747,-0.19735819762297757,0.028384958044131357,0.1750278418654413,0.24298774968653003,0.2796021962084326,0.40839160893951576,0.15918568257539928,-0.05231534238060706,0.12566692583552325,0.1276904352581709,0.16046824821299077,0.17098754246754116,0.19098184461612372
0.08660520045581684,0.18953148072969803,0.24458717497151145,-0.023930384336475704,0.02486273697296177,0.1623329534859629,0.17321040091163367,0.19424013260126385,0.2689319382575365,0.1620221692738009,0.05086501605718429,0.0969646741945509,0.19444732207603851,0.2436093342092839,0.21972443799854965,0.2625090645395214,0.11255859732867829,0.23366398184522214,0.21413032217963326,-0.03729410545944266,0.14689733761524915,0.37397700196829997,0.3030146068579716,0.18932428588878006,0.06723298456438412,0.005386926344141717,-0.018336268517559307,-0.02351600538692634,-0.0765565109292448,0.16958458510307675,-0.19154666942919296,0.04848233709727545,0.13778100072516317,0.3862011809800062,0.24044338547601782,-0.009427121102248005,-0.10727512888527047,0.3510825650056977,1.0,0.19973065368279289,0.3311491544971193,0.22962368244732206,0.3101626437376981,-0.10364921916920627,0.05309367798522561,0.18491660623640319,0.36703615456334815,0.06464311612970061,0.013985289547290995,0.15881073241479332,0.16803066404226663,0.09882937946752304,0.11519734797472286,0.022169273800890912,0.08867709520356365,0.2796021962084326,0.21682378535170413,0.2798684313699258,0.22707966435305085,0.029577063541037875,0.07976794778825234,0.18631996069546974,0.21630581166476742,0.22915155910079768,0.19228179253976188,0.20273490106702577,0.18911709104786215,0.22061070686739107,0.27235056459131873,0.2831244172796022,0.10545944266031285,0.21692738008909146,0.19475810628820053,0.28353879622915157,-0.003988500687670606,-0.07127317932249042,-0.25971200663006316,0.06132808453330571,-0.15963949031389205,0.23640319071791155,-0.2210711695845851,0.07458821091888532,-0.13954211126074795,-0.10913988245353205,-0.1289754480472392,0.14441106391795294,-0.1607790324251528,-0.17757057780881025,-0.023412410649539,0.1159773122038245,0.26049571374409713,0.14285714285714285,0.4505568511613278,0.05195679779470402,0.1200663006319279,-0.1742553744891592,0.09267269317519988,-0.0618460582202424,0.09069954161183418,0.08697003447531101
0.0910597741634725,0.21947113524234232,0.25857246451880245,-0.13633067440174038,0.11157153216616594,0.15684243240443385,0.3693152387858697,0.20242411685486375,0.25639697503366826,0.27110742774267066,0.15456334818191234,0.1668911219310059,0.01740391588107324,0.005749656835473212,0.06236403190717912,0.2269760696156635,0.08044339698639548,0.2735489887219282,-0.03895162125764011,0.17704340619496528,0.09375323733554335,0.05107220553195897,0.10670257950896093,0.10458159595333706,0.2473842328809696,-0.004040194758106288,-0.0401947581062882,0.08515487413239407,0.18274111675126903,0.05428364239096654,-0.04951828447114886,0.062053247695017084,-0.04340619496529576,0.14824406920128455,0.03335750543872371,0.23826789599088366,0.04449509208713053,0.059670568735108245,0.19973065368279289,1.0,-0.06770091426994133,-0.0544404444511923,-0.10887806899409509,-0.012379891744847726,-0.09929812750992925,-0.10297316896301667,-0.07831762146482958,0.15611726924272246,0.24303325391070132,0.0669222003522221,0.2079146379363928,0.06474671086708796,0.18284471148865636,-0.05045063710763493,0.11509375323733553,0.1951724852377499,0.2664456645602403,0.16311413851265896,0.294934217341759,0.17782497221783367,0.19051072205531958,0.040661987530148394,0.06267481611934114,-0.0030042473842328806,0.0671328672229341,0.05594115818916398,0.270026676426323,0.08002900730455957,0.12431368486480886,0.06650782140267275,0.0987257847301357,0.327462964881384,0.09168134258779653,0.42784626540971715,0.21812436877637564,0.19382575365171448,0.035222210711695845,0.19051072205531958,-0.004972547394592354,0.05832383714907282,0.2996995752615767,0.03615456334818191,-0.03480783176214648,0.1401155111707661,0.019475810628820055,0.0651610898166373,0.08277219517248524,0.15664335685351288,0.1847094167616285,0.1263370542497222,0.07049804462233371,0.19973065368279289,0.20979021007166906,0.11992022621609154,0.08411892675852066,0.03988603993955189,0.0318578570725254,0.11871956904589245,0.2593561421190484,0.1803113103088491
0.10157727076002675,0.08764568764568763,0.010204345915209214,0.1120406102263834,0.042526741098409974,-0.008235994926488655,0.13058454848854023,0.14539897961417392,0.12758022329522992,-0.10654994694205762,-0.04097277979152532,-0.08562326800934432,0.18901349362740313,0.1361305361305361,0.07795705889538003,0.17482064702452332,0.0694120694120694,0.1698005698005698,0.14622775897784573,0.13162052269313,0.004092098108129583,0.24112299611826846,0.1869415452182236,0.11509971509971507,-0.22216466817427571,-0.12685504135201706,-0.03983320816647658,-0.23283520248155032,-0.1776177773769157,0.10986506439674489,-0.10779311598756536,0.11545932510152963,0.2722022222559615,0.28390873076782586,0.2226826552765706,0.10893268761261408,0.03802123802123802,0.3286628164061039,0.3311491544971193,-0.06770091426994133,1.0,0.2023310023310023,0.3329103106449219,-0.0173012173012173,0.3187775187775187,0.36751184907822015,0.5049856260272824,0.180622102570226,0.07992540988410059,0.45101136996815544,0.05516562639440514,0.11141902570362953,0.10416720627150117,0.14943927901207402,-0.012483489165306703,0.03527492166628159,0.154101162932728,0.17860657860657858,-0.0812721763500673,-0.09935249935249935,-0.07982181246364162,0.1566433566433566,0.12240035227228108,0.10292403722599344,0.028542567804647517,0.10385641401012423,0.28976948976948974,0.08308728308728307,0.13793996534112757,0.2784180674835001,0.0312346222683815,0.03859003912096885,0.1634249307740359,0.03682888297316625,-0.10991970991970991,-0.2645360131419972,-0.30939369620073415,-0.07837144857721594,-0.05951671805368217,0.2026883531279881,-0.21315169259434474,0.33363549258813474,0.03682888297316625,-0.06744366744366743,0.00906477429016047,0.22786252629951945,-0.038486441700509876,-0.23750938908223024,0.09453264616881632,0.32820512820512815,0.32198912198912194,-0.03309937583664309,0.27397757008853124,0.11251554097152436,0.11639170188566042,-0.035587557317228395,0.21353087471667745,0.149542876432533,0.037917637917637914,0.2769230769230769
0.18859910394556725,0.012950012950012949,0.1507860454780407,-0.08904198288449056,-0.08955996998678543,0.06272823808791045,0.13327808142047365,-0.0024345393807859547,0.08324052733878785,0.2325244102201734,0.2061070680031343,0.14964647385299196,0.17782497221783367,0.2626262626262626,0.23780787866358125,0.10023050429406005,0.1421393421393421,0.07055167055167054,0.2629820518351126,-0.06852969363361314,0.20103079440064445,0.025847556404514707,0.13400326336368645,-0.05283605283605283,0.16446090497862564,0.0968117894189138,-0.09960891977130618,0.0034705135853757224,0.061899458724238625,-0.03651809071178932,0.03786485717775601,0.23335318958384524,0.0687368884745311,0.04926057342824346,0.034860531984445685,-0.02253243894982745,-0.08609168609168608,0.38191189052201796,0.22962368244732206,-0.0544404444511923,0.2023310023310023,1.0,0.13628240661378396,0.09987049987049985,0.1678321678321678,0.25055036138003534,0.13493564014781728,0.04511667660988439,0.16756882759239494,0.12913418460211457,0.19916604083238287,0.0017093574375731172,0.12374711873824779,-0.05858434126955138,-0.03910802622326374,0.2141876667989345,0.011758307222093865,0.10525770525770524,0.2526223097892149,0.16534576534576534,0.13928673180709428,0.20999740999740998,0.24961798459590456,0.26743674091484854,0.18384314544227595,0.22599777273125785,0.09873089873089871,0.2197358197358197,0.09308228228239064,0.10385641401012423,0.17181632183121298,-0.027194322870481406,0.16104219010347942,0.04635984565539211,0.09738409738409737,0.03941881848464067,-0.07982181246364162,0.08251534539557501,0.11504493541969373,0.3658542903508765,-0.10437440111241912,-0.09971251719176516,-0.12550827488605037,-0.1447293447293447,-0.145088187352797,-0.06966926525866188,-0.13421045820460442,-0.10676267195168518,-0.05050374247375119,0.15146335146335144,0.22615902615902614,0.19336458528668019,0.2782252843534697,0.12411935366840347,0.1303773536476223,0.044082985847105335,0.12598425213754477,0.06935847299728497,0.16068376068376067,0.07345247345247344
-0.15839635346524394,0.0611742767810258,-0.07127317932249042,0.07438102144411064,0.16191857453641353,-0.01885424220449601,-0.1378845954625505,0.13115093753237334,0.15591007976794777,-0.10079767947788251,-0.13798819019993783,-0.08857350046617632,0.039987568631513516,-0.029162673859201963,-0.1294934217341759,0.21392313270485858,-0.002227344539868001,-0.056926782542207746,0.007666010566663214,-0.22904796436341032,-0.16150419558686419,0.5866569978245104,0.2533927276494354,0.3678226413395971,-0.205531958976484,0.11177872164094063,0.13570910597741634,0.04558168445042991,-0.435097897026831,0.1875064746710867,-0.11726924272246968,0.0463068476121413,0.229255153838185,0.3108878068994095,0.4440070444421423,-0.182119548326945,-0.09846934814625743,0.08163265306122448,0.3101626437376981,-0.10887806899409509,0.3329103106449219,0.13628240661378396,1.0,-0.18041490772930807,0.04635984565539211,0.11644048482337098,0.5585828239925411,-0.12628198487516834,-0.25940122241790114,-0.05428364239096654,-0.006733657930177146,0.14534341655443903,0.022894436962602297,0.13166891121931004,0.13187610069408473,-0.098207811043199,0.03045685279187817,0.278936054585795,-0.12690355329949238,-0.0884203983617367,-0.07800683725266755,-0.0010877729148192562,-0.084222521495908,-0.04444214233916917,-0.09344729357266444,-0.11167512690355329,-0.14166947247765074,-0.09494703585065223,0.11063917952967989,0.08784833730446492,-0.1414068165337201,0.11530094271211022,-0.018129079042784626,-0.020926136952242824,-0.17544223154727717,-0.12938982699678855,-0.37957111778721636,-0.09333885838599398,-0.14151041127110742,0.1312545322697607,-0.22096757484719776,0.10328395317517869,0.015124831658551744,0.03247779131388922,-0.09137055837563451,0.1679270693048793,-0.18947477468144616,-0.27267547304130024,-0.28291722780482753,0.02066768538156587,0.13503923756827624,-0.02030456852791878,0.03149443153668514,0.11007796142945767,0.23412410649539003,-0.22470862501009886,-0.06583957128321916,-0.3207293069512068,-0.22661935725401172,-0.1815544793543568
0.2428841522660711,-0.07459207459207459,-0.036310895870871364,-0.051332521837423,-0.056615990280830815,-0.10831110308986024,0.13638600403424292,-0.05495843155348719,-0.16653285338780519,0.07567791564528255,0.03931522106418169,0.05226489862155379,0.029162673859201963,0.08256928256928256,0.1062391546806807,-0.08179016345236217,-0.06765086765086764,0.020616420616420612,0.04843179406457165,0.021703659586155638,0.06801170653131826,-0.2624640647328177,-0.09473984100973426,-0.1478373478373478,0.12778741813614786,-0.0312346222683815,0.021807257006614615,0.016316593722288844,0.20786822415093692,0.006785631040062979,0.2321100205383375,0.09639739973707791,-0.03454973972306876,-0.28276915914277717,-0.3114656446099137,0.06096708194010784,0.24180264180264174,0.18745953232051848,-0.10364921916920627,-0.012379891744847726,-0.0173012173012173,0.09987049987049985,-0.18041490772930807,1.0,0.2083398083398083,0.2749993526083539,-0.2222682655947347,0.15057885063712279,0.27044106610815893,0.20413871701441377,0.17927533610425933,-0.017663360188255543,0.07785346147492105,-0.028230297075071176,-0.1562767087623665,-0.036310895870871364,0.007510812983275816,-0.22501942501942498,0.05060733989421016,0.030769230769230767,0.026572738347727547,0.023206423206423205,0.028851881597825035,0.03941881848464067,0.08987541767888102,0.07702468211124924,0.07127687127687127,0.10795130795130793,-0.12374711873824779,-0.07049804462233371,0.023257620893040287,-0.16819041211514882,0.023464815733958245,0.08210095571373911,0.10266770266770266,0.008961176869701493,0.22693014951538865,0.09826215330533948,0.3746600710898896,0.12975576912486841,0.06542177101984384,-0.12913418460211457,0.011654709801634888,-0.09023569023569021,0.11939602707897075,-0.21615601778765506,0.22641216241309375,0.1129788391686683,-0.0209784776429428,-0.028697228697228693,0.04662004662004661,0.14436300540958416,0.003263487788916141,0.07190219653244742,-0.003056123903539815,0.5254215340154987,0.21508495677429518,0.2302452669700759,0.2717430717430717,0.16824656824656822
0.10261324496461652,-0.0022792022792022786,-0.04946776826916142,0.1209499883858554,-0.0023309419603269777,-0.09629380231661892,0.06127787420148477,0.04273393593932793,-0.01807774987009145,-0.05599440575807695,-0.02481158219992494,-0.09494703585065223,0.15865944943292296,0.13167573167573166,0.11090103860133466,-0.005646059415014235,0.040922040922040916,0.06858326858326858,0.11494133799923474,0.21895314814004746,0.022118049267991543,-0.02222164668845052,0.011654709801634888,-0.08888888888888888,-0.14933568159161503,-0.07816425373629798,0.1862163632750108,-0.1638393204558718,0.04128357205290225,0.000258993551147442,0.1445702002505021,0.043666312723458715,0.13845795244342246,0.05858434126955137,0.061588666462861694,0.13825075760250452,0.17094017094017092,0.16062780042164349,0.05309367798522561,-0.09929812750992925,0.3187775187775187,0.1678321678321678,0.04635984565539211,0.2083398083398083,1.0,0.2578021808121638,0.19564372853677764,0.27013027384678195,0.1785501541610465,0.38522700797670517,0.15057885063712279,0.09152832097550599,0.17337028313809766,0.16974437342203347,-0.15689829328512037,-0.025640361563596756,0.09867654298717539,0.0015540015540015538,-0.028230297075071176,-0.12577052577052575,-0.09349667196422655,0.08526288526288525,0.09940172493038822,0.1253010800451324,-0.007303996479955172,0.11898163739713484,0.19632219632219627,0.07821807821807822,0.10406360885104218,0.18404081744537226,0.026261946086350615,-0.09401465906652144,0.13949392664801225,0.0995053223508472,-0.041647241647241644,-0.1352464324091942,-0.03361736293893797,-0.10613555726022172,0.16135298236485635,0.12157157290860925,-0.001191370335278233,0.24319494452744797,0.28888140694985676,0.0811188811188811,0.20527828863946251,0.15202921452354845,0.06873688847453109,-0.004610324019262485,0.17026236052432836,0.2137270137270137,0.3039627039627039,0.023464815733958245,0.1879872569202647,0.058433485366427014,0.10831110308986022,0.19762231610658854,0.26958143426142395,0.28981378373398753,0.06609686609686609,0.22470862470862468
0.1696881798404641,0.03931522106418169,0.0541800476535792,0.021444110639179528,-0.07168755827203978,-0.08629441624365482,0.10732414793328499,-0.008391173728374599,-0.06236403190717912,0.013467315860354292,0.11364342691391276,0.08059670568735108,0.28043095410753127,0.2506539588004943,0.23526364860665075,0.011188231637832797,0.06013830257643603,0.048121001803194716,0.2004558168445043,-0.07790324251528022,0.16305811664767428,0.04496011602610587,0.17103491142649951,-0.010722333017504098,-0.045270900238267894,0.0312856106909769,-0.054594426603128555,-0.07137677405987776,-0.04050554231845022,0.11778721640940638,-0.0015539210608101106,0.015539210608101107,0.09509996892157878,-0.0969646741945509,-0.1198591111571532,-0.08815912151662694,-0.009479163971996376,0.32870610173003206,0.18491660623640319,-0.10297316896301667,0.36751184907822015,0.25055036138003534,0.11644048482337098,0.2749993526083539,0.2578021808121638,1.0,0.2157878379778307,0.12452087433958355,0.14410027970579092,0.3689008598363203,0.07956075831347767,0.15021236921164405,0.05822024241168549,0.041230705480161604,-0.12120584274318864,0.06226043716979177,0.12648917434994303,-0.05827354900817444,-0.02714182119548327,0.03869363654142783,-0.035429400186470526,0.21190852354883702,0.2353672433440381,0.24489795918367346,0.19704739731176027,0.24044338547601782,0.15337598098951513,0.2305560592314528,0.0015539210608101106,0.09810421630581166,0.06961566352429296,-0.14959080078732,0.18833523257018542,-0.042163058116647674,0.024604387359006986,-0.182119548326945,-0.12545322697606962,0.08204703201077385,0.13560551124002898,0.3263234227701232,-0.2175489485134155,0.055319589764839944,-0.005904900031078421,-0.2803864184722207,0.039262405469802135,-0.012431368486480885,-0.02030456852791878,-0.024242424274948424,-0.05386926344141717,0.25459066077793546,0.2884670172680209,0.07510618460582202,0.1898989901537627,0.052474811730842646,0.061224489795918366,0.24801864835139542,0.44533658089837536,0.21910286957422562,0.11856724771529893,0.21242651065113188
-0.09054180047653579,0.13089534074991716,-0.034082668600435094,0.15342380607065162,0.12638557961255567,0.08733036361752822,-0.09882937946752304,0.11903035325805447,0.11685486377292033,-0.21050450637107634,-0.18533098518595253,-0.16367968507199832,0.0898166373148244,0.03061303774562764,-0.03905521599502745,0.19351496943955246,0.014037450472191354,0.03164901195021741,0.06163886874546773,0.013260126385579612,-0.09447840049725474,0.5067854552988708,0.2849891225525743,0.2467172568230532,-0.2926551331192375,0.0062156842432404425,0.14534341655443903,-0.1020408163265306,-0.3643426913912773,0.1511447218481301,-0.12711074277426707,-0.04951828447114886,0.31182015953589554,0.41935149694395524,0.4447322076038537,-0.06661141614006008,-0.09463624358927529,0.11820159535895577,0.36703615456334815,-0.07831762146482958,0.5049856260272824,0.13493564014781728,0.5585828239925411,-0.2222682655947347,0.19564372853677764,0.2157878379778307,1.0,0.11789081114679373,-0.09002382678959908,0.1467937428778618,-0.08743395835491556,0.2239718222314306,0.026727442245933906,0.1939293483891018,0.14648295866569977,-0.02185848958872889,0.0875375530923029,0.20548548348038045,-0.1529058323837149,-0.19833726146871106,-0.19144307469180563,0.03050944032516866,-0.0068372526675644875,0.022169273800890912,-0.06910126919397692,-0.015435615870713765,0.03413535004123285,-0.04117997463244327,0.13477675334093028,0.201284574743603,-0.08992023205221174,0.014917642183777061,0.08080389516212576,-0.006526468455402465,-0.2557302324029842,-0.26831036983321244,-0.38153941779757583,-0.14461825339272763,-0.12731793224904173,0.13322283228012016,-0.29793846472599195,0.27846265409717186,0.08111467937428778,-0.0223252441089095,0.004040194758106288,0.3627887703304672,-0.1640940640215477,-0.21072261100532091,-0.0826686004350979,0.1383543550229635,0.27872885974487704,-0.07365585828239925,0.19052059077619724,0.054028853539258515,0.19154666942919296,-0.22046102075679594,0.10707348059985365,-0.021236921164404846,-0.14322343378453542,-0.03382455777985592
0.2035636589661245,0.04781020954181779,-0.026313063296384543,0.048896716046824815,-0.006319278980627783,0.03853724230809075,0.11778721640940638,-0.04703201077385268,-0.05252253185538174,-0.008183984253599917,0.010359473738734071,-0.029938879104941467,0.06277841085672847,0.0499857553714563,0.11913394799544183,0.09603232155806483,0.05858434126955138,0.078060656315839,0.052004558168445035,0.34901067025795085,0.04009116336890085,-0.11281466901481405,0.09012742152698641,-0.10509958305563195,-0.005386926344141717,-0.04920750025898684,0.13902413757381124,-0.12555682171345695,0.13674505335128975,0.07003004247384231,0.1272143375116544,0.088780689940951,0.3108878068994095,0.06723298456438412,-0.013881694809903656,0.09385683207293068,0.09173551581642395,0.130736558582824,0.06464311612970061,0.15611726924272246,0.180622102570226,0.04511667660988439,-0.12628198487516834,0.15057885063712279,0.27013027384678195,0.12452087433958355,0.11789081114679373,1.0,0.21381953796747125,0.28115611726924267,0.16088262716254015,-0.002175489485134155,0.0943748057598674,0.07717807935356884,-0.06350357401843985,0.0770744846161815,0.05780586346213612,-0.13421045820460442,0.017714700093235263,-0.10147367333956776,-0.04029835284367554,0.05361166508752049,0.11115715321661658,0.04754998446078939,0.0027972028009555874,0.13653786387651506,0.3601564322256328,-0.014451840154027262,-0.021133326427017506,0.04475292655133119,0.03843364757070341,-0.060395731896819634,0.19941986947063087,0.14358230601885422,-0.064696589076631,-0.16544079560758312,0.019475810628820055,0.055837563451776644,0.17797575883145136,0.06329638454366518,-0.02724541593287061,0.1702061535274008,0.14275354811975552,0.0687368884745311,0.18709209572153732,0.20232052211747642,0.027866984357194653,0.07832167842675644,0.16295452191028695,0.11276579216959623,0.26443241572153825,0.15124831658551743,0.23776223808122493,0.05071356434797133,0.007666010566663214,0.2234654237652297,0.29407651154589703,0.522946234331296,0.08500168348659046,0.19647250790044948
0.24365482233502536,0.033306570677561036,0.17310680617424634,-0.04382057391484512,-0.015332021133326428,0.12752512172381641,0.24427639075934943,0.04133430021754895,0.07562415829275872,0.10131565316481922,0.08442971097068269,0.042888221278359055,0.09396042681031802,0.06904768073590803,0.15570289029317308,0.006630063192789806,-0.002330941960326978,0.1740954650813105,0.052108152905832386,0.24261887496115195,0.11084636900445456,-0.22127835905935977,-0.07469180565627266,-0.20144518408248036,0.11053558479229254,-0.12970061120895057,-0.11944473220760385,-0.0819434372733865,0.2735937014399668,-0.1266963638247177,0.05231534238060706,0.0031078421216202213,-0.13115093753237334,-0.04972547394592354,-0.11467937428778617,0.3359577333471459,0.18683794779776464,0.1633689008598363,0.013985289547290995,0.24303325391070132,0.07992540988410059,0.16756882759239494,-0.25940122241790114,0.27044106610815893,0.1785501541610465,0.14410027970579092,-0.09002382678959908,0.21381953796747125,1.0,0.3709727545840671,0.12679995856210505,0.060084947684657615,0.10463068476121412,-0.028177768569356675,0.006008494768465761,0.20998653268413964,0.13311923754273283,-0.058895133530928304,0.135916295452191,0.08272254023649296,0.061535274008080385,0.10644634952159865,0.1473117165647985,0.08225422148554852,0.07759647770058278,0.13332642701750752,0.3806687214765102,0.14767812286427143,0.0015539210608101106,0.038848026520252765,-0.0018647052729721327,-0.03874443178286543,0.036879726509893296,0.12483165855174556,0.09867654298717539,0.05034704237024759,0.13229047964363408,0.06857971615041956,0.17725059566973997,0.12099865326841396,0.12804309541075312,0.07935356883870298,0.05645913187610069,0.017559762767796566,0.07365585828239925,0.04972547394592354,0.1740391588107324,0.13250453268230358,0.28405676991608825,0.1623889565694461,0.1664292559673462,0.16254014296073757,0.22439782469888156,0.11411847013133894,0.02579508960944784,0.31711991754537233,0.2765676405044115,0.3701439966849684,0.5562663491544759,0.3991090623182081
0.2533927276494354,0.08096138408869036,0.09230291101212058,0.009219931627473324,-0.04848233709727545,-0.0463068476121413,0.23225940122241792,0.10618460582202424,0.059670568735108245,-0.048896716046824815,-0.001139542111260748,-0.055319589764839944,0.23049829068683308,0.1561731113419075,0.19776235367243342,0.025069926447736455,0.039211623643722715,0.2853590946542516,0.14990158499948203,0.30891950688905,0.1083600953071584,-0.08204703201077385,0.0017611105355847922,-0.16135298236485635,-0.11592251113643426,-0.2579508960944784,-0.154459753444525,-0.34735315445975345,0.10742774267067232,-0.03366828965088573,-0.03118201595358956,0.02714182119548327,0.09779343209364963,0.1083600953071584,-0.0173003211436859,0.341137470216513,0.24433451615249677,0.3001139542111261,0.15881073241479332,0.0669222003522221,0.45101136996815544,0.12913418460211457,-0.05428364239096654,0.20413871701441377,0.38522700797670517,0.3689008598363203,0.1467937428778618,0.28115611726924267,0.3709727545840671,1.0,0.10815290583238371,0.05635553713871335,0.13467315860354293,0.0401947581062882,-0.11561172692427224,0.09251010048689526,0.23961462757691906,0.017766957608714516,-0.0062156842432404425,-0.06801170653131826,-0.007458821091888531,0.22641216241309378,0.20221692738008906,0.15083393763596809,0.11157731172700622,0.20211333264270173,0.5028100801976438,0.19222501366163142,0.13705583756345177,0.2883041541489692,0.08101108463690045,-0.012224179011706204,0.14088884284678338,0.09271728996166995,0.00968635881291433,-0.19227183259090436,-0.05853102662384751,-0.052004558168445035,0.061224489795918366,0.14213197969543145,-0.08681238993059152,0.31347767533409304,0.107634932145447,-0.05599440575807695,0.06267481611934114,0.1531130218584896,0.1524914534341655,-0.12110852127100302,0.34124106495390033,0.28007562621084375,0.3744528762489716,0.04133430021754895,0.3181559185827633,0.06086663749628835,0.005697710556303739,0.2370370373550513,0.36639125703084896,0.40702372319486163,0.29975913609804933,0.6009168373722948
0.3218688490624676,0.03755406491637909,0.21257640111882317,-0.1531130218584896,-0.11778721640940638,-0.03273593701439967,0.360613280845333,0.12099865326841396,0.12462446907697088,0.28581788045167306,0.23288096964674196,0.25826168030664043,0.12970061120895057,0.26981948158540503,0.2366103801926862,0.19403294312648917,0.06480018649708999,0.2465100619821353,0.1270071480368797,0.08339376359680928,0.18698850098414999,-0.006112089505853102,0.11623329534859629,0.014451840154027262,0.26375220138816946,0.08132186884906246,-0.047446389723402045,0.07334507407023723,0.15228426395939085,0.11540453744949755,-0.0018647052729721327,0.27670154356158705,0.035947373873407226,0.05873821609862218,-0.033150315963949024,0.06961566352429296,0.0003625909716064188,0.3288096964674194,0.16803066404226663,0.2079146379363928,0.05516562639440514,0.19916604083238287,-0.006733657930177146,0.17927533610425933,0.15057885063712279,0.07956075831347767,-0.08743395835491556,0.16088262716254015,0.12679995856210505,0.10815290583238371,1.0,-0.03905521599502745,0.22904796436341032,-0.08235781622293588,-0.11467937428778617,0.20677509582513207,0.1966228115611727,0.10095568623727287,0.3585413860975862,0.1869415452182236,0.24313684864808863,0.1440522131482072,0.21910286957422562,0.22241790117062052,0.2189070192007095,0.27038226458095926,0.21574162810581918,0.20517469121900353,0.17693981145757795,0.16347249559722365,0.23650678545529885,0.19382575365171448,0.2147518906039573,0.30394695949445766,0.21014736740103443,0.10991401636796849,0.02051175800269346,0.2213819537967471,0.07686729514140682,0.2793950067336579,0.062053247695017084,-0.051693773956283016,-0.07230912669636382,-0.030820232586545596,-0.031907179115300936,-0.13560551124002898,0.005904900031078421,0.024864024897383,0.08173624779861183,0.13503923756827624,0.1552407345577767,0.2643737698124935,0.2645946649496508,0.11173560602510127,0.035222210711695845,0.17083657106576902,0.0714341217935163,0.15104112711074277,0.21688119973086792,0.1659112688650513
-0.049829068683310884,0.4064644791707954,0.13446596912876824,0.41085672847819327,0.2362995959805242,0.12887185330985185,0.08277219517248524,0.3781207914637936,0.0987257847301357,-0.22656169066611415,-0.17901170620532475,-0.17538589039676783,-0.04185227390448565,-0.12208956001090415,-0.12576401118823163,0.2849891225525743,-0.13379606852276854,0.009789956233373306,-0.14233916917020614,0.0819434372733865,-0.12545322697606962,0.1455506060292137,0.06215684243240443,0.13617880919332498,-0.12099865326841396,0.05687351082565005,0.17258883248730963,-0.05822024241168549,-0.1740391588107324,0.10815290583238371,0.04827514762250078,-0.28747539624987045,0.049829068683310884,0.05314410027970579,0.13923132704858593,-0.004972547394592354,0.004817280051342421,-0.08598363203149278,0.09882937946752304,0.06474671086708796,0.11141902570362953,0.0017093574375731172,0.14534341655443903,-0.017663360188255543,0.09152832097550599,0.15021236921164405,0.2239718222314306,-0.002175489485134155,0.060084947684657615,0.05635553713871335,-0.03905521599502745,1.0,0.29141199627058945,0.4747746814461825,0.2636486066507821,-0.07873200041437894,0.36734693877551017,0.07661029242941333,-0.1927898062778411,-0.16611846370596928,-0.22614731171656477,-0.15099324031895867,-0.1565316481922718,-0.11177872164094063,-0.1274281275990879,-0.14565420076660104,0.04967496311007937,-0.10447799853287809,-0.06526468455402465,0.09137055837563451,-0.12400290065264684,-0.09810421630581166,-0.042163058116647674,-0.03584377913601989,-0.1596954236375127,-0.20107738526882835,-0.16823785351704132,-0.107634932145447,-0.019683000103594736,0.0005179736869367035,-0.07987154252563969,0.11012120584274318,0.14938361131254532,0.022428841529368474,0.27846265409717186,0.1693773956283021,-0.03221796332746296,-0.01574721576834257,-0.03014606857971615,0.09515423069157018,0.17523503670635923,-0.01284574743603025,0.0623672624509357,-0.06832603817668455,0.12783590593597843,-0.03284123288529338,0.20715377306183588,0.049311094996374184,0.006371241358227073,0.095983010055242
0.23650678545529885,0.1607313978421025,0.20470320107738527,0.19973065368279289,-0.12421009012742153,-0.10960323215580647,0.3908629441624365,0.2875789909872578,0.02869574225629338,0.04423495286439449,0.14337511654407956,0.05500880555267792,0.19165026416658032,0.189738675570616,0.18564176939811455,0.49570081839842534,0.010307943335668191,0.34668876756596584,0.0892986636278877,0.18553817466072722,0.107634932145447,0.05915259504817155,0.12182741116751268,-0.08241174797511604,0.0,-0.04754998446078939,-0.055319589764839944,-0.18584895887288924,-0.051382989744121,0.08515487413239407,-0.03750129493421734,0.10514865844815083,0.07552056355537139,0.15425256396975032,0.05013985289547291,0.00870195794053662,-0.10271684238507547,0.17362477986118305,0.11519734797472286,0.18284471148865636,0.10416720627150117,0.12374711873824779,0.022894436962602297,0.07785346147492105,0.17337028313809766,0.05822024241168549,0.026727442245933906,0.0943748057598674,0.10463068476121412,0.13467315860354293,0.22904796436341032,0.29141199627058945,1.0,0.19672640629856003,-0.13332642701750752,0.06588625297834869,0.4050554231845022,0.11079744118087567,0.10473427949860147,0.032995778416184104,0.049829068683310884,0.14653855123922266,0.1691702061535274,0.18429503781207912,0.1018389019755312,0.17797575883145136,0.2052782886394625,0.15265079904630227,0.21195483269449908,0.3650678545529887,0.21661659587692944,0.1936185641769398,0.22076038537242307,0.13674505335128975,0.07474553886115175,-0.20957215373459026,-0.21278359059359783,0.09996892157878379,-0.0491039055215995,0.15259504817155287,-0.026623847508546565,-0.015435615870713765,-0.0379156738837667,-0.030095050643332757,-0.027763389619807313,0.0117062053247695,-0.11177872164094063,-0.20181300208375869,0.01647156324458717,0.031545414529758425,0.21356608227618065,0.11954832694499118,0.15664335685351288,0.009894066180247725,-0.059670568735108245,-0.026418026453469436,0.07682146672935798,0.08598363203149278,0.09007795708908031,0.14363782346637133
-0.10970682689319382,0.24298774968653006,-0.14482544286750232,0.7054801616077903,0.3577126281984875,0.0346006422873718,-0.02890293173106806,0.25650056977105556,-0.04091992126799958,-0.2959701647156324,-0.33108878068994096,-0.3483891018336268,-0.2697606961566352,-0.2997591360980494,-0.29876722262509064,0.24748782761835697,-0.26391442861924336,-0.11577011736290657,-0.3491142649953382,0.1666839324562312,-0.31461721744535376,0.029524500155392104,-0.12431368486480886,0.009479163971996376,-0.18833523257018542,-0.019579405366207395,0.25090645395213923,-0.14648295866569977,-0.1270071480368797,-0.0546980213405159,0.1516626955350668,-0.12483165855174556,0.1724852377499223,0.08111467937428778,0.1796332746296488,-0.00145032632342277,0.11141902570362953,-0.18481301149901586,0.022169273800890912,-0.05045063710763493,0.14943927901207402,-0.05858434126955138,0.13166891121931004,-0.028230297075071176,0.16974437342203347,0.041230705480161604,0.1939293483891018,0.07717807935356884,-0.028177768569356675,0.0401947581062882,-0.08235781622293588,0.4747746814461825,0.19672640629856003,1.0,0.15052315342380607,-0.2842639593908629,0.22480058013052936,-0.005024474892260374,-0.3289132912048068,-0.37600683755585623,-0.35232570185434575,-0.37061977169198945,-0.32124728063814356,-0.31358127007148034,-0.404247604789952,-0.3240443385476018,0.04926057342824346,-0.3204786201898447,-0.1529058323837149,-0.007666010566663214,-0.26965710141924787,-0.04817155288511343,-0.16254014296073757,-0.09240650574950793,-0.28691305596113625,-0.1598466797886667,-0.1004868952657205,-0.19838392209675748,-0.009945094789184709,-0.07510618460582202,-0.007976794778825234,0.19382575365171448,0.28053454884491863,0.20683224994634716,0.3561587071376774,0.27856624883455916,0.07034082668600435,0.03688163693111812,-0.02641665803377188,0.0758851104862005,0.09525782811202915,-0.07873200041437894,-0.10463610477648679,-0.06998368277232815,0.15704962187920854,-0.02393162396373114,0.16996037244708265,0.05863462136123484,-0.10437440111241912,0.04345911788254077
-0.23174142753548116,0.36699386197592526,0.19724437998549674,0.03895162125764011,0.4602714182119548,0.644566456024034,-0.08815912151662694,0.1584999482026313,0.3494250492075002,-0.06578265824096136,-0.13798819019993783,-0.06163886874546773,-0.19703719051072205,-0.3087721116779803,-0.24572671708277216,0.038848026520252765,-0.06852969363361315,-0.16166377462623327,-0.19537967471252457,0.07407023723194861,-0.1565316481922718,0.172692427224697,-0.002486273697296177,0.27997202879038474,0.08909147415311301,0.1043199005490521,0.1473117165647985,0.2455195276079975,0.00290065264684554,-0.01305293691080493,-0.019683000103594736,-0.09168134258779653,-0.0173003211436859,0.08360095307158395,0.20138816948099036,0.1326012638557961,0.1106938437604167,-0.1160261058738216,0.08867709520356365,0.11509375323733553,-0.012483489165306703,-0.03910802622326374,0.13187610069408473,-0.1562767087623665,-0.15689829328512037,-0.12120584274318864,0.14648295866569977,-0.06350357401843985,0.006008494768465761,-0.11561172692427224,-0.11467937428778617,0.2636486066507821,-0.13332642701750752,0.15052315342380607,1.0,0.12825028488552778,0.08101108463690045,0.24402372389111981,0.009841500051797368,-0.04791380696227677,-0.026209468558997202,-0.16663645080826417,-0.2124728063814358,-0.25308194343727336,-0.15104895125160175,-0.25235678027556196,-0.03517132424582262,-0.21967833008326026,-0.10587382160986221,-0.14565420076660104,-0.1565316481922718,-0.06640422666528539,-0.2539107013363721,0.07044442142339169,-0.08406930670245966,0.030767637004040192,0.06464311612970061,-0.10701336372112295,-0.05324769501709313,-0.10452709002382679,0.10908525846886977,0.13477675334093028,0.06899409509996891,0.12136437806769132,0.12845747436030247,0.10722055319589764,0.07800683725266755,0.139445739632823,0.05873821609862218,0.0472922224395229,0.025329569302219825,-0.0035222210711695844,-0.0009324009336518624,0.1047942192808437,0.140474463897234,-0.10059570073066205,-0.027195731647277777,-0.0892986636278877,-0.060863484519648854,-0.047810209541817784
0.2710038330052833,0.014866229835863169,0.5470838081425463,-0.3152387858696778,-0.22355744328188126,0.37988190199937844,0.2252149590800787,-0.032632342277012324,0.3509789702683103,0.3147208121827411,0.32725577540660933,0.32342277012327775,0.3612348492696571,0.3846054234539513,0.49031389205428366,0.04330260022790842,0.28297635398369514,0.23324959216338623,0.36392831244172796,0.0880555267792396,0.4429710970682689,0.06277841085672847,0.33160675437687764,0.018595736972386333,0.26012638557961254,0.10400911633689007,-0.14285714285714285,0.19776235367243342,0.25453226976069615,0.12255257432922406,-0.224696985393142,0.135916295452191,-0.02175489485134155,0.13570910597741634,-0.07966435305086501,0.11488656376256086,-0.12685504135201708,0.3133740805967057,0.2796021962084326,0.1951724852377499,0.03527492166628159,0.2141876667989345,-0.098207811043199,-0.036310895870871364,-0.025640361563596756,0.06226043716979177,-0.02185848958872889,0.0770744846161815,0.20998653268413964,0.09251010048689526,0.20677509582513207,-0.07873200041437894,0.06588625297834869,-0.2842639593908629,0.12825028488552778,1.0,0.1312545322697607,0.22786252629951945,0.4203874443178286,0.33819377908832976,0.2911012120584274,0.40283856945473123,0.5076142131979695,0.44960116026105873,0.4482776488790677,0.47560343934528126,0.1441558105686662,0.4291523142513114,0.3175178700921993,0.27815186988500984,0.4164508442971097,0.09406402154770536,0.3445560965502952,0.2114368590075624,0.23677190445899146,0.025484305397285814,0.030974826478814874,0.2911012120584274,-0.14099243758417074,0.1931005904900031,-0.028177768569356675,-0.13280845333057079,-0.26882834352014917,-0.2288985005041092,-0.22863358541386097,-0.09012742152698641,-0.1270071480368797,-0.020202020229123686,0.21775613798819018,0.01030794333566819,0.11162622054454749,0.2820884699057288,0.31970992013884975,-0.041078505135792906,-0.18761006940847402,-0.08598808610344955,0.01642104177559439,0.10286957422562933,0.2534510891528867,0.09629380231661892
0.04247384232880969,0.2791432494267129,0.21765254325080285,0.1811871956904589,0.09178493732518386,0.06702579508960944,0.4125142442763907,0.42898580752097787,0.22915155910079768,0.00290065264684554,0.0709623951103284,-0.03915881073241479,0.1300113954211126,0.11670249414703736,0.10224800580130529,0.32715218066922197,-0.1159773122038245,0.36958379748739967,0.016885942194136538,0.15891432715218065,0.013260126385579612,0.08225422148554852,0.06909768983735626,-0.009686358812914329,0.06308919506889049,-0.1562208639801098,-0.09333885838599398,-0.1579819745156946,-0.0351186159743085,-0.005904900031078421,-0.14264995338236816,-0.05822024241168549,0.008287578990987256,0.16678752719361856,0.02040816326530612,0.10286957422562933,-0.0325813887343482,0.09043820573914844,0.21682378535170413,0.2664456645602403,0.154101162932728,0.011758307222093865,0.03045685279187817,0.007510812983275816,0.09867654298717539,0.12648917434994303,0.0875375530923029,0.05780586346213612,0.13311923754273283,0.23961462757691906,0.1966228115611727,0.36734693877551017,0.4050554231845022,0.22480058013052936,0.08101108463690045,0.1312545322697607,1.0,0.21688119973086792,0.10587382160986221,0.027919504813694245,0.0068372526675644875,0.1338996659432275,0.06194965295762975,0.09986532684139644,0.10608650622883413,0.08940225836527503,0.32503690669003965,0.11007225923766284,0.20770744846161812,0.3575054387237128,0.09054180047653579,0.15332021133326426,0.07935356883870298,0.23526364860665075,0.0312346222683815,-0.14834766393867188,-0.1579819745156946,-0.0145032632342277,-0.08960944784004972,-0.01284574743603025,-0.03646534756034393,0.08681238993059152,0.01709313166891122,-0.04024759784831248,0.007562415829275872,0.06857971615041956,-0.033564694913498394,-0.07801087811553917,0.13197969543147206,0.10188806302140367,0.19750848210503924,0.04879312130943748,0.17125097148072543,-0.022637209009257885,-0.03698332124728063,-0.016368816390777145,0.08873578726054636,0.09126696363824717,0.1383543550229635,0.23905104770908894
-0.029577063541037875,0.14369334369334366,0.3656470955099586,-0.11867084513575792,0.18062210257022604,0.2329387999020093,0.17368107539947458,0.40864002500043395,0.6108621897363566,0.1790681412633414,0.0892491777254085,0.10717153146481148,0.11618450704474247,0.12856772856772855,0.07101603172462859,0.18238325871802863,0.24377104377104375,0.2695674695674695,0.1686048017969847,0.023982802836253123,0.09163191839596496,0.3533190024753403,0.23635751477715553,0.312043512043512,0.09691538683937279,0.10509958305563194,0.06863329105407212,0.1638393204558718,0.013001476267601586,0.1352464324091942,-0.2040351195939548,0.1459169667164688,0.0025381368012449314,0.376939214339987,0.34378803979311445,0.1664292559673462,-0.04651644651644651,0.16280334625128204,0.2798684313699258,0.16311413851265896,0.17860657860657858,0.10525770525770524,0.278936054585795,-0.22501942501942498,0.0015540015540015538,-0.05827354900817444,0.20548548348038045,-0.13421045820460442,-0.058895133530928304,0.017766957608714516,0.10095568623727287,0.07661029242941333,0.11079744118087567,-0.005024474892260374,0.24402372389111981,0.22786252629951945,0.21688119973086792,1.0,0.260910103425933,0.1875161875161875,0.22858770824273228,0.13913493913493913,0.15296159130767922,0.17513143928590028,0.1277940377024781,0.12364352131778879,0.051696451696451685,0.13416213416213413,0.35217943085029163,0.31964984082617287,0.20621066542359331,0.31643832079194456,0.18735593490005953,0.27427417066514104,0.19166019166019163,0.10924347987399102,-0.11722048124933224,0.09287508744147269,-0.26712594865347167,0.14115148537535588,0.1282018078179838,0.10582476499884479,-0.060241899996895006,0.09033929033929032,-0.08324052733878785,0.025018777040842894,-0.14757452544381244,-0.15918568214824286,0.049260573428243457,0.08236208236208235,0.14866614866614863,0.1410478879548969,0.18902328478976188,0.03968089520450629,0.03579290876857648,-0.303918775517,-0.1414214672432143,-0.16477169724000257,-0.06381766381766381,-0.024138824138824136
0.16419765875893502,0.03672528555270727,0.39096653889982386,-0.4004972547394592,-0.1109499637418419,0.17880451673055006,0.37055837563451777,0.05614834766393867,0.2810525225318553,0.6343105770226872,0.47177043406194963,0.48886356573086087,0.18253392727649434,0.345963585622753,0.38288614938361126,0.05397285817880451,0.22641216241309375,0.26712594865347167,0.27038226458095926,-0.002797057909458199,0.38692634414171756,-0.021236921164404846,0.1607790324251528,0.0441842998257536,0.5096861079457163,0.09768983735626229,-0.15083393763596809,0.22335025380710657,0.33419662281156115,0.06547187402879934,-0.11022480058013052,0.289754480472392,-0.12130943748057597,0.08070030042473843,-0.08992023205221174,0.11043199005490521,-0.09836575072579846,0.3066404226665285,0.22707966435305085,0.294934217341759,-0.0812721763500673,0.2526223097892149,-0.12690355329949238,0.05060733989421016,-0.028230297075071176,-0.02714182119548327,-0.1529058323837149,0.017714700093235263,0.135916295452191,-0.0062156842432404425,0.3585413860975862,-0.1927898062778411,0.10473427949860147,-0.3289132912048068,0.009841500051797368,0.4203874443178286,0.10587382160986221,0.260910103425933,1.0,0.4950402736632205,0.5249145343416554,0.2940612779728056,0.37470216513001137,0.3454884491867813,0.38497798549448015,0.378535170413343,0.1333816788409326,0.3481391314523915,0.25277115922511134,0.11001761110535584,0.3856832072930695,0.2427224696985393,0.24562312234538486,0.4618253392727649,0.45670922809339914,0.2769087330363617,0.11126074795400392,0.33243551227597634,-0.049311094996374184,0.19879830104630683,0.16626955350668185,-0.17517870092199314,-0.2612659276908733,-0.09121752871412907,-0.23702475914223559,-0.23443489070755205,-0.06598984771573603,0.12577052593926236,0.08463690044545737,0.06366061487204124,0.09163191839596496,0.2629234434890707,0.2914270918180766,0.1235463237690619,-0.02797057909458199,0.029111629150685932,-0.06356030996420921,0.05739148451258676,0.19077464977520575,0.05247209346247174
0.14767812286427143,-0.057808857808857805,0.3159203336896497,-0.4033565565570261,-0.2013415866620214,0.036310895870871364,0.24433451615249674,-0.07505633112252867,0.212012120969296,0.5321281501875342,0.6287845434757596,0.5817513145873842,0.2695086893240281,0.33058793058793057,0.33684701262236305,0.013933853051732378,0.2837606837606837,0.1987049987049987,0.2715806377332077,-0.12281474195411698,0.3421304810657708,-0.02771230997277629,0.21045815966241135,0.11313131313131311,0.37735360402182294,0.22454740884483218,-0.203102742809824,0.2696122867444871,0.19232861108209043,0.11286938959005521,-0.16995156826295144,0.19554013111631868,-0.18103649225206192,-0.03869363654142783,-0.1825904535589466,0.02874828417736606,-0.1855477855477855,0.20424231443487273,0.029577063541037875,0.17782497221783367,-0.09935249935249935,0.16534576534576534,-0.0884203983617367,0.030769230769230767,-0.12577052577052575,0.03869363654142783,-0.19833726146871106,-0.10147367333956776,0.08272254023649296,-0.06801170653131826,0.1869415452182236,-0.16611846370596928,0.032995778416184104,-0.37600683755585623,-0.04791380696227677,0.33819377908832976,0.027919504813694245,0.1875161875161875,0.4950402736632205,1.0,0.5795757687577456,0.3666407666407666,0.3738312917262177,0.3350858564745604,0.3762335208079037,0.3426484681680657,-0.03657083657083657,0.35234395234395227,0.19118903945704166,0.04573826113263825,0.3515578463275377,0.19419336465035197,0.24288415226607107,0.212115718389755,0.5470085470085468,0.2669187538125537,0.07236279819059528,0.3784931756468717,-0.0807541892477724,0.18808111684327236,0.16052420300118453,-0.3070109555301777,-0.2934396934500518,-0.1676249676249676,-0.2852554972337926,-0.32980238803115264,-0.0937038668051445,0.037141599121474175,-0.008546787187865584,0.046930846930846926,-0.09137529137529136,0.22703374693584763,0.10106451866945065,-0.014090343989067507,-0.13141332785221208,-0.008132818775552922,-0.08412764205237364,-0.05381885992843844,0.1672105672105672,-0.010463610463610462
0.09313166891121931,0.04356271530299974,0.3348181912358852,-0.37107634932145445,-0.12068786905625194,0.05946337926033357,0.2505956697399772,-0.0008287578990987258,0.26240546980213403,0.5814772609551435,0.4549880866052004,0.5976380399875686,0.18833523257018542,0.2855662894951695,0.3002175489485134,0.03056044752926551,0.25023956911865847,0.19875165115054697,0.25815808556925307,-0.041748679167098304,0.3450740702372319,-0.04423495286439449,0.11436859007562415,0.0942218539074394,0.43364757070340826,0.16875582720397803,-0.12037708484408992,0.2351600538692634,0.28405676991608825,0.10732414793328499,-0.18356987465036773,0.17704340619496528,-0.16999896405262613,0.029524500155392104,-0.038330052833316065,0.09509996892157878,-0.05899873095138728,0.2088469905728789,0.07976794778825234,0.19051072205531958,-0.07982181246364162,0.13928673180709428,-0.07800683725266755,0.026572738347727547,-0.09349667196422655,-0.035429400186470526,-0.19144307469180563,-0.04029835284367554,0.061535274008080385,-0.007458821091888531,0.24313684864808863,-0.22614731171656477,0.049829068683310884,-0.35232570185434575,-0.026209468558997202,0.2911012120584274,0.0068372526675644875,0.22858770824273228,0.5249145343416554,0.5795757687577456,1.0,0.32068581503076266,0.34134465969128763,0.29659173313995646,0.3375291379819742,0.3240443385476018,0.042630338518868945,0.31540234658735483,0.20988293794675228,0.02486273697296177,0.3701439966849684,0.214959080078732,0.21185123795711175,0.3569874650367761,0.6159384633388465,0.272143375116544,0.1808764114782969,0.40060084947684654,-0.14296073759453018,0.17517870092199314,0.21330156428053454,-0.17497151144721845,-0.25277115922511134,-0.06593975812213873,-0.23370972754584066,-0.30612244897959184,-0.03967678441935149,0.01958041960668911,0.0034186263337822437,0.047810209541817784,-0.005128072312719351,0.12659276908733036,0.14949494969551527,0.008858038307970476,-0.09551434787112814,-0.008391608402866763,-0.09370872104747714,-0.05076142131979695,0.10043769913497799,0.004610085210424468
0.2704410661081589,-0.07127687127687127,0.32110020471259854,-0.3431664552703606,-0.3954831526021439,-0.015487814358617031,0.21688119973086792,-0.11452694831739883,0.14581336929600983,0.24909999749360967,0.44251638149051936,0.2958224341206082,0.7576597345267267,0.5910385910385909,0.5622749995410965,0.07640309758849538,0.2575498575498575,0.3828023828023827,0.5830980810533508,-0.04221594883703304,0.4152702599098084,0.1232291316359529,0.3587060683392071,-0.08049728049728049,0.08251534539557501,-0.06231384840607453,-0.328352024144727,-0.07743907179308514,0.06935847299728497,0.058895133530928304,-0.23335318958384524,0.16197456688761022,-0.05309367798522561,0.1441558105686662,-0.0544404444511923,-0.037346870075461135,-0.24180264180264174,0.3299059854516116,0.18631996069546974,0.040661987530148394,0.1566433566433566,0.20999740999740998,-0.0010877729148192562,0.023206423206423205,0.08526288526288525,0.21190852354883702,0.03050944032516866,0.05361166508752049,0.10644634952159865,0.22641216241309378,0.1440522131482072,-0.15099324031895867,0.14653855123922266,-0.37061977169198945,-0.16663645080826417,0.40283856945473123,0.1338996659432275,0.13913493913493913,0.2940612779728056,0.3666407666407666,0.32068581503076266,1.0,0.6081686568044232,0.5877599649740047,0.5512186279659786,0.5574059207795246,0.14276094276094273,0.5671069671069671,0.3825334750447718,0.3512470540661608,0.39548315260214384,0.13949392664801225,0.3552873534640609,0.10779311598756534,0.22118622118622117,-0.1486104996484022,-0.2008235995597265,0.1927430007639263,-0.1409442905344379,0.15347957840997412,-0.20403511959395476,-0.16259615141036407,-0.31540234658735483,-0.3361823361823361,-0.4579523971389069,-0.15700189070557932,-0.2597705318008843,-0.27242352828428545,0.04397710498483565,-0.02838642838642838,0.12691012691012687,0.09287508744147269,0.2564686990940288,-0.07148777465041603,-0.20600347058267535,-0.05672252585497102,-0.020617488631062015,0.04781020954181779,0.18679098679098677,0.12763532763532762
0.3666217756137988,-0.12053559870401949,0.3969750336682896,-0.27929141199627056,-0.43437273386511965,0.024241168548637726,0.2613695224282606,-0.07189474774681445,0.1880244483580234,0.35232570185434575,0.44670050761421315,0.39956490210297313,0.5921475189060394,0.6743674084777094,0.7164612037708483,0.06785455298870817,0.4141306882847597,0.3384009739292477,0.5811664767429815,-0.013363721122966953,0.5736040609137055,0.04651403708691598,0.3901377810007251,-0.0884203983617367,0.1761110535584792,0.07116958458510307,-0.21381953796747125,0.02030456852791878,0.21381953796747125,0.1386097586242619,-0.21630581166476742,0.20211333264270173,-0.013156531648192272,0.1144721848130115,-0.08225422148554852,-0.024033979073863045,-0.24008702191367873,0.40546980213405154,0.21630581166476742,0.06267481611934114,0.12240035227228108,0.24961798459590456,-0.084222521495908,0.028851881597825035,0.09940172493038822,0.2353672433440381,-0.0068372526675644875,0.11115715321661658,0.1473117165647985,0.20221692738008906,0.21910286957422562,-0.1565316481922718,0.1691702061535274,-0.32124728063814356,-0.2124728063814358,0.5076142131979695,0.06194965295762975,0.15296159130767922,0.37470216513001137,0.3738312917262177,0.34134465969128763,0.6081686568044232,1.0,0.7399772091577748,0.6012950021017123,0.7241272143375116,0.14343062862545336,0.6388334932602804,0.3901377810007251,0.36734693877551017,0.5224282606443592,0.17207085880037293,0.5559929555578577,0.11892675852066714,0.31913185372387803,-0.04589246866259193,-0.07168755827203978,0.37988190199937844,-0.13280845333057079,0.3073655858282399,-0.12752512172381641,-0.14990158499948203,-0.2954521910286957,-0.3021418767686058,-0.3236299595980524,-0.13311923754273283,-0.20522117476432197,-0.14566174585716873,0.08836631099140163,0.02615834866589164,0.18890989620694418,0.22065679063503574,0.29339549378911944,-0.07982594755896201,-0.24614109603232154,-0.021341621370253742,0.06501074898539735,0.177561379881902,0.19781927436641616,0.12333272905641186
0.3394799544183155,-0.14073709569351994,0.36361752822956594,-0.2838495804413136,-0.46773023930384333,-0.03169998964052626,0.2555682171345695,-0.036672537035118614,0.13726302703822646,0.30239303843364757,0.4218377706412514,0.364549880866052,0.5851030767637003,0.769677035299968,0.7286853827825546,0.06495390034186263,0.372691720101169,0.3694802000669407,0.6389723402051175,-0.046721226561690664,0.5783694188335232,0.07717807935356884,0.411685486377292,-0.06625055038351566,0.12244897959183673,0.08733036361752822,-0.2040816326530612,0.010981042163058116,0.12327773749093546,0.16885942194136538,-0.18356987465036773,0.15632445871749712,-0.02330881591215166,0.12027349010670259,-0.07956075831347767,-0.11126074795400392,-0.3204786201898447,0.42390966538899816,0.22915155910079768,-0.0030042473842328806,0.10292403722599344,0.26743674091484854,-0.04444214233916917,0.03941881848464067,0.1253010800451324,0.24489795918367346,0.022169273800890912,0.04754998446078939,0.08225422148554852,0.15083393763596809,0.22241790117062052,-0.11177872164094063,0.18429503781207912,-0.31358127007148034,-0.25308194343727336,0.44960116026105873,0.09986532684139644,0.17513143928590028,0.3454884491867813,0.3350858564745604,0.29659173313995646,0.5877599649740047,0.7399772091577748,1.0,0.6712250721256019,0.7777892883041541,0.0683224987926952,0.6596565747725347,0.430539728581788,0.4156220863980109,0.5516419765875893,0.10411271107427743,0.5760903346110017,0.1015228426395939,0.29240371924546193,-0.08670879519320418,-0.12555682171345695,0.30363617528229564,-0.12659276908733036,0.33533616492282187,-0.17580026934631718,-0.2157878379778307,-0.30726199109085256,-0.34668876756596584,-0.3406194965295763,-0.17434994302289442,-0.2970061120895058,-0.19994820021645496,-0.01129182637522014,-0.02895547901828401,0.16487529466046155,0.2187920853620636,0.295053095448945,-0.12416794049242826,-0.2654097171863669,-0.07417767427719262,0.011655313563119047,0.09157774785040919,0.11867084513575792,0.02978425838195583
0.25226625260469837,-0.046258644373049426,0.4079772085245594,-0.36177156225692264,-0.40507640561986474,0.029215229254425025,0.3185703189977197,-0.03781403786476998,0.19134939160611003,0.31473711515937314,0.4435120441070693,0.36985237034857216,0.5000777007486156,0.6607267737718314,0.6685314694283854,0.052421652491982496,0.27221632271038604,0.3696029424431217,0.5795389803165021,-0.03988603993955189,0.6176638184924893,0.059259259338762825,0.41471121526760063,-0.003781501723664735,0.18492618517428608,0.022584822615122895,-0.2290598293671409,0.03408443413016253,0.17187257210316,0.1575757577871648,-0.16783216805733525,0.12245532261961128,-0.09386169398762083,0.06340326348832666,-0.1517741519777754,-0.07863247873797374,-0.3227744827418488,0.3536907541652732,0.19228179253976188,0.0671328672229341,0.028542567804647517,0.18384314544227595,-0.09344729357266444,0.08987541767888102,-0.007303996479955172,0.19704739731176027,-0.06910126919397692,0.0027972028009555874,0.07759647770058278,0.11157731172700622,0.2189070192007095,-0.1274281275990879,0.1018389019755312,-0.404247604789952,-0.15104895125160175,0.4482776488790677,0.10608650622883413,0.1277940377024781,0.38497798549448015,0.3762335208079037,0.3375291379819742,0.5512186279659786,0.6012950021017123,0.6712250721256019,1.0,0.6809634818770769,0.04346136912540702,0.5954570179935085,0.3774151779215261,0.29753949793868323,0.5509453516845118,0.07417767427719263,0.4385392391275927,0.1446257448197778,0.3175943433943629,-0.029629629669381412,-0.06236726245093569,0.31245791287711305,-0.10764050778492058,0.2466718470027872,-0.15073815094038445,-0.3112147116322439,-0.4219632225293373,-0.3928099667198587,-0.3444703449324937,-0.2960890964863359,-0.2488474491813082,-0.1753004558640696,-0.03563843568624897,-0.054650470115976645,0.0516459892944348,0.15270655291142726,0.22171570658930786,-0.10272748468750292,-0.2857290861124263,-0.05118110236220472,-0.06159504755090316,0.03853923859094365,0.16436582149572881,0.03817762699097136
0.4029835284367554,-0.12737302845431195,0.38837667046514035,-0.3028074173831969,-0.46037501294934213,-0.004661763182430332,0.32798093856832067,-0.065368279291412,0.12928623225940122,0.3111985911115715,0.4538485444939397,0.40692012845747433,0.5464622397182223,0.7267877032299517,0.8112503884802651,0.058427431886460164,0.36492191356674575,0.3824298776243128,0.5729824924893815,0.026520252771159224,0.6499533823681757,0.028384958044131357,0.4010152284263959,-0.06821890137223621,0.15839635346524394,0.08639801098104216,-0.19962705894540556,0.007355226354501191,0.2101937221589143,0.21848130114990155,-0.20169895369315238,0.18584895887288924,-0.030042473842328807,0.10898166373148244,-0.1198591111571532,-0.05024344763286025,-0.2727202093582564,0.444525018129079,0.20273490106702577,0.05594115818916398,0.10385641401012423,0.22599777273125785,-0.11167512690355329,0.07702468211124924,0.11898163739713484,0.24044338547601782,-0.015435615870713765,0.13653786387651506,0.13332642701750752,0.20211333264270173,0.27038226458095926,-0.14565420076660104,0.17797575883145136,-0.3240443385476018,-0.25235678027556196,0.47560343934528126,0.08940225836527503,0.12364352131778879,0.378535170413343,0.3426484681680657,0.3240443385476018,0.5574059207795246,0.7241272143375116,0.7777892883041541,0.6809634818770769,1.0,0.11307658443097315,0.627437777009793,0.3790531441002797,0.35626230187506475,0.5869677820366724,0.093649642598156,0.622397182223143,0.1656479850823578,0.3345678693722655,-0.09530715839635345,-0.06909768983735626,0.4205946337926033,-0.12959701647156324,0.3190717911530094,-0.1473117165647985,-0.2196208432611623,-0.33119237542732827,-0.3401621300770503,-0.30032114368590074,-0.215269864290894,-0.2428260644359266,-0.14607614627212515,0.019890189578369417,-0.008132397506029678,0.1329672891590967,0.23443489070755205,0.29681429721250957,-0.13960475578935924,-0.2941054594426603,-0.029940429980598697,0.018596700307376614,0.17331399564902103,0.1668436456491821,0.07215560334967734
0.2151200435830653,0.17995337995337993,0.14332703120499438,0.0267799331886455,0.01030794333566819,0.03351376551847899,0.34824272887285046,0.20693584736680615,0.1245758981019196,0.03910802622326374,0.037346870075461135,-0.056615990280830815,0.0973297765212087,0.06288526288526287,0.10364921916920627,0.16280334625128204,-0.06184926184926184,0.30116550116550117,0.05381885992843844,0.33363549258813474,0.0383828442800509,-0.11100463602179363,-0.026572738347727547,-0.18948458948458946,0.016627385983665775,-0.30804692973476744,-0.194193364650352,-0.32824842672426796,0.11939602707897075,-0.07526352596344664,-0.004920877471801397,0.030716635166086616,0.08935277514586748,0.06345342003112328,-0.058895133530928304,0.26308564925557154,0.10567210567210567,0.2495143871754456,0.18911709104786215,0.270026676426323,0.28976948976948974,0.09873089873089871,-0.14166947247765074,0.07127687127687127,0.19632219632219627,0.15337598098951513,0.03413535004123285,0.3601564322256328,0.3806687214765102,0.5028100801976438,0.21574162810581918,0.04967496311007937,0.2052782886394625,0.04926057342824346,-0.03517132424582262,0.1441558105686662,0.32503690669003965,0.051696451696451685,0.1333816788409326,-0.03657083657083657,0.042630338518868945,0.14276094276094273,0.14343062862545336,0.0683224987926952,0.04346136912540702,0.11307658443097315,1.0,0.08868168868168867,0.0807541892477724,0.22164668107198085,0.0499857553714563,0.0937038668051445,0.09142472355504702,0.21667400488994995,0.013986013986013984,-0.14674574608014063,-0.0633498226106643,-0.037657662336838066,0.10406360885104218,0.03309937583664309,0.02667633576818652,0.31312320333725735,0.06573256328122078,0.012950012950012949,0.02843749191598913,0.1821760638771107,0.07971821504318263,-0.061488254054658076,0.36098521158930463,0.3333851333851333,0.3672623672623672,0.09515423069157018,0.4089720014840148,0.1874222961486994,0.0847944886456725,0.19182056003740428,0.3449026113206304,0.42355805354652665,0.30189070189070183,0.5351981351981352
0.345859988202294,-0.07925407925407923,0.3543549766799301,-0.28680945854067724,-0.40470332302299283,-0.029162673859201963,0.32638367315600636,-0.006371241358227073,0.15285799388722024,0.32037502276938573,0.37455647366943057,0.36492191356674575,0.5537800110634604,0.6712250712250711,0.6255730234415313,0.017248970506419634,0.39212639212639205,0.4102564102564102,0.5928362385764947,-0.06044909483781296,0.5492217245632655,0.03682888297316625,0.33135634933803726,-0.06723646723646723,0.15492994229639978,0.03910802622326374,-0.20652145768497024,0.021392867324778707,0.19699049500274435,0.08541607316842635,-0.23128124117466567,0.12851260007936072,-0.14643495381876367,0.09836575072579846,-0.1294449768634915,-0.003574111005834699,-0.21175861175861171,0.41537385733026744,0.22061070686739107,0.08002900730455957,0.08308728308728307,0.2197358197358197,-0.09494703585065223,0.10795130795130793,0.07821807821807822,0.2305560592314528,-0.04117997463244327,-0.014451840154027262,0.14767812286427143,0.19222501366163142,0.20517469121900353,-0.10447799853287809,0.15265079904630227,-0.3204786201898447,-0.21967833008326026,0.4291523142513114,0.11007225923766284,0.13416213416213413,0.3481391314523915,0.35234395234395227,0.31540234658735483,0.5671069671069671,0.6388334932602804,0.6596565747725347,0.5954570179935085,0.627437777009793,0.08868168868168867,1.0,0.44655668088841943,0.3991090623182081,0.5096475099479363,0.16249255398990511,0.44790344735438614,0.11887803997667587,0.3522403522403522,-0.0003625909716064188,-0.03154541452975843,0.3173706975760754,-0.1196032219198887,0.3037994354959494,-0.08831680094127771,-0.21398047195801656,-0.2999663309389673,-0.32364672364672364,-0.2956152392796903,-0.22838051340181434,-0.1831084406612415,-0.17835219773394084,0.05806635416725649,0.006630406630406629,0.11945091945091943,0.1825904535589466,0.26910823910189446,-0.08568172410999138,-0.2026883531279881,-0.019011111405273392,0.023414836334773946,0.10168086818048572,0.2114478114478114,0.1443149443149443
0.16803066404226663,0.02201445184753257,0.26572050139852893,-0.18367346938775508,-0.21837770641251422,0.0017611105355847922,0.2664456645602403,0.14078524810939602,0.2838495804413136,0.17901170620532475,0.21330156428053454,0.1717600745882109,0.355433543975966,0.4376473027289475,0.35895576504713556,0.20138816948099036,0.3138483852804702,0.5057108079704952,0.4434890707552056,0.1249352532891329,0.34704237024759144,0.2732829172278048,0.36786491246244685,0.12364352131778879,0.007562415829275872,-0.00020718947477468144,-0.03304672122656169,-0.017714700093235263,0.023723194861701023,0.10701336372112295,-0.22117476432197244,0.10463068476121412,-0.03087123174142753,0.45954625505024344,0.18263752201388167,0.06474671086708796,-0.20817901641231384,0.2555682171345695,0.27235056459131873,0.12431368486480886,0.13793996534112757,0.09308228228239064,0.11063917952967989,-0.12374711873824779,0.10406360885104218,0.0015539210608101106,0.13477675334093028,-0.021133326427017506,0.0015539210608101106,0.13705583756345177,0.17693981145757795,-0.06526468455402465,0.21195483269449908,-0.1529058323837149,-0.10587382160986221,0.3175178700921993,0.20770744846161812,0.35217943085029163,0.25277115922511134,0.19118903945704166,0.20988293794675228,0.3825334750447718,0.3901377810007251,0.430539728581788,0.3774151779215261,0.3790531441002797,0.0807541892477724,0.44655668088841943,1.0,0.5866569978245104,0.4172796021962084,0.36672537035118613,0.3696260229980317,0.1724852377499223,0.19740488468458028,-0.016160779032425153,-0.13850616388687453,0.14938361131254532,-0.22635450119133946,0.17155288511343622,-0.029628094892779448,-0.012638557961255566,-0.12752512172381641,-0.03517132424582262,-0.22303946959494456,0.01802548430539728,-0.1939293483891018,-0.29163429202555474,0.11146793742877861,-0.028230297075071173,0.17917173868380035,0.11530094271211022,0.23714063745879035,-0.035794762987178944,-0.12524603750129493,-0.24988345021869915,-0.13504623315133937,-0.04029835284367554,0.02450078993854801,0.048535391485030624
0.26955350668186057,0.061795861303779655,0.26199109085258465,-0.0013467315860354293,-0.22935874857557234,-0.05335128975448047,0.2710038330052833,0.2362995959805242,0.21361234849269656,0.018439863254946648,0.07842121620221693,-0.007873200041437895,0.3738734072309126,0.4067752714321724,0.3359577333471459,0.24344763286025065,0.17440625734268744,0.58216570426922,0.36144203874443176,0.20636071687558272,0.24924893815394175,0.23184502227286852,0.3144100279705791,-0.025951153824973688,-0.13829897441209985,-0.12887185330985185,-0.11550813218688488,-0.22221071169584583,-0.06246762664456645,0.09727545840671294,-0.17973686936703615,0.0679581477260955,0.10918885320625711,0.38537242308090747,0.11488656376256086,0.09520356365896612,-0.15679469586466135,0.2704858593183466,0.2831244172796022,0.06650782140267275,0.2784180674835001,0.10385641401012423,0.08784833730446492,-0.07049804462233371,0.18404081744537226,0.09810421630581166,0.201284574743603,0.04475292655133119,0.038848026520252765,0.2883041541489692,0.16347249559722365,0.09137055837563451,0.3650678545529887,-0.007666010566663214,-0.14565420076660104,0.27815186988500984,0.3575054387237128,0.31964984082617287,0.11001761110535584,0.04573826113263825,0.02486273697296177,0.3512470540661608,0.36734693877551017,0.4156220863980109,0.29753949793868323,0.35626230187506475,0.22164668107198085,0.3991090623182081,0.5866569978245104,1.0,0.36299595980524185,0.27162540142960734,0.39676784419351496,0.07261991090852585,0.02356841315441722,-0.21692738008909146,-0.272143375116544,0.03273593701439967,-0.16834144825442865,0.16347249559722365,-0.16823785351704132,0.11395421112607479,-0.07800683725266755,-0.12644065167018118,-0.16979177457785144,0.13177250595669737,-0.16699471666839322,-0.3678839683775293,0.22003522221071167,0.03268498615480718,0.2942684728137236,0.09665388998238889,0.28728308766851274,-0.09277629596242762,-0.13498394281570494,-0.1864801867303725,0.006267968627277355,0.09313166891121931,0.0847944886456725,0.19212141624117246
0.33243551227597634,-0.04273393593932793,0.4067129389826996,-0.26499533823681753,-0.3409302807417383,0.042681031803584374,0.3722158914327152,0.036879726509893296,0.19527607997513724,0.34010152284263956,0.3872371283538796,0.4159328706101729,0.36631099140163675,0.5381368005741549,0.5359991712421008,0.09478918470941676,0.38367304666982055,0.38978529447690013,0.47342794986014713,0.11737283745985704,0.6635242929659173,-0.011913394799544182,0.34869988604578883,0.034446142302609783,0.21589143271521805,0.1397493007355226,-0.09572153734590282,0.09199212679995855,0.26230187506474667,0.20035222210711695,-0.1531130218584896,0.22428260644359266,-0.004661763182430332,0.14285714285714285,-0.1093960426810318,0.009945094789184709,-0.2213358888106039,0.3027038226458096,0.10545944266031285,0.0987257847301357,0.0312346222683815,0.17181632183121298,-0.1414068165337201,0.023257620893040287,0.026261946086350615,0.06961566352429296,-0.08992023205221174,0.03843364757070341,-0.0018647052729721327,0.08101108463690045,0.23650678545529885,-0.12400290065264684,0.21661659587692944,-0.26965710141924787,-0.1565316481922718,0.4164508442971097,0.09054180047653579,0.20621066542359331,0.3856832072930695,0.3515578463275377,0.3701439966849684,0.39548315260214384,0.5224282606443592,0.5516419765875893,0.5509453516845118,0.5869677820366724,0.0499857553714563,0.5096475099479363,0.4172796021962084,0.36299595980524185,1.0,0.11799440588418107,0.5178700921993162,0.18978555889360818,0.408225635318598,-0.0030042473842328806,0.04951828447114886,0.40267274422459337,-0.18170516937739561,0.2831244172796022,0.04444214233916917,-0.2145447011291826,-0.3244587174971511,-0.2662971692897998,-0.20636071687558272,-0.28519631202734896,-0.2000414378949549,-0.1272209273916097,0.06267481611934114,-0.028541089336448104,0.09142472355504702,0.17196726406298557,0.16058016079559856,-0.11815897883322021,-0.33461100176111047,-0.15529655550490468,-0.08552410085648687,0.06547187402879934,0.025640361563596753,-0.007303618142357864
0.12213819537967471,0.041076377211984295,0.12928623225940122,-0.08598363203149278,-0.023930384336475704,-0.06588625297834869,0.2437584170724127,0.1506267481611934,0.21433751165440793,0.2626126592769087,0.17901170620532475,0.16357609033461099,0.10649539003418626,0.16487529466046155,0.08619082150626747,0.32580544908318654,0.15876304685338194,0.33570744099731425,0.10069408474049518,0.007976794778825234,0.03822645809592873,0.2661348803480783,0.13985289547290997,0.15658750102374341,0.11395421112607479,0.023101626437376982,-0.08411892675852066,0.0012431368486480886,-0.005179736869367036,0.047653579198176726,-0.19620843261162332,0.22573293276701542,0.01584999482026313,0.3427949860147104,0.2272868538278255,0.0870195794053662,-0.11297298701051418,0.06049932663420698,0.21692738008909146,0.327462964881384,0.03859003912096885,-0.027194322870481406,0.11530094271211022,-0.16819041211514882,-0.09401465906652144,-0.14959080078732,0.014917642183777061,-0.060395731896819634,-0.03874443178286543,-0.012224179011706204,0.19382575365171448,-0.09810421630581166,0.1936185641769398,-0.04817155288511343,-0.06640422666528539,0.09406402154770536,0.15332021133326426,0.31643832079194456,0.2427224696985393,0.19419336465035197,0.214959080078732,0.13949392664801225,0.17207085880037293,0.10411271107427743,0.07417767427719263,0.093649642598156,0.0937038668051445,0.16249255398990511,0.36672537035118613,0.27162540142960734,0.11799440588418107,1.0,0.1648192271832591,0.21485548534134463,0.18404081744537226,0.20501398528954728,-0.14917642183777063,0.17621464829586655,-0.17217445353776026,0.05272972133015642,0.1648192271832591,0.04299181601574639,-0.10007251631617113,0.1959545207981546,-0.20615352740080803,0.11136434269139127,-0.05376566870402983,-0.08640248651840593,0.07552056355537139,0.06293543292882839,0.028437491915989127,0.10856728478193307,0.10038850052318388,0.1081095084721309,0.13819537967471252,-0.1588189590320339,-0.15607759895856751,-0.06567906350357401,0.11690968898795531,0.08344772217970581
0.36703615456334815,-0.13265649689771977,0.2919299699575261,-0.16658033771884387,-0.3546047860768673,-0.06236403190717912,0.2779446804102351,0.022169273800890912,0.14368590075624157,0.22884077488863563,0.27701232777374907,0.28561069097689834,0.42121620221692735,0.5454922174267423,0.5745364135501916,0.149280016575158,0.38947450221552327,0.36802983618051505,0.46824821299078007,0.051486584481508335,0.5155910079767948,0.10867087951932042,0.4777789288304154,0.03941881848464067,0.042681031803584374,0.11820159535895577,-0.0379156738837667,0.009530715839635344,0.10173003211436858,0.3661038019268621,-0.10898166373148244,0.17082772195172483,0.13146172174453535,0.18823163783279806,-0.017818294830622604,-0.059670568735108245,-0.2593561421190484,0.33005283331606755,0.19475810628820053,0.09168134258779653,0.1634249307740359,0.16104219010347942,-0.018129079042784626,0.023464815733958245,0.13949392664801225,0.18833523257018542,0.08080389516212576,0.19941986947063087,0.036879726509893296,0.14088884284678338,0.2147518906039573,-0.042163058116647674,0.22076038537242307,-0.16254014296073757,-0.2539107013363721,0.3445560965502952,0.07935356883870298,0.18735593490005953,0.24562312234538486,0.24288415226607107,0.21185123795711175,0.3552873534640609,0.5559929555578577,0.5760903346110017,0.4385392391275927,0.622397182223143,0.09142472355504702,0.44790344735438614,0.3696260229980317,0.39676784419351496,0.5178700921993162,0.1648192271832591,1.0,0.15083393763596809,0.24433451615249674,-0.08588003729410545,-0.12120584274318864,0.4132394074381021,-0.07334507407023723,0.3104734279498601,-0.09955454262923442,-0.1376774059877758,-0.2308090748989951,-0.23438916378843497,-0.16222935874857555,-0.05666632135087537,-0.2427224696985393,-0.15249935270394907,0.006319278980627783,-0.002227344539868001,0.1547227474554818,0.2631306329638454,0.2629370632898252,-0.14633893695916136,-0.1839842535999171,-0.08557368568849316,0.032686679370347194,0.18253392727649434,0.04967496311007937,0.009479163971996376
0.021340515901792187,0.19398616980943403,0.24458717497151145,-0.177872164094064,0.1137470216513001,0.15943230083911736,0.32197244379985496,0.21558064850305603,0.32508028592147514,0.33999792810525226,0.19196104837874234,0.2790842225214959,0.04444214233916917,0.12436870326100162,0.1565316481922718,0.10359473738734071,0.10447799853287809,0.22123229139014494,0.08836631099140163,0.09219931627473324,0.16948099036568942,0.10442349528643945,0.1119859111157153,0.14985366869390992,0.3030146068579716,0.02175489485134155,0.08235781622293588,0.17082772195172483,0.23443489070755205,0.12545322697606962,-0.10825650056977106,0.10918885320625711,-0.060084947684657615,0.18833523257018542,0.07116958458510307,0.20377084844089918,0.11276579216959623,0.19216823785351703,0.28353879622915157,0.42784626540971715,0.03682888297316625,0.04635984565539211,-0.020926136952242824,0.08210095571373911,0.0995053223508472,-0.042163058116647674,-0.006526468455402465,0.14358230601885422,0.12483165855174556,0.09271728996166995,0.30394695949445766,-0.03584377913601989,0.13674505335128975,-0.09240650574950793,0.07044442142339169,0.2114368590075624,0.23526364860665075,0.27427417066514104,0.4618253392727649,0.212115718389755,0.3569874650367761,0.10779311598756534,0.11892675852066714,0.1015228426395939,0.1446257448197778,0.1656479850823578,0.21667400488994995,0.11887803997667587,0.1724852377499223,0.07261991090852585,0.18978555889360818,0.21485548534134463,0.15083393763596809,1.0,0.35362979473671724,0.13985289547290997,0.10038330052833316,0.21775613798819018,-0.06453952139231327,0.0602921371594323,0.2210711695845851,0.04951828447114886,-0.060810110846368996,0.055787210917159,-0.010877447425670775,-0.0669222003522221,0.03729410545944266,0.11862211878126473,0.07541696881798404,0.07453834402023381,0.13099893817037614,0.1648192271832591,0.3046879050966808,0.08469527855866509,0.02040816326530612,0.03563843568624897,-0.043668574816486026,0.04091992126799958,0.12074279354493746,0.07951102020226468
0.14850690222794322,-0.0022792022792022786,0.3072181503710957,-0.31498795690551895,-0.1244723006814606,0.022739633790745405,0.33342829774721683,0.06956566783820291,0.2406050090159736,0.5171065242209826,0.44552070668382965,0.613452125247831,0.14923208417115608,0.28997668997668996,0.31799228209882924,-0.027090725450022432,0.3368039368039368,0.20098420098420094,0.24298774968653003,-0.0352749216662816,0.37424568140805364,-0.09401465906652144,0.10126647849864981,0.1215229215229215,0.41982854641000344,0.22796612371997843,-0.07961461762272366,0.28028282105176167,0.36036362706655073,0.11991401418126564,-0.13773277050020963,0.16446090497862564,-0.25459066077793546,-0.04138716947336123,-0.1129729870105142,0.10126647849864981,-0.026003626003625997,0.19802646920733413,-0.003988500687670606,0.21812436877637564,-0.10991970991970991,0.09738409738409737,-0.17544223154727717,0.10266770266770266,-0.041647241647241644,0.024604387359006986,-0.2557302324029842,-0.064696589076631,0.09867654298717539,0.00968635881291433,0.21014736740103443,-0.1596954236375127,0.07474553886115175,-0.28691305596113625,-0.08406930670245966,0.23677190445899146,0.0312346222683815,0.19166019166019163,0.45670922809339914,0.5470085470085468,0.6159384633388465,0.22118622118622117,0.31913185372387803,0.29240371924546193,0.3175943433943629,0.3345678693722655,0.013986013986013984,0.3522403522403522,0.19740488468458028,0.02356841315441722,0.408225635318598,0.18404081744537226,0.24433451615249674,0.35362979473671724,1.0,0.2773820932789104,0.24537049035708652,0.46872652886664046,-0.1375255756592917,0.21242651065113188,0.3424412733271478,-0.21812436877637564,-0.22061070686739107,-0.06816886816886816,-0.10882909019215511,-0.37103416137382533,-0.02201445184753257,0.10386179391709305,-0.0209784776429428,0.06288526288526287,-0.02051282051282051,0.19118903945704166,0.10676267195168518,-0.024036469157821042,-0.17223071151304892,0.027195731574301173,-0.07687525911682419,0.01061873559704512,0.1185185185185185,0.013675213675213673
-0.08007873200041436,-0.07060164204279268,0.05304050554231845,-0.21982803273593698,0.11903035325805447,0.03770848440899202,0.04029835284367554,-0.025898684346835177,0.11260747954003936,0.3479747228840775,0.13881694809903655,0.2137159432300839,-0.1995234642080182,-0.06801170653131826,-0.08639801098104216,-0.14368590075624157,0.0789930330999698,-0.09049234677091623,-0.08163265306122448,-0.1399564902102973,0.010463068476121412,-0.1422355744328188,-0.13964570599813528,0.12322913163595288,0.3830933388583859,0.21682378535170413,0.1093960426810318,0.3503574018439863,0.25463586449808345,-0.08349735833419661,0.102765979488242,0.08588003729410545,-0.20169895369315238,-0.10991401636796849,-0.039573189681964153,0.14606857971615042,0.09898733524855231,-0.11084636900445456,-0.07127317932249042,0.19382575365171448,-0.2645360131419972,0.03941881848464067,-0.12938982699678855,0.008961176869701493,-0.1352464324091942,-0.182119548326945,-0.26831036983321244,-0.16544079560758312,0.05034704237024759,-0.19227183259090436,0.10991401636796849,-0.20107738526882835,-0.20957215373459026,-0.1598466797886667,0.030767637004040192,0.025484305397285814,-0.14834766393867188,0.10924347987399102,0.2769087330363617,0.2669187538125537,0.272143375116544,-0.1486104996484022,-0.04589246866259193,-0.08670879519320418,-0.029629629669381412,-0.09530715839635345,-0.14674574608014063,-0.0003625909716064188,-0.016160779032425153,-0.21692738008909146,-0.0030042473842328806,0.20501398528954728,-0.08588003729410545,0.13985289547290997,0.2773820932789104,1.0,0.31658551745571323,0.13747021651300115,0.05759867398736143,0.04091992126799958,0.4395524707344866,-0.10390552159950273,0.055526779239614625,0.26049571374409713,0.1060810110846369,-0.131047342794986,0.16730550088055524,0.3814555819673509,0.06640422666528539,0.08489808606613147,-0.17772137479737468,0.07293069512068787,-0.08795648807449237,0.14032997529995334,0.19206464311612967,0.07365967375849714,-0.10334378025965556,-0.03915881073241479,0.08935277514586748,-0.032166999052512295
-0.08204703201077385,-0.04760301470089983,0.010670257950896093,-0.10991401636796849,0.11789081114679373,0.13581270071480367,-0.015953589557650468,-0.07386304775717392,0.002486273697296177,0.15145550606029212,-0.029938879104941467,0.11768362167201905,-0.24230809074898993,-0.13918313438663532,-0.07013363721122966,-0.3167927069304879,0.05640879543991286,-0.14933568159161503,-0.09603232155806483,0.11789081114679373,0.039987568631513516,-0.3893090231016264,-0.29514140681653367,-0.0830333324978699,0.32104009116336885,0.07438102144411064,0.16212576401118822,0.2984564384129286,0.4853413446596912,-0.10494146897337614,0.10929244794364446,-0.024033979073863045,-0.1794260851548741,-0.2525639697503367,-0.21910286957422562,0.21910286957422562,0.3654399006690406,-0.09478918470941676,-0.25971200663006316,0.035222210711695845,-0.30939369620073415,-0.07982181246364162,-0.37957111778721636,0.22693014951538865,-0.03361736293893797,-0.12545322697606962,-0.38153941779757583,0.019475810628820055,0.13229047964363408,-0.05853102662384751,0.02051175800269346,-0.16823785351704132,-0.21278359059359783,-0.1004868952657205,0.06464311612970061,0.030974826478814874,-0.1579819745156946,-0.11722048124933224,0.11126074795400392,0.07236279819059528,0.1808764114782969,-0.2008235995597265,-0.07168755827203978,-0.12555682171345695,-0.06236726245093569,-0.06909768983735626,-0.0633498226106643,-0.03154541452975843,-0.13850616388687453,-0.272143375116544,0.04951828447114886,-0.14917642183777063,-0.12120584274318864,0.10038330052833316,0.24537049035708652,0.31658551745571323,1.0,0.15767119030353258,0.17041334300217548,-0.055526779239614625,0.3978037915673883,-0.06505749507924997,0.12172381643012532,0.10499598563517298,0.2628198487516834,-0.2554646223971822,0.41790117062053245,0.36249676298309635,0.17652543250802857,-0.007925202665111725,-0.15565512423961264,-0.03656894229773127,-0.16524216546385784,-0.011033696839752699,-0.0852584688697814,0.2431494434756579,-0.040974902348565184,0.12379571117787215,0.045945455973556204,-0.0025381368012449314
0.22614731171656477,-0.07888943567951082,0.28902931731068054,-0.205531958976484,-0.18512379571117787,0.049311094996374184,0.27566559618771364,-0.02734901067025795,0.12628198487516834,0.3682792914119962,0.3435201491764218,0.4878276183569874,0.1960012431368486,0.32690166025830125,0.42784626540971715,0.1065989847715736,0.3037994354959494,0.1312061330112941,0.21112607479540038,-0.07697088987879415,0.44846161814979796,0.002382678959908836,0.28364239096653887,0.12685504135201708,0.2780482751476225,0.2839531751787009,-0.022376463275665594,0.2807417383196933,0.30063192789806276,0.3803998756863151,-0.1740391588107324,0.17932249041748677,-0.04050554231845022,0.0032114368590075624,-0.09634310577022687,-0.05594115818916398,-0.06863329105407212,0.2175489485134155,0.06132808453330571,0.19051072205531958,-0.07837144857721594,0.08251534539557501,-0.09333885838599398,0.09826215330533948,-0.10613555726022172,0.08204703201077385,-0.14461825339272763,0.055837563451776644,0.06857971615041956,-0.052004558168445035,0.2213819537967471,-0.107634932145447,0.09996892157878379,-0.19838392209675748,-0.10701336372112295,0.2911012120584274,-0.0145032632342277,0.09287508744147269,0.33243551227597634,0.3784931756468717,0.40060084947684654,0.1927430007639263,0.37988190199937844,0.30363617528229564,0.31245791287711305,0.4205946337926033,-0.037657662336838066,0.3173706975760754,0.14938361131254532,0.03273593701439967,0.40267274422459337,0.17621464829586655,0.4132394074381021,0.21775613798819018,0.46872652886664046,0.13747021651300115,0.15767119030353258,1.0,-0.09240650574950793,0.24520874339583548,0.14182119548326944,-0.2771159225111364,-0.28550709623951104,-0.11338737669235009,-0.09655029524500156,-0.26592769087330365,-0.051279395006733654,0.0721056722024107,-0.07324147933284988,-0.0383828442800509,-0.028437491915989127,0.22998031699989638,0.06319606328084845,-0.05972700683678339,-0.17113850616388684,0.04952084958728781,-0.03071822641302042,0.06215684243240443,0.13462484788644036,-0.0472922224395229
0.0039366000207189476,-0.04470228692804848,-0.19693359577333472,-0.01129182637522014,0.047653579198176726,-0.06702579508960944,-0.05096861079457163,-0.12172381643012532,-0.16761628509271728,-0.03211436859007562,-0.06412514244276389,-0.12327773749093546,-0.1399564902102973,-0.118256455453922,-0.1397493007355226,-0.12783590593597843,-0.12115718322677337,-0.1089326876126141,-0.08070030042473843,0.06070651610898165,-0.11934113747021649,-0.23329534859629128,-0.1722780482751476,-0.1547227474554818,-0.014606857971615041,-0.12679995856210505,0.05563037397700196,-0.028488552781518697,-0.009427121102248005,-0.10079767947788251,0.3657930177147001,-0.013674505335128975,0.06609344245312337,-0.3093338858385994,-0.24541593287061014,0.027659794882419972,0.18000051804747216,0.036361752822956596,-0.15963949031389205,-0.004972547394592354,-0.05951671805368217,0.11504493541969373,-0.14151041127110742,0.3746600710898896,0.16135298236485635,0.13560551124002898,-0.12731793224904173,0.17797575883145136,0.17725059566973997,0.061224489795918366,0.07686729514140682,-0.019683000103594736,-0.0491039055215995,-0.009945094789184709,-0.05324769501709313,-0.14099243758417074,-0.08960944784004972,-0.26712594865347167,-0.049311094996374184,-0.0807541892477724,-0.14296073759453018,-0.1409442905344379,-0.13280845333057079,-0.12659276908733036,-0.10764050778492058,-0.12959701647156324,0.10406360885104218,-0.1196032219198887,-0.22635450119133946,-0.16834144825442865,-0.18170516937739561,-0.17217445353776026,-0.07334507407023723,-0.06453952139231327,-0.1375255756592917,0.05759867398736143,0.17041334300217548,-0.09240650574950793,1.0,-0.007044442142339169,0.06485030560447529,0.04786076867295141,0.1677198798301046,-0.006474838778686049,0.16958458510307675,0.028177768569356675,0.26354501191339474,0.19611499637810842,0.08826271625401429,0.12830540523844275,0.05899873095138728,0.06723298456438412,0.03677803682737902,0.23170763363480668,0.20294209054180046,0.492929293590618,0.24341474859153958,0.25453226976069615,0.13638600403424292,0.11162622054454749
0.3038433647570703,0.0044028903695065135,0.17631824303325389,-0.10587382160986221,-0.11716564798508235,-0.00870195794053662,0.19071791153009426,0.05386926344141717,0.07800683725266755,0.28084533305708065,0.196415622086398,0.28747539624987045,0.17383196933595774,0.3133303981781753,0.28633585413860974,0.1668911219310059,0.2697158841649461,0.16456450239908463,0.22044960116026105,-0.019165026416658033,0.26178390137781,0.05832383714907282,0.24075416968817984,0.06096708194010784,0.10131565316481922,0.21703097482647882,-0.04392416865223246,0.07313788459546254,0.10483787423598881,0.14606857971615042,-0.0312856106909769,0.33823681756966745,0.09333885838599398,0.09810421630581166,0.03708691598466797,-0.015332021133326428,-0.08593406027072124,0.4205946337926033,0.23640319071791155,0.05832383714907282,0.2026883531279881,0.3658542903508765,0.1312545322697607,0.12975576912486841,0.12157157290860925,0.3263234227701232,0.13322283228012016,0.06329638454366518,0.12099865326841396,0.14213197969543145,0.2793950067336579,0.0005179736869367035,0.15259504817155287,-0.07510618460582202,-0.10452709002382679,0.1931005904900031,-0.01284574743603025,0.14115148537535588,0.19879830104630683,0.18808111684327236,0.17517870092199314,0.15347957840997412,0.3073655858282399,0.33533616492282187,0.2466718470027872,0.3190717911530094,0.03309937583664309,0.3037994354959494,0.17155288511343622,0.16347249559722365,0.2831244172796022,0.05272972133015642,0.3104734279498601,0.0602921371594323,0.21242651065113188,0.04091992126799958,-0.055526779239614625,0.24520874339583548,-0.007044442142339169,1.0,-0.0013467315860354293,-0.07075520563555371,-0.06422873718015124,-0.05361166508752049,-0.04081632653061224,-0.06060292137159432,-0.09644670050761421,-0.07883967894545194,-0.05542318450222728,0.1440522131482072,0.23573593025440168,0.3190717911530094,0.23247863279053108,0.07267735524024899,0.006422873718015125,0.052421652491982496,0.18570799610569683,0.08474049518284471,0.09339307454376757,0.057755561905879556
-0.047964363410338745,0.06935847299728497,0.04827514762250078,-0.0980006215684243,0.25349632238682274,0.09634310577022687,0.13229047964363408,0.12990780068372526,0.16626955350668185,0.24437998549673678,0.06464311612970061,0.1455506060292137,-0.23681756966746087,-0.1767889980132439,-0.17279602196208432,-0.08132186884906246,0.08469089122521352,-0.009479163971996376,-0.1603646534756034,0.15073034289858073,-0.029938879104941467,-0.18698850098414999,-0.18356987465036773,0.127165833613394,0.30187506474671083,0.1364342691391277,0.15000517973686936,0.27514762250077696,0.3410338754791256,-0.07438102144411064,0.12659276908733036,0.10846369004454573,-0.1712421009012742,-0.10369833212472805,-0.026934631720708584,0.2600227908422252,0.256766206607574,-0.1303221796332746,-0.2210711695845851,0.2996995752615767,-0.21315169259434474,-0.10437440111241912,-0.22096757484719776,0.06542177101984384,-0.001191370335278233,-0.2175489485134155,-0.29793846472599195,-0.02724541593287061,0.12804309541075312,-0.08681238993059152,0.062053247695017084,-0.07987154252563969,-0.026623847508546565,-0.007976794778825234,0.10908525846886977,-0.028177768569356675,-0.03646534756034393,0.1282018078179838,0.16626955350668185,0.16052420300118453,0.21330156428053454,-0.20403511959395476,-0.12752512172381641,-0.17580026934631718,-0.15073815094038445,-0.1473117165647985,0.02667633576818652,-0.08831680094127771,-0.029628094892779448,-0.16823785351704132,0.04444214233916917,0.1648192271832591,-0.09955454262923442,0.2210711695845851,0.3424412733271478,0.4395524707344866,0.3978037915673883,0.14182119548326944,0.06485030560447529,-0.0013467315860354293,1.0,0.02579508960944784,0.1574640008287579,0.3587060683392071,0.21485548534134463,-0.10411271107427743,0.2315342380607065,0.30997151038737475,0.16875582720397803,0.10582476499884479,-0.10458159595333706,0.06630063192789805,-0.13540533558699827,0.14923981500153768,0.08329016885942193,0.11996892012987297,-0.06407832390034783,0.04516730550088056,0.057755561905879556,0.042630338518868945
-0.09375323733554335,0.19564372853677764,-0.10193722158914326,0.17818294830622602,0.24541593287061014,0.060084947684657615,-0.10597741634724954,0.16119341137470217,0.084222521495908,-0.24313684864808863,-0.3111985911115715,-0.25536102765979485,-0.13985289547290997,-0.2515863355846251,-0.26043716979177456,-0.0034186263337822437,-0.07868224083859288,-0.028230297075071176,-0.17238164301253495,0.2831244172796022,-0.24769501709313163,0.0709623951103284,-0.19703719051072205,0.01569500919953498,-0.205531958976484,-0.18056562726613487,0.10193722158914326,-0.23163783279809383,-0.13757381125038848,-0.07666010566663213,0.025069926447736455,-0.07945716357609033,0.16357609033461099,0.1702061535274008,0.25049207500258985,0.3217652543250803,0.3106368652462419,-0.0290065264684554,0.07458821091888532,0.03615456334818191,0.33363549258813474,-0.09971251719176516,0.10328395317517869,-0.12913418460211457,0.24319494452744797,0.055319589764839944,0.27846265409717186,0.1702061535274008,0.07935356883870298,0.31347767533409304,-0.051693773956283016,0.11012120584274318,-0.015435615870713765,0.19382575365171448,0.13477675334093028,-0.13280845333057079,0.08681238993059152,0.10582476499884479,-0.17517870092199314,-0.3070109555301777,-0.17497151144721845,-0.16259615141036407,-0.14990158499948203,-0.2157878379778307,-0.3112147116322439,-0.2196208432611623,0.31312320333725735,-0.21398047195801656,-0.012638557961255566,0.11395421112607479,-0.2145447011291826,0.04299181601574639,-0.1376774059877758,0.04951828447114886,-0.21812436877637564,-0.10390552159950273,-0.06505749507924997,-0.2771159225111364,0.04786076867295141,-0.07075520563555371,0.02579508960944784,1.0,0.46244690769708896,0.2805936133131386,0.29068683310887805,0.523257018543458,0.30322179633274626,0.026521626557208532,0.3935564073345074,0.34917510565698123,0.3535261973162583,-0.12576401118823163,0.18513338538176427,0.21554559882728158,0.28737180151248315,0.044858844919028494,0.2693154453984708,0.21692738008909146,-0.04532387145080235,0.3174742949965344
-0.14834766393867188,0.08707363189576998,-0.2315342380607065,0.2514244276390759,0.26230187506474667,-0.04050554231845022,-0.2409613591629545,0.08028592147518905,-0.06132808453330571,-0.20718947477468141,-0.3309851859525536,-0.26831036983321244,-0.25805449083186577,-0.368133433600974,-0.34901067025795085,-0.07500258986843468,-0.10768951856710637,-0.24019061933413768,-0.2752512172381643,0.16119341137470217,-0.3669325598259608,-0.12928623225940122,-0.3299492385786802,-0.057341172224043654,-0.12814669014814045,0.016989536931523875,0.31420283849580444,-0.08297938464725992,-0.057495079249974095,-0.1577747850409199,0.2595048171552885,-0.11126074795400392,0.10960323215580647,-0.05759867398736143,0.11612970061120896,0.1677198798301046,0.354872963782225,-0.21185123795711175,-0.13954211126074795,-0.03480783176214648,0.03682888297316625,-0.12550827488605037,0.015124831658551744,0.011654709801634888,0.28888140694985676,-0.005904900031078421,0.08111467937428778,0.14275354811975552,0.05645913187610069,0.107634932145447,-0.07230912669636382,0.14938361131254532,-0.0379156738837667,0.28053454884491863,0.06899409509996891,-0.26882834352014917,0.01709313166891122,-0.060241899996895006,-0.2612659276908733,-0.2934396934500518,-0.25277115922511134,-0.31540234658735483,-0.2954521910286957,-0.30726199109085256,-0.4219632225293373,-0.33119237542732827,0.06573256328122078,-0.2999663309389673,-0.12752512172381641,-0.07800683725266755,-0.3244587174971511,-0.10007251631617113,-0.2308090748989951,-0.060810110846368996,-0.22061070686739107,0.055526779239614625,0.12172381643012532,-0.28550709623951104,0.1677198798301046,-0.06422873718015124,0.1574640008287579,0.46244690769708896,1.0,0.4605423326503813,0.5263648606650781,0.3808142546358645,0.33979073863047754,0.20243460270619326,0.2374391380917849,0.15057885063712276,0.20652145768497024,-0.01129182637522014,-0.03677803682737902,0.11992022621609154,0.2822956593805035,0.14390054409360412,0.24465798203827227,0.1668911219310059,-0.1254046774655914,0.1334852762613916
-0.12260754711319903,0.11250971250971249,-0.15865944943292296,0.13566082209103011,0.35373339215717625,0.029887855802414803,-0.0843800989638366,0.12965217170440946,0.04874258632594858,-0.049156976007784486,-0.20962938029873954,-0.1397011214889302,-0.3588096657596661,-0.3636363636363636,-0.3542513792594711,0.09380746422560347,-0.0662004662004662,-0.1355089355089355,-0.32607288089462944,0.14021910859122508,-0.33363549258813474,-0.029887855802414803,-0.2637072337783254,0.08163688163688163,-0.010411540756127166,0.07888943567951082,0.24909999749360967,0.010411540756127166,0.06241744582653352,-0.1124549999082193,0.13721478339791474,0.07277718787243119,0.04428789724621258,0.09795136104396256,0.2710626506309127,0.1914998317184186,0.26418026418026413,-0.21988552492417823,-0.10913988245353205,0.1401155111707661,-0.06744366744366743,-0.1447293447293447,0.03247779131388922,-0.09023569023569021,0.0811188811188811,-0.2803864184722207,-0.0223252441089095,0.0687368884745311,0.017559762767796566,-0.05599440575807695,-0.030820232586545596,0.022428841529368474,-0.030095050643332757,0.20683224994634716,0.12136437806769132,-0.2288985005041092,-0.04024759784831248,0.09033929033929032,-0.09121752871412907,-0.1676249676249676,-0.06593975812213873,-0.3361823361823361,-0.3021418767686058,-0.34668876756596584,-0.3928099667198587,-0.3401621300770503,0.012950012950012949,-0.32364672364672364,-0.03517132424582262,-0.12644065167018118,-0.2662971692897998,0.1959545207981546,-0.23438916378843497,0.055787210917159,-0.06816886816886816,0.26049571374409713,0.10499598563517298,-0.11338737669235009,-0.006474838778686049,-0.05361166508752049,0.3587060683392071,0.2805936133131386,0.4605423326503813,1.0,0.3423376759066888,0.29665121348428003,0.20413871701441377,0.19213136839825343,0.12965217170440946,0.04744884744884744,0.032737632737632735,0.03600010360949443,-0.09122225390922736,0.19115209308698197,0.27427417066514104,0.02584889534395483,0.0038334024087904248,0.028541089336448104,-0.06257446257446257,0.05335405335405334
-0.11664767429814564,0.17720338769507982,-0.10390552159950273,0.29451983839220963,0.30394695949445766,0.045478089713042576,-0.07914637936392831,0.1656479850823578,-0.04205946337926033,-0.17714700093235264,-0.3318139438516523,-0.19434372733865118,-0.3519113229047964,-0.3645075238849098,-0.2941054594426603,-0.06319278980627784,-0.07122322656554654,-0.23179922827696056,-0.3171034911426499,0.18916399046928414,-0.20677509582513207,-0.1653372008701958,-0.22552574329224073,0.07878583825905185,-0.03967678441935149,0.11768362167201905,0.4325080285921475,0.07800683725266755,0.0954107531337408,0.03967678441935149,0.3139956490210297,-0.19268621154045373,0.10649539003418626,-0.11229669532787734,0.034082668600435094,0.1702061535274008,0.35000388502065305,-0.2081218274111675,-0.1289754480472392,0.019475810628820055,0.00906477429016047,-0.145088187352797,-0.09137055837563451,0.11939602707897075,0.20527828863946251,0.039262405469802135,0.004040194758106288,0.18709209572153732,0.07365585828239925,0.06267481611934114,-0.031907179115300936,0.27846265409717186,-0.027763389619807313,0.3561587071376774,0.12845747436030247,-0.22863358541386097,0.007562415829275872,-0.08324052733878785,-0.23702475914223559,-0.2852554972337926,-0.23370972754584066,-0.4579523971389069,-0.3236299595980524,-0.3406194965295763,-0.3444703449324937,-0.30032114368590074,0.02843749191598913,-0.2956152392796903,-0.22303946959494456,-0.16979177457785144,-0.20636071687558272,-0.20615352740080803,-0.16222935874857555,-0.010877447425670775,-0.10882909019215511,0.1060810110846369,0.2628198487516834,-0.09655029524500156,0.16958458510307675,-0.04081632653061224,0.21485548534134463,0.29068683310887805,0.5263648606650781,0.3423376759066888,1.0,0.17880451673055006,0.3217652543250803,0.3068635072752019,0.1549777271314617,0.17896454384288238,0.11007225923766284,-0.02165130011395421,-0.0620564621397184,0.01724986407341619,0.16854863772920334,0.18782698807898077,0.28920718054619393,0.2083290168859422,-0.07733547437262618,0.10779311598756536
-0.05977416347249559,0.11628810446520145,-0.13135812700714802,0.2668600435097897,0.15922511136434267,0.07541696881798404,-0.19589764839946128,0.039987568631513516,0.002175489485134155,-0.25494664871024547,-0.3286025069926447,-0.3026002279084222,-0.10649539003418626,-0.22361503206070138,-0.21050450637107634,0.14202838495804412,-0.11846365029483996,-0.04480588434850746,-0.17528229565938047,0.20066300631927897,-0.27483683828861494,0.15756759556614525,-0.0312856106909769,-0.020874880222483825,-0.3000103594737387,-0.08297938464725992,0.09945094789184708,-0.25691494872060494,-0.24800580130529368,-0.06132808453330571,0.09882937946752304,-0.07614213197969542,0.2953485962913084,0.23257018543457994,0.29483062260437165,0.1315653164819227,0.12022480644264258,-0.12099865326841396,0.14441106391795294,0.0651610898166373,0.22786252629951945,-0.06966926525866188,0.1679270693048793,-0.21615601778765506,0.15202921452354845,-0.012431368486480885,0.3627887703304672,0.20232052211747642,0.04972547394592354,0.1531130218584896,-0.13560551124002898,0.1693773956283021,0.0117062053247695,0.27856624883455916,0.10722055319589764,-0.09012742152698641,0.06857971615041956,0.025018777040842894,-0.23443489070755205,-0.32980238803115264,-0.30612244897959184,-0.15700189070557932,-0.13311923754273283,-0.17434994302289442,-0.2960890964863359,-0.215269864290894,0.1821760638771107,-0.22838051340181434,0.01802548430539728,0.13177250595669737,-0.28519631202734896,0.11136434269139127,-0.05666632135087537,-0.0669222003522221,-0.37103416137382533,-0.131047342794986,-0.2554646223971822,-0.26592769087330365,0.028177768569356675,-0.06060292137159432,-0.10411271107427743,0.523257018543458,0.3808142546358645,0.29665121348428003,0.17880451673055006,1.0,0.1132290479643634,0.005698005705650271,0.2673780171967264,0.1262334568292632,0.29613322638198514,-0.0016575157981974515,0.16451696473768418,0.08303763396302148,0.2828136330674402,-0.061642061724762026,0.25035613533579715,0.17901170620532475,-0.04345911788254077,0.17979332320655422
-0.10245519527607998,0.028023102234153222,-0.13633067440174038,0.04081632653061224,0.2079146379363928,0.04413135812700714,-0.06847612141303222,-0.03936600020718947,-0.046721226561690664,-0.054594426603128555,-0.20656790635035738,-0.09416761628509271,-0.25069926447736457,-0.3087721116779803,-0.233502538071066,-0.20232052211747642,-0.10416720627150117,-0.14115148537535588,-0.27639075934942503,0.1911322904796436,-0.1913394799544183,-0.27297213301564277,-0.4067129389826996,-0.09349667196422655,0.12866466383507716,-0.1175800269346317,0.03729410545944266,0.007458821091888531,0.1696881798404641,-0.12244897959183673,0.13964570599813528,-0.006940847404951828,-0.045063710763493206,-0.15155910079767945,-0.12307054801616077,0.4062985600331503,0.5684908447686351,-0.08619082150626747,-0.1607790324251528,0.08277219517248524,-0.038486441700509876,-0.13421045820460442,-0.18947477468144616,0.22641216241309375,0.06873688847453109,-0.02030456852791878,-0.1640940640215477,0.027866984357194653,0.1740391588107324,0.1524914534341655,0.005904900031078421,-0.03221796332746296,-0.11177872164094063,0.07034082668600435,0.07800683725266755,-0.1270071480368797,-0.033564694913498394,-0.14757452544381244,-0.06598984771573603,-0.0937038668051445,-0.03967678441935149,-0.2597705318008843,-0.20522117476432197,-0.2970061120895058,-0.2488474491813082,-0.2428260644359266,0.07971821504318263,-0.1831084406612415,-0.1939293483891018,-0.16699471666839322,-0.2000414378949549,-0.05376566870402983,-0.2427224696985393,0.03729410545944266,-0.02201445184753257,0.16730550088055524,0.41790117062053245,-0.051279395006733654,0.26354501191339474,-0.09644670050761421,0.2315342380607065,0.30322179633274626,0.33979073863047754,0.20413871701441377,0.3217652543250803,0.1132290479643634,1.0,0.2757834761534731,0.3686936703615456,0.2111833416056242,0.0070964233014399105,-0.0770744846161815,-0.07956487967162561,0.17296485327668668,0.1574640008287579,0.3390831395380607,0.15203709025668624,0.19558686418729926,0.145088187352797,0.2963404212229031
-0.1190365191962211,0.0013986376238212031,-0.04755244761624499,-0.032116032159119706,0.17839937863872304,0.186998187249068,-0.018233618258080866,-0.09075369087544795,-0.041129241184421045,0.1572649574759475,0.03636363641242264,0.12991453008882617,-0.2884226888096428,-0.19948716627168347,-0.1194509196111775,-0.21756021785210125,-0.04791628896424492,-0.2568831102418277,-0.2460502463803526,0.05635845643406814,-0.07086247095754156,-0.2782698786432114,-0.23765863797748588,-0.004921132380111641,0.2611758615262606,0.16741776764237887,0.17808857832750574,0.2999223003246824,0.24708624741774357,-0.072416472513628,0.19031339056871904,-0.027350427387121304,-0.0671328672229341,-0.2515410518785247,-0.18057498081724405,0.11717171732891739,0.2041492916844208,-0.19735819762297757,-0.17757057780881025,0.15664335685351288,-0.23750938908223024,-0.10676267195168518,-0.27267547304130024,0.1129788391686683,-0.004610324019262485,-0.024242424274948424,-0.21072261100532091,0.07832167842675644,0.13250453268230358,-0.12110852127100302,0.024864024897383,-0.01574721576834257,-0.20181300208375869,0.03688163693111812,0.139445739632823,-0.020202020229123686,-0.07801087811553917,-0.15918568214824286,0.12577052593926236,0.037141599121474175,0.01958041960668911,-0.27242352828428545,-0.14566174585716873,-0.19994820021645496,-0.1753004558640696,-0.14607614627212515,-0.061488254054658076,-0.17835219773394084,-0.29163429202555474,-0.3678839683775293,-0.1272209273916097,-0.08640248651840593,-0.15249935270394907,0.11862211878126473,0.10386179391709305,0.3814555819673509,0.36249676298309635,0.0721056722024107,0.19611499637810842,-0.07883967894545194,0.30997151038737475,0.026521626557208532,0.20243460270619326,0.19213136839825343,0.3068635072752019,0.005698005705650271,0.2757834761534731,1.0,0.14317534336743043,0.11919500638565143,-0.058380170446166516,0.03812483817598727,-0.0797762121840033,0.09174502036387679,0.13374773392717274,0.23383754662246162,0.12199860133084688,0.19031339056871904,0.03890284649961939,-0.013416560909988579
0.10597741634724954,0.06366061487204124,0.15000517973686936,-0.0312856106909769,-0.009427121102248005,0.1618149797990262,0.07842121620221693,0.02320522117476432,0.1366414586139024,0.019372215891432714,-0.023619600124313685,-0.05086501605718429,0.018439863254946648,-0.047292222439522906,0.023619600124313685,-0.11799440588418107,0.0499857553714563,0.17026236052432836,-0.01906143167927069,0.444525018129079,0.015228426395939085,-0.19755516419765876,-0.14316792706930487,-0.17533863412681822,0.01719672640629856,-0.17911530094271208,-0.08950585310266237,-0.13177250595669737,0.2020097379053144,-0.15021236921164405,0.026934631720708584,0.0009323526364860663,0.02455195276079975,0.04091992126799958,-0.10069408474049518,0.5660416450844297,0.3127088136554214,0.028384958044131357,-0.023412410649539,0.1847094167616285,0.09453264616881632,-0.05050374247375119,-0.28291722780482753,-0.0209784776429428,0.17026236052432836,-0.05386926344141717,-0.0826686004350979,0.16295452191028695,0.28405676991608825,0.34124106495390033,0.08173624779861183,-0.03014606857971615,0.01647156324458717,-0.02641665803377188,0.05873821609862218,0.21775613798819018,0.13197969543147206,0.049260573428243457,0.08463690044545737,-0.008546787187865584,0.0034186263337822437,0.04397710498483565,0.08836631099140163,-0.01129182637522014,-0.03563843568624897,0.019890189578369417,0.36098521158930463,0.05806635416725649,0.11146793742877861,0.22003522221071167,0.06267481611934114,0.07552056355537139,0.006319278980627783,0.07541696881798404,-0.0209784776429428,0.06640422666528539,0.17652543250802857,-0.07324147933284988,0.08826271625401429,-0.05542318450222728,0.16875582720397803,0.3935564073345074,0.2374391380917849,0.12965217170440946,0.1549777271314617,0.2673780171967264,0.3686936703615456,0.14317534336743043,1.0,0.2973763954274929,0.1856983761727159,0.01284574743603025,0.21041181069410364,0.06666839358104096,0.036672537035118614,0.1173789175363956,0.20767178699797448,0.37418419144307463,0.22547978562896298,0.49027479232210763
-0.0281266996546122,0.14369334369334366,0.04532387145080235,0.004713682630883444,0.0995053223508472,0.009271969131078422,0.1517184222621715,0.15099324031895867,0.11214420764684237,0.0687368884745311,0.07692108469079026,0.02978425838195583,-0.016627385983665775,-0.0173012173012173,-0.034031752620773875,-0.003988500687670606,0.0636104636104636,0.04485884485884485,-0.06407500455387714,0.16953717858111553,-0.036621688132248295,-0.017870555029173497,-0.038175649439132944,0.07376327376327374,0.04231954625749201,-0.07629950016803641,-0.045220274030343365,-0.07640309758849538,0.004713682630883444,-0.0223252441089095,-0.0182849447110094,-0.007407215562816841,0.015591411779076008,-0.02356841315441722,-0.032995778416184104,0.2726166119377974,0.0806008806008806,0.1750278418654413,0.1159773122038245,0.1263370542497222,0.32820512820512815,0.15146335146335144,0.02066768538156587,-0.028697228697228693,0.2137270137270137,0.25459066077793546,0.1383543550229635,0.11276579216959623,0.1623889565694461,0.28007562621084375,0.13503923756827624,0.09515423069157018,0.031545414529758425,0.0758851104862005,0.0472922224395229,0.01030794333566819,0.10188806302140367,0.08236208236208235,0.06366061487204124,0.046930846930846926,0.047810209541817784,-0.02838642838642838,0.02615834866589164,-0.02895547901828401,-0.054650470115976645,-0.008132397506029678,0.3333851333851333,0.006630406630406629,-0.028230297075071173,0.03268498615480718,-0.028541089336448104,0.06293543292882839,-0.002227344539868001,0.07453834402023381,0.06288526288526287,0.08489808606613147,-0.007925202665111725,-0.0383828442800509,0.12830540523844275,0.1440522131482072,0.10582476499884479,0.34917510565698123,0.15057885063712276,0.04744884744884744,0.17896454384288238,0.1262334568292632,0.2111833416056242,0.11919500638565143,0.2973763954274929,1.0,0.19849779849779847,-0.046567040496310066,0.23440130547373872,0.23963945328465547,0.27582813197202566,0.16042891559163952,0.3367177791505103,0.25956333695996636,0.11758611758611756,0.3811447811447811
0.13224210721588386,0.24169904169904166,0.1507860454780407,0.05951671805368216,0.027090725450022432,0.04801740438273574,0.1177384683516271,0.20724663962818307,0.1334852762613916,0.006682033619604003,-0.04542746887126132,-0.011343917540257957,0.15606951392144852,0.11002331002331,0.13845795244342246,0.1535831758304331,0.07407407407407406,0.12856772856772855,0.1222967548518221,0.20600347058267535,0.05785915932633853,0.0857268654298033,0.08748802157760589,-0.04651644651644651,-0.06884048589499007,-0.03517132424582262,0.012690684006224655,-0.17668540059278492,-0.03278858357526615,0.04977856053053835,0.0722592007701363,0.03672528555270727,0.25718059628940987,0.14622775897784573,0.13265649689771977,0.0853124757479674,0.06122766122766122,0.24298774968653003,0.26049571374409713,0.07049804462233371,0.32198912198912194,0.22615902615902614,0.13503923756827624,0.04662004662004661,0.3039627039627039,0.2884670172680209,0.27872885974487704,0.26443241572153825,0.1664292559673462,0.3744528762489716,0.1552407345577767,0.17523503670635923,0.21356608227618065,0.09525782811202915,0.025329569302219825,0.11162622054454749,0.19750848210503924,0.14866614866614863,0.09163191839596496,-0.09137529137529136,-0.005128072312719351,0.12691012691012687,0.18890989620694418,0.16487529466046155,0.0516459892944348,0.1329672891590967,0.3672623672623672,0.11945091945091943,0.17917173868380035,0.2942684728137236,0.09142472355504702,0.028437491915989127,0.1547227474554818,0.13099893817037614,-0.02051282051282051,-0.17772137479737468,-0.15565512423961264,-0.028437491915989127,0.05899873095138728,0.23573593025440168,-0.10458159595333706,0.3535261973162583,0.20652145768497024,0.032737632737632735,0.11007225923766284,0.29613322638198514,0.0070964233014399105,-0.058380170446166516,0.1856983761727159,0.19849779849779847,1.0,0.16798321727423085,0.39995855901938926,0.13385826789614133,0.13980471890938917,0.07557823307981984,0.3748445922973988,0.2688871048012742,0.026625226625226622,0.2681170681170681
0.3524292965917331,-0.0937038668051445,0.20087019579405366,-0.1956904589246866,-0.09551434787112814,0.10038330052833316,0.15228426395939085,0.034082668600435094,0.14565420076660104,0.24510514865844812,0.18056562726613487,0.24427639075934943,0.1043199005490521,0.15648390360328443,0.229255153838185,0.12431368486480886,0.28059361331313865,0.09753697136212665,0.13871335336164922,-0.029213715943230082,0.16243654822335024,-0.039780379156738835,0.1546669429192997,0.013623060790355447,0.1867813115093753,0.2852999067647363,-0.016264373769812494,0.11032839531751787,0.14617217445353775,0.08629441624365482,0.02558790013467316,0.27411167512690354,0.10400911633689007,0.012431368486480885,-0.0661970371905107,0.0019683000103594738,-0.0151770220972401,0.2796021962084326,0.14285714285714285,0.19973065368279289,-0.03309937583664309,0.19336458528668019,-0.02030456852791878,0.14436300540958416,0.023464815733958245,0.07510618460582202,-0.07365585828239925,0.15124831658551743,0.16254014296073757,0.04133430021754895,0.2643737698124935,-0.01284574743603025,0.11954832694499118,-0.07873200041437894,-0.0035222210711695844,0.2820884699057288,0.04879312130943748,0.1410478879548969,0.2629234434890707,0.22703374693584763,0.12659276908733036,0.09287508744147269,0.22065679063503574,0.2187920853620636,0.15270655291142726,0.23443489070755205,0.09515423069157018,0.1825904535589466,0.11530094271211022,0.09665388998238889,0.17196726406298557,0.10856728478193307,0.2631306329638454,0.1648192271832591,0.19118903945704166,0.07293069512068787,-0.03656894229773127,0.22998031699989638,0.06723298456438412,0.3190717911530094,0.06630063192789805,-0.12576401118823163,-0.01129182637522014,0.03600010360949443,-0.02165130011395421,-0.0016575157981974515,-0.0770744846161815,0.03812483817598727,0.01284574743603025,-0.046567040496310066,0.16798321727423085,1.0,0.2944314948265104,0.04491180826321873,-0.05355847922925515,0.07220927230614979,0.16985676965985494,0.13021858489588728,0.1687083992174437,0.0499857553714563
0.23040663071574913,0.18601880396822001,0.2706034709665183,-0.14783734803568976,-0.09324009336518625,0.12514892531682778,0.2136234139100156,0.1486661488656025,0.21994302023810045,0.1898989901537627,0.14390054409360412,0.18565138590045974,0.2245014248026207,0.2789505038621178,0.28728308766851274,0.13758093776551927,0.18322152872057762,0.27957212058381603,0.2593110596589569,0.13250453268230358,0.20243460270619326,0.11230251245317989,0.18264698289202594,-0.008340024349452359,0.052214452284504304,-0.010774410788865967,-0.08526288537727587,-0.12121212137474213,0.016783216805733525,0.08277648288753758,-0.08982128994179608,0.03532763537503168,0.06837606846780325,0.19880859907532492,0.04931364937980962,0.16223776245542407,-0.012276930253541674,0.40839160893951576,0.4505568511613278,0.20979021007166906,0.27397757008853124,0.2782252843534697,0.03149443153668514,0.003263487788916141,0.1879872569202647,0.1898989901537627,0.19052059077619724,0.23776223808122493,0.22439782469888156,0.3181559185827633,0.2645946649496508,0.0623672624509357,0.15664335685351288,-0.10463610477648679,-0.0009324009336518624,0.31970992013884975,0.17125097148072543,0.18902328478976188,0.2914270918180766,0.10106451866945065,0.14949494969551527,0.2564686990940288,0.29339549378911944,0.295053095448945,0.22171570658930786,0.29681429721250957,0.4089720014840148,0.26910823910189446,0.23714063745879035,0.28728308766851274,0.16058016079559856,0.10038850052318388,0.2629370632898252,0.3046879050966808,0.10676267195168518,-0.08795648807449237,-0.16524216546385784,0.06319606328084845,0.03677803682737902,0.23247863279053108,-0.13540533558699827,0.18513338538176427,-0.03677803682737902,-0.09122225390922736,-0.0620564621397184,0.16451696473768418,-0.07956487967162561,-0.0797762121840033,0.21041181069410364,0.23440130547373872,0.39995855901938926,0.2944314948265104,1.0,0.09537130575375334,0.08018648029406017,0.014090343970161621,0.29274483911703425,0.22874902905592362,0.19275298511995173,0.28381983484875456
-0.018596700307376614,0.0014504765871098905,-0.10023569664282382,-0.12230309032232921,0.1847755710206473,0.06863684653836773,0.11836618440767567,0.052060400581931746,0.05827656781559524,0.05599730649658529,0.01683545292450529,-0.007718407648465502,-0.08365925068638783,-0.11707418167386972,-0.15887487421371607,0.07920433083559565,-0.02745544968458007,-0.030667219270323398,-0.08635292315430868,-0.04149291628470381,-0.0885285816860909,0.027610142796188678,-0.10282576632351693,0.10225859939124728,0.08759615660104138,-0.1143256757057944,-0.04263254694420878,0.043772177603713755,-0.04874511139064455,-0.041078505135792906,0.05009194762460497,0.20653215633846952,0.049677536475694076,-0.002020254350940635,0.06449273504925873,0.06708280472995184,0.11396601755863425,0.15918568257539928,0.05195679779470402,0.11992022621609154,0.11251554097152436,0.12411935366840347,0.11007796142945767,0.07190219653244742,0.058433485366427014,0.052474811730842646,0.054028853539258515,0.05071356434797133,0.11411847013133894,0.06086663749628835,0.11173560602510127,-0.06832603817668455,0.009894066180247725,-0.06998368277232815,0.1047942192808437,-0.041078505135792906,-0.022637209009257885,0.03968089520450629,0.1235463237690619,-0.014090343989067507,0.008858038307970476,-0.07148777465041603,-0.07982594755896201,-0.12416794049242826,-0.10272748468750292,-0.13960475578935924,0.1874222961486994,-0.08568172410999138,-0.035794762987178944,-0.09277629596242762,-0.11815897883322021,0.1081095084721309,-0.14633893695916136,0.08469527855866509,-0.024036469157821042,0.14032997529995334,-0.011033696839752699,-0.05972700683678339,0.23170763363480668,0.07267735524024899,0.14923981500153768,0.21554559882728158,0.11992022621609154,0.19115209308698197,0.01724986407341619,0.08303763396302148,0.17296485327668668,0.09174502036387679,0.06666839358104096,0.23963945328465547,0.13385826789614133,0.04491180826321873,0.09537130575375334,1.0,0.4123908945599588,0.201984096216124,0.1408071284256333,0.10427620534470508,0.08060505605510676,0.17136344821998276
-0.12162022169273799,0.1464349538187637,-0.13705583756345177,0.08919506889050036,0.2826064435926655,0.015021236921164404,-0.07997513726302703,0.084222521495908,0.015539210608101107,-0.0256914948720605,-0.18201595358955763,-0.1531130218584896,-0.17372837459857038,-0.22744813661768354,-0.2930695120687869,0.0826686004350979,-0.15731268296695625,-0.15814146233062806,-0.16834144825442865,-0.06609344245312337,-0.24696985393142024,0.1251424427639076,-0.1256604164508443,0.16000621589888966,-0.01025587900134673,-0.028177768569356675,0.1455506060292137,0.003625815808556925,-0.19175385890396765,-0.038640837045478084,0.19237542732829171,-0.014296073759453019,0.07831762146482958,-0.005179736869367036,0.18512379571117787,0.0440277633896198,0.0995053223508472,-0.05231534238060706,0.1200663006319279,0.08411892675852066,0.11639170188566042,0.1303773536476223,0.23412410649539003,-0.003056123903539815,0.10831110308986022,0.061224489795918366,0.19154666942919296,0.007666010566663214,0.02579508960944784,0.005697710556303739,0.035222210711695845,0.12783590593597843,-0.059670568735108245,0.15704962187920854,0.140474463897234,-0.18761006940847402,-0.03698332124728063,0.03579290876857648,-0.02797057909458199,-0.13141332785221208,-0.09551434787112814,-0.20600347058267535,-0.24614109603232154,-0.2654097171863669,-0.2857290861124263,-0.2941054594426603,0.0847944886456725,-0.2026883531279881,-0.12524603750129493,-0.13498394281570494,-0.33461100176111047,0.13819537967471252,-0.1839842535999171,0.02040816326530612,-0.17223071151304892,0.19206464311612967,-0.0852584688697814,-0.17113850616388684,0.20294209054180046,0.006422873718015125,0.08329016885942193,0.28737180151248315,0.2822956593805035,0.27427417066514104,0.16854863772920334,0.2828136330674402,0.1574640008287579,0.13374773392717274,0.036672537035118614,0.27582813197202566,0.13980471890938917,-0.05355847922925515,0.08018648029406017,0.4123908945599588,1.0,0.09220409232779529,0.17814499263807293,0.04112711074277426,0.03268498615480718,0.10903628503307307
0.09520849533622908,-0.04066409387776461,-0.13219373237108628,-0.04827764834241866,0.026832426868425824,-0.08640248651840593,0.052214452284504304,-0.09365449378014264,-0.1592333594469903,0.0647500648369349,0.03501683506381439,0.009427609440257721,-0.051903651973287016,-0.055272086837674955,-0.015022015042168897,-0.18140378164715681,-0.11795177294225481,-0.08790696472683637,-0.11986532002613388,0.04361564367415935,-0.05501165508545989,-0.32167832210989256,-0.2136234139100156,-0.23688777236053193,0.11613571629152644,-0.07749287759684369,-0.03387723392268434,-0.002693602697216492,0.20709660737445257,-0.07645687655945273,0.20595700623332253,0.03553483558250987,-0.024760424793643904,-0.3989639994992581,-0.32468272511832635,0.11541051556535276,0.314589862572821,0.12566692583552325,-0.1742553744891592,0.03988603993955189,-0.035587557317228395,0.044082985847105335,-0.22470862501009886,0.5254215340154987,0.19762231610658854,0.24801864835139542,-0.22046102075679594,0.2234654237652297,0.31711991754537233,0.2370370373550513,0.17083657106576902,-0.03284123288529338,-0.026418026453469436,-0.02393162396373114,-0.10059570073066205,-0.08598808610344955,-0.016368816390777145,-0.303918775517,0.029111629150685932,-0.008132818775552922,-0.008391608402866763,-0.05672252585497102,-0.021341621370253742,-0.07417767427719262,-0.05118110236220472,-0.029940429980598697,0.19182056003740428,-0.019011111405273392,-0.24988345021869915,-0.1864801867303725,-0.15529655550490468,-0.1588189590320339,-0.08557368568849316,0.03563843568624897,0.027195731574301173,0.07365967375849714,0.2431494434756579,0.04952084958728781,0.492929293590618,0.052421652491982496,0.11996892012987297,0.044858844919028494,0.14390054409360412,0.02584889534395483,0.18782698807898077,-0.061642061724762026,0.3390831395380607,0.23383754662246162,0.1173789175363956,0.16042891559163952,0.07557823307981984,0.07220927230614979,0.014090343970161621,0.201984096216124,0.09220409232779529,1.0,0.34579221396322846,0.3886039891253485,0.284752259931302,0.28433784878350316
0.1843611598717364,0.11790302543793253,0.03196145985975312,0.12758683247094318,0.014970602754406244,-0.007200393712326877,0.041803724646386986,0.043564972029258305,-0.06718640751717958,-0.0047139268188614815,-0.052060400581931746,-0.0016058432020297354,0.026781320498366876,-0.035122254502160916,0.027817348370644125,0.038488435455099786,-0.020824699572077714,-0.05491089936916014,-0.054650470262624866,0.13328498576846803,-0.0030562822232178834,-0.1665414804685677,-0.060452226347377465,-0.1432863657123556,-0.04460099990153556,-0.0065787769889605295,0.025227278689951005,-0.16094692995827056,0.020565153264703387,-0.01590302783945577,0.15628480453302296,-0.07568183606985303,0.19161335497767715,-0.16301898570282508,-0.12810484640708178,0.10230775238737831,0.15758392064243879,0.1276904352581709,0.09267269317519988,0.0318578570725254,0.21353087471667745,0.12598425213754477,-0.06583957128321916,0.21508495677429518,0.26958143426142395,0.44533658089837536,0.10707348059985365,0.29407651154589703,0.2765676405044115,0.36639125703084896,0.0714341217935163,0.20715377306183588,0.07682146672935798,0.16996037244708265,-0.027195731647277777,0.01642104177559439,0.08873578726054636,-0.1414214672432143,-0.06356030996420921,-0.08412764205237364,-0.09370872104747714,-0.020617488631062015,0.06501074898539735,0.011655313563119047,-0.06159504755090316,0.018596700307376614,0.3449026113206304,0.023414836334773946,-0.13504623315133937,0.006267968627277355,-0.08552410085648687,-0.15607759895856751,0.032686679370347194,-0.043668574816486026,-0.07687525911682419,-0.10334378025965556,-0.040974902348565184,-0.03071822641302042,0.24341474859153958,0.18570799610569683,-0.06407832390034783,0.2693154453984708,0.24465798203827227,0.0038334024087904248,0.28920718054619393,0.25035613533579715,0.15203709025668624,0.12199860133084688,0.20767178699797448,0.3367177791505103,0.3748445922973988,0.16985676965985494,0.29274483911703425,0.1408071284256333,0.17814499263807293,0.34579221396322846,1.0,0.4236835983677808,0.1880439289717465,0.3844799010546288
0.30726199109085256,0.017041775665501684,0.04817155288511343,0.04775717393556407,-0.05822024241168549,0.03801926862115404,0.2053247695017093,-0.02351600538692634,-0.05822024241168549,-0.006422873718015125,0.030767637004040192,-0.012431368486480885,0.08339376359680928,0.08893838546403157,0.1668911219310059,-0.016782347456749197,0.03713967523454318,0.11856724771529895,0.05480161607790324,0.3286025069926447,0.08743395835491556,-0.29503781207914637,-0.03449704754998446,-0.2757245345515667,0.029524500155392104,-0.10069408474049518,-0.02496633171034911,-0.1745571324976691,0.24023619600124316,-0.048585931834662796,0.15487413239407435,0.05449083186574122,0.1315653164819227,-0.11975551641976587,-0.19175385890396765,0.2336061328084533,0.1668436456491821,0.16046824821299077,-0.0618460582202424,0.11871956904589245,0.149542876432533,0.06935847299728497,-0.3207293069512068,0.2302452669700759,0.28981378373398753,0.21910286957422562,-0.021236921164404846,0.522946234331296,0.3701439966849684,0.40702372319486163,0.15104112711074277,0.049311094996374184,0.08598363203149278,0.05863462136123484,-0.0892986636278877,0.10286957422562933,0.09126696363824717,-0.16477169724000257,0.05739148451258676,-0.05381885992843844,-0.05076142131979695,0.04781020954181779,0.177561379881902,0.09157774785040919,0.03853923859094365,0.17331399564902103,0.42355805354652665,0.10168086818048572,-0.04029835284367554,0.09313166891121931,0.06547187402879934,-0.06567906350357401,0.18253392727649434,0.04091992126799958,0.01061873559704512,-0.03915881073241479,0.12379571117787215,0.06215684243240443,0.25453226976069615,0.08474049518284471,0.04516730550088056,0.21692738008909146,0.1668911219310059,0.028541089336448104,0.2083290168859422,0.17901170620532475,0.19558686418729926,0.19031339056871904,0.37418419144307463,0.25956333695996636,0.2688871048012742,0.13021858489588728,0.22874902905592362,0.10427620534470508,0.04112711074277426,0.3886039891253485,0.4236835983677808,1.0,0.26122089568730994,0.4390976666153731
0.34347724753173753,0.03967883967883967,0.23542513799302475,-0.12436870326100163,-0.12198596259044517,0.07018725236095677,0.26805832543760244,0.022118049267991543,0.06863329105407212,0.15741628038741523,0.12954857428395047,0.08344772217970581,0.1597990210579717,0.1529137529137529,0.20476030153716762,0.09442904874835734,-0.015643615643615643,0.2289562289562289,0.10427080369196014,0.08997435966862134,0.1352464324091942,-0.13980471890938917,-0.023361218313499268,-0.1855477855477855,0.1455025770346329,-0.18631996069546974,-0.2662971692897998,-0.10955427213536796,0.22061070686739107,-0.08759161899806488,-0.05071093731466914,0.07122322656554654,-0.11079744118087567,-0.058169951587715464,-0.1303773536476223,0.2624640647328177,0.11955451955451954,0.17098754246754116,0.09069954161183418,0.2593561421190484,0.037917637917637914,0.16068376068376067,-0.22661935725401172,0.2717430717430717,0.06609686609686609,0.11856724771529893,-0.14322343378453542,0.08500168348659046,0.5562663491544759,0.29975913609804933,0.21688119973086792,0.006371241358227073,0.09007795708908031,-0.10437440111241912,-0.060863484519648854,0.2534510891528867,0.1383543550229635,-0.06381766381766381,0.19077464977520575,0.1672105672105672,0.10043769913497799,0.18679098679098677,0.19781927436641616,0.11867084513575792,0.16436582149572881,0.1668436456491821,0.30189070189070183,0.2114478114478114,0.02450078993854801,0.0847944886456725,0.025640361563596753,0.11690968898795531,0.04967496311007937,0.12074279354493746,0.1185185185185185,0.08935277514586748,0.045945455973556204,0.13462484788644036,0.13638600403424292,0.09339307454376757,0.057755561905879556,-0.04532387145080235,-0.1254046774655914,-0.06257446257446257,-0.07733547437262618,-0.04345911788254077,0.145088187352797,0.03890284649961939,0.22547978562896298,0.11758611758611756,0.026625226625226622,0.1687083992174437,0.19275298511995173,0.08060505605510676,0.03268498615480718,0.284752259931302,0.1880439289717465,0.26122089568730994,1.0,0.43263403263403255
0.24236616516377618,0.14317534317534317,0.1393903292275533,0.01994250343835303,-0.011240320119798981,0.0024345393807859547,0.2547978556188534,0.1579342674897101,0.06552536844030282,-0.006785631040062979,0.005438864574096281,-0.05475123671256923,0.12032840386310154,0.04662004662004661,0.0954650229529471,0.05361166508752049,-0.008080808080808079,0.2285418285418285,0.033720960359396944,0.25987412922134323,0.012794281426683634,-0.17979332320655422,-0.10686073920343456,-0.17984977984977982,-0.009789956233373306,-0.3017274870867699,-0.23407837152705804,-0.3200642305080088,0.14933568159161503,-0.09132112613458804,0.020771282802024848,0.03641449329133034,-0.005749656835473212,-0.005128072312719351,-0.11090103860133466,0.4514257596499914,0.27184667184667183,0.19098184461612372,0.08697003447531101,0.1803113103088491,0.2769230769230769,0.07345247345247344,-0.1815544793543568,0.16824656824656822,0.22470862470862468,0.21242651065113188,-0.03382455777985592,0.19647250790044948,0.3991090623182081,0.6009168373722948,0.1659112688650513,0.095983010055242,0.14363782346637133,0.04345911788254077,-0.047810209541817784,0.09629380231661892,0.23905104770908894,-0.024138824138824136,0.05247209346247174,-0.010463610463610462,0.004610085210424468,0.12763532763532762,0.12333272905641186,0.02978425838195583,0.03817762699097136,0.07215560334967734,0.5351981351981352,0.1443149443149443,0.048535391485030624,0.19212141624117246,-0.007303618142357864,0.08344772217970581,0.009479163971996376,0.07951102020226468,0.013675213675213673,-0.032166999052512295,-0.0025381368012449314,-0.0472922224395229,0.11162622054454749,0.057755561905879556,0.042630338518868945,0.3174742949965344,0.1334852762613916,0.05335405335405334,0.10779311598756536,0.17979332320655422,0.2963404212229031,-0.013416560909988579,0.49027479232210763,0.3811447811447811,0.2681170681170681,0.0499857553714563,0.28381983484875456,0.17136344821998276,0.10903628503307307,0.28433784878350316,0.3844799010546288,0.4390976666153731,0.43263403263403255,1.0
