0,1,2,3,4,5,6,7,8,9,10,11,12,13,14,15,16,17,18,19,20,21,22,23,24,25,26,27,28,29,30,31,32,33,34,35,36,37,38,39,40,41,42,43,44,45,46,47,48,49,50,51,52,53,54,55,56,57,58,59,60,61,62,63,64,65,66,67,68,69,70,71,72,73,74,75,76,77,78,79,80,81,82,83,84,85,86,87,88,89,90,91,92,93,94,95,96,97,98,99
0.0,0.0963039864167504,0.0651406495536318,0.0590677666795862,0.1060338602370284,0.0887267176226768,0.1098489647417867,0.0860137842649951,0.1081961536922915,0.0903089049107359,0.0997515940309704,0.0816533396131573,0.0782929393721091,0.0992070039691653,0.0747623203935379,0.0782845694610929,0.1020264742161115,0.0819329807303334,0.0880041395448912,0.080616140994249,0.1261380058999516,0.0592269899497268,0.0941962285248529,0.0810082201993774,0.080701628025146,0.0735535248870952,0.1004624171772645,0.0788295559852546,0.0693024695755871,0.103240395171737,0.0661094101701814,0.087793048056487,0.0522036987682675,0.0756431049632083,0.0951328213536274,0.0860437852385445,0.0589876914616186,0.0782754363932858,0.0851121358241004,0.0676772888523697,0.1166325850032768,0.0962013817373913,0.076583009069448,0.1002397340723349,0.0757003669179367,0.0853761773974651,0.0533218734462612,0.0985566255385758,0.0668035146473993,0.1248225187661093,0.0488767849029204,0.104069317070753,0.0641302769120147,0.1085612779810893,0.092627973333536,0.090898188728712,0.1078214641028671,0.0908959418203168,0.1092759082523519,0.0926630295833059,0.0737624185064043,0.0779748021784074,0.1059587100829266,0.0986982382911349,0.0715686869123285,0.0630725536893174,0.0979188253156744,0.0897722883500876,0.0551930633605642,0.116247741143532,0.1022912911455877,0.0945624397405146,0.0828392051410486,0.073611593337936,0.0723506715201991,0.1648807260005877,0.0649760362377458,0.0758763356633023,0.0769731709852134,0.0805012639238905,0.0743054361008415,0.1433778971799832,0.0860129700048172,0.0996417827834199,0.0930517675486856,0.1393948993391787,0.0480725218285446,0.1048883069126673,0.0715944934610354,0.0854036070934606,0.1024698234420192,0.1003860143566109,0.083031158648219,0.0597083629756649,0.0954382679751689,0.1397567937063996,0.1491000062422126,0.0767097488456841,0.0770617960856407,0.0807436562238487
0.0963039864167504,0.0,0.0969106226199882,0.0977645186064869,0.1021624043266914,0.1199495425886782,0.1373210531765542,0.0853381302169459,0.1635920485565393,0.087865146616683,0.1307418124676969,0.0892068718366696,0.0907445897390928,0.1400519989912895,0.0791916873506285,0.0991097556562877,0.1236478893910302,0.1280270994196582,0.1230795246079494,0.1214229332530985,0.1732821638185586,0.0934136730078128,0.1510497208771477,0.0737808868301143,0.0818879962042586,0.1131478167420261,0.0666479434413662,0.0807738269587275,0.0904967665613731,0.1741629864419087,0.1183569076456102,0.0785819280584241,0.1058382706938983,0.1259672051103899,0.0938953997086242,0.1015457925424271,0.1246749970240746,0.1038709520371852,0.0563404764025467,0.0784649082396117,0.1348205090565353,0.1577700429448839,0.1282517402781671,0.1319471819031397,0.1086299782943686,0.1088807434468211,0.1000395970159032,0.0576582668899188,0.0860976431961284,0.1171129374055598,0.096030272801258,0.0827845273330094,0.1083476775110508,0.1219910958765677,0.1452086189115079,0.1356829719026416,0.1097281486358091,0.0717699838285912,0.1385719302833321,0.0864912415865669,0.0997562333719549,0.1319788217397377,0.0954693762612302,0.0991696455344746,0.0798240241468508,0.1016003644419158,0.1549958909926085,0.1074304426884904,0.0895586200947839,0.1353931785958043,0.1501681008587674,0.0633387742709789,0.0913874794766319,0.0835892403210568,0.0984767404737032,0.1398590187775578,0.1004288862953272,0.081523730225173,0.0741416470132487,0.0764581374730182,0.1132362340380124,0.1711364850633105,0.1132093405692721,0.077312698545098,0.0832374059303669,0.1104399875519997,0.0884515320929961,0.0889796975144488,0.1291606483366601,0.0796717985007609,0.1543145977534506,0.1621697682108638,0.1398522123092613,0.1156340742548388,0.0832793258526867,0.1837793563265822,0.150560560125093,0.1433130601373463,0.0802278579545609,0.0789327464929429
0.0651406495536318,0.0969106226199882,0.0,0.0689211263019282,0.1109822756150385,0.0901626796618118,0.0891817157461301,0.0707864910938344,0.1055398988274666,0.0846768446400012,0.0902270255174676,0.0758653440101246,0.0600149428413718,0.111836218198801,0.0839606092965515,0.0869877908817025,0.1056656885417104,0.0760606389948945,0.0893803920059157,0.1061071110908472,0.1325261466657166,0.046617042073869,0.0943484753443969,0.0955180798756313,0.0861713562480895,0.0842069351804842,0.0978653520702418,0.0862689766610277,0.0673002602588702,0.1064170512689084,0.0867104797052878,0.1051272208741586,0.0580482257119949,0.101633438410078,0.0826469793384882,0.0974891416968899,0.0745706064149151,0.0707286785726543,0.096107656961581,0.0802333105651758,0.1079299719884284,0.0879596673250927,0.0761165171870242,0.113258161523011,0.0655625926130438,0.0896341007399333,0.0642097635558846,0.1079993252554662,0.0668682328915918,0.1231645833571596,0.0516550710325672,0.0936700175995281,0.0728071471958265,0.1120607153760492,0.1027001185851395,0.0770078851483209,0.1078158737070524,0.0789894176260908,0.1346696730607356,0.0835929229743692,0.101796025978011,0.0785839088723216,0.1073761132879772,0.0887389705145542,0.0815341839778238,0.0889799578876117,0.0938784957972344,0.0565120583498153,0.0772183560730638,0.1061203246759946,0.106220841463138,0.0944279212216571,0.0896688685597951,0.0838395404320297,0.0955018297065873,0.1791642258108795,0.0587836584912128,0.0841400963500281,0.0666593109468577,0.0757200856779534,0.0726616279116685,0.1337464555109127,0.0825596957944015,0.1036496391578982,0.0993315130965767,0.1438808278055436,0.0570299124274664,0.0986794939558942,0.0833674578688461,0.0792235285205418,0.0823984402869662,0.0854476851458595,0.0874170619737568,0.057318366142406,0.1146423818697456,0.1271705435577662,0.1364701417076183,0.0714292357934388,0.078819167493252,0.1007888157873433
0.0590677666795862,0.0977645186064869,0.0689211263019282,0.0,0.1127568052435668,0.0897915478677641,0.0925680718560514,0.0958528333867587,0.1065967430374342,0.0797946084969336,0.0995562670373341,0.0764613236211603,0.0720726705355864,0.1116225721147013,0.0736233485090094,0.0765383579288794,0.1100324842978364,0.0737701690395442,0.0886568608947974,0.0817159359398189,0.1078646595236084,0.0616103064834517,0.0896299196426703,0.0889452882097677,0.0703384830324359,0.0774001184097843,0.1013792064297545,0.0833467998019083,0.0882805026104997,0.1273693450053823,0.0842039191214074,0.0951723471011511,0.0690972394975918,0.0856954838563549,0.0758505911487322,0.0909240781274207,0.0738241040954795,0.0744025627440253,0.08157365584053,0.0782900496698207,0.1183356186666074,0.0965086662933629,0.0644373712635476,0.0919208534291744,0.0914868250394743,0.075082206804656,0.0724956762584246,0.1020992192839633,0.0987002562244507,0.1248896602663108,0.0689306100461168,0.1134467553017201,0.0739291094158179,0.1091042627282316,0.1016188432570932,0.0898376651530126,0.111598570956675,0.0932807565143203,0.1110244275078207,0.0832688334908969,0.0916474739336085,0.1009536235174303,0.1005128138539016,0.0968084225325284,0.0674692225745695,0.0709331937347992,0.1082036124566894,0.0910720968949898,0.0677898771041272,0.1099919734919457,0.0913957693677289,0.0956564684715801,0.0840549722765057,0.0728069041905325,0.0875334608558031,0.1610011869503603,0.0619796229525949,0.0601412382701058,0.0782508845917852,0.0730801777804652,0.0788408567367164,0.1333722268437728,0.0809529981934061,0.1005942366410679,0.0930305862106003,0.1398809053181025,0.0599754984459283,0.1060820278755658,0.0725019326166878,0.0798544578078915,0.1039125237971089,0.1135816281725353,0.0901844934647263,0.0611692456570227,0.090245167059302,0.1372277734955465,0.1354943648962721,0.0932771905097492,0.0703764894280896,0.0775605359591536
0.1060338602370284,0.1021624043266914,0.1109822756150385,0.1127568052435668,0.0,0.0944515345663697,0.1388045988013506,0.1155429668793296,0.1506074675718665,0.1170584555019184,0.1026974767484537,0.1000940770408585,0.1012511362690921,0.1814270672936726,0.0838924465472381,0.1353517279161166,0.0614580591659355,0.1343333127754083,0.0764419395899208,0.095581529489554,0.133221151907603,0.1133812074047034,0.1587208406561622,0.1295363688308672,0.1088441844739687,0.1412782339267634,0.1207943803360833,0.1140278991020544,0.1031701502495123,0.1675721086618892,0.0919947861347477,0.0851524687957906,0.1047924830593483,0.1334249713304794,0.1293415068541146,0.0892750795381518,0.1383488997385935,0.1126407087145146,0.1054576256133506,0.1327916321176163,0.1229940771546949,0.1668538297451362,0.118096107866801,0.0896436115012068,0.0943799778937508,0.107849841751217,0.0784888167760142,0.0969181531790239,0.1041373886696996,0.0946883268650167,0.1064141029828852,0.120177343651168,0.0805534228769729,0.0876517912583833,0.1393753226482092,0.1584939932106658,0.0848096232239725,0.1260840846909758,0.1756416050564746,0.1056183391605123,0.1237328794232613,0.1123283171207944,0.102623202465382,0.1312228016096364,0.0852531647803281,0.131694794879856,0.1307186347872328,0.1169967475761744,0.0978299154253994,0.1047277051036584,0.1248402942068999,0.1136894557199561,0.0978488940997849,0.081864022164167,0.1163526776816879,0.1935371428193288,0.1017798291774675,0.1159470333921597,0.0950063646405261,0.109418599580134,0.1402500285783726,0.1001521164072289,0.1064892601990759,0.1368896252806497,0.1359586173146872,0.0685693363093958,0.1163340743808788,0.05764795933786,0.134987251679313,0.088817082991877,0.1681186856621457,0.1307837657706787,0.158700831063817,0.1283408890868592,0.1198545824668306,0.1219991787232702,0.087693566439947,0.129169395741492,0.0845373073466869,0.0755840622894497
0.0887267176226768,0.1199495425886782,0.0901626796618118,0.0897915478677641,0.0944515345663697,0.0,0.1045834995516997,0.1095348105717916,0.1098311879579856,0.1278075567474216,0.0591939921965247,0.0838782203459518,0.0769550361966898,0.1778378049139427,0.1161794672075772,0.0979066888186961,0.0915499178365559,0.1031624063006093,0.075467099846252,0.0934359575761699,0.0849105687271553,0.0962233477754038,0.1042194781988231,0.1428849185553104,0.1137181505566939,0.1201707593432895,0.1306314566201089,0.0842162591191503,0.0959318019108576,0.1118908047454428,0.0741296069658705,0.0938910708652954,0.0756724184304961,0.1123404823384373,0.0734401217147121,0.1093384568405232,0.1173160904811871,0.0767624559175153,0.1165668775437978,0.1259932522390686,0.0627514672945591,0.1163286396039896,0.0724906376215341,0.0761676029968547,0.0784899774978127,0.067459178179591,0.07554678851662,0.1090139392729915,0.0932612814418748,0.074841669548712,0.0799931020011082,0.1404689026860276,0.0692795752542367,0.1311534915774146,0.1042345818114862,0.1184243499131406,0.1003638487021862,0.1069104011523449,0.1781772216323303,0.0845026703259622,0.1316261506012803,0.087975837619012,0.0830467645156065,0.1134229040927996,0.0912517146253896,0.1297166268014588,0.096961757590154,0.0964868979076644,0.0829809478668254,0.0887946485511835,0.0823669669781811,0.1172475962917747,0.0763364327332464,0.0920802439939452,0.1058857752224589,0.2030632845358325,0.0673592658427976,0.0926040344017743,0.0981605604035915,0.1312191036905629,0.1211672186194286,0.0870064067323136,0.0568314320420214,0.1264747832440965,0.1277205968499379,0.1102192347219038,0.093886329121087,0.0836542295674686,0.0867423841879063,0.0641318739293562,0.1250263569963968,0.0873330312921989,0.1367890863668017,0.0938159872946644,0.1131834209309167,0.0865722233614607,0.0847664179103736,0.0962820884366537,0.1042695852906099,0.1123729410345454
0.1098489647417867,0.1373210531765542,0.0891817157461301,0.0925680718560514,0.1388045988013506,0.1045834995516997,0.0,0.1002452998031856,0.0937139121613239,0.1103679341770651,0.1057904748637485,0.0809716941803925,0.0804541861680615,0.1453494983028249,0.1161183683926838,0.0987271878113512,0.1184525630067403,0.0715216082987746,0.1041030997526262,0.1200490655907943,0.1078651266342901,0.0874082803445454,0.0767675300596462,0.1357215265556695,0.1202645007651713,0.1087562447986496,0.1184521153433459,0.1057033826848699,0.1096069486963441,0.0830729142733468,0.0940391387204704,0.1337028109469384,0.0841598411998776,0.1013845187428203,0.0885008356018859,0.1528825086293974,0.1120254319103567,0.0684143053955758,0.1303027510173372,0.1340729082997009,0.1218640343254499,0.0845825013851927,0.0674641544324029,0.1011766217590452,0.0796485559760102,0.1018986996383181,0.1065988262057714,0.1434152498179057,0.0948937861178935,0.1305174463200827,0.1011380587695187,0.1448286488639552,0.1080365548694693,0.1626649253757064,0.0874171802733204,0.0881775467652541,0.1223008939468124,0.1133856124222546,0.1508872244169228,0.0743032035005819,0.144653012757824,0.1135282042983082,0.088242184989881,0.0877835333800598,0.1114126918676707,0.1313057410383635,0.0799746538871718,0.1025596709391413,0.1030556292269738,0.1127164335080649,0.0979722481511415,0.1262237530744328,0.0917217226441262,0.1108272665344653,0.1029125923117068,0.197422697432109,0.084083552953553,0.1050713918049744,0.0896515094525922,0.1193075943816306,0.0887327185117221,0.1306163060970607,0.0896200981166342,0.1176360603653132,0.1152829468158913,0.1655776636227967,0.0936427394273159,0.1200070437343261,0.0812389268334282,0.1134182173477073,0.0762667416937717,0.0908267432215232,0.1168502000178063,0.0881155037009968,0.121823510957233,0.1104290488258312,0.1232985184041968,0.1023170314670008,0.1173753279041301,0.1406011491986678
0.0860137842649951,0.0853381302169459,0.0707864910938344,0.0958528333867587,0.1155429668793296,0.1095348105717916,0.1002452998031856,0.0,0.1330943928282641,0.079386329129148,0.109287543476827,0.0754891030800064,0.0762789028477843,0.1034328321628025,0.0983083811734817,0.0675408607686935,0.121835633254241,0.0896802479236809,0.1181219501368373,0.1045996744422204,0.1551037272702025,0.0592872335142337,0.1061827912453946,0.0737061185175841,0.0695042235183041,0.0819507681501678,0.0663441136599688,0.0815631720402247,0.0727225038585633,0.1212497295973437,0.0941380695736848,0.0742922941559728,0.0783963476108407,0.0943677964994147,0.0820132197988269,0.121519752928012,0.0928913623852933,0.0718541471272308,0.0718715109114278,0.0778942707694848,0.1192270800078506,0.1105502471514064,0.1009342368470067,0.1246274147644754,0.0741370816643244,0.0916465784358628,0.0827422449132037,0.1038425545541212,0.0590225356731793,0.1255606767109704,0.0743939915619664,0.1045779950127571,0.1118349298469908,0.1384550422857073,0.0970962088189367,0.0883539082594842,0.1330110652577683,0.0678381146581708,0.1180807946415135,0.0978300224292382,0.0880002766099419,0.1068185666202818,0.0761760796470209,0.0626618677858794,0.0830151321966156,0.0905516253700002,0.1120395572493711,0.1008236468045807,0.0718789246561558,0.1430438414123633,0.131390501176319,0.0662740750204276,0.0600463982220993,0.0790361521299154,0.077270419263976,0.1426243496523154,0.080742555440982,0.0718687621826359,0.0608629661134488,0.0783761552942187,0.0766390119259242,0.16296403791767,0.1042795988186732,0.0746264200405377,0.0746679689678344,0.1404816255243517,0.0710888034870224,0.1011665060225511,0.1001764187706592,0.0830548689524591,0.0983913966646916,0.120536773672917,0.1039913107884802,0.0847658578449432,0.0845896588035446,0.157466127457151,0.158889038619965,0.1066537651841524,0.0937593958040369,0.096972061450049
0.1081961536922915,0.1635920485565393,0.1055398988274666,0.1065967430374342,0.1506074675718665,0.1098311879579856,0.0937139121613239,0.1330943928282641,0.0,0.1530408330316611,0.1004414166564343,0.1234959088221373,0.107604151149063,0.1821132622084157,0.1372391424043356,0.1261915907317108,0.1210032984186797,0.0869960171288113,0.1042306279185966,0.1145838807443257,0.0744906184292593,0.1107060736635215,0.0753797416219418,0.1669170033684684,0.1442192827595381,0.1225134372029692,0.1656097875302924,0.1401473024924406,0.1289060337062766,0.0843061751286786,0.0863279679454843,0.1495839884618767,0.0953438339247478,0.0972223588041136,0.1254263294011221,0.1660174849484013,0.0992942152889589,0.103452535184028,0.15835260182954,0.1555502480649376,0.1272552277503267,0.0809411211204086,0.0795800861240201,0.0859631106763815,0.1010052440085456,0.0999354548860253,0.103490247138773,0.1686041974026345,0.1262859318316185,0.1512889525435487,0.1076380264417658,0.181022236631523,0.1113860769079901,0.172263163571043,0.0865511252883632,0.1005931808906887,0.1476179068125033,0.1412570263124177,0.18378371612437,0.1132862667496069,0.1614558514163537,0.0931601864111385,0.1178023960961842,0.1423532172078378,0.1302461278411759,0.1441250871566479,0.059665108134726,0.1305516641088628,0.1242705113773252,0.1327599471140849,0.0647065821773175,0.1553972379283091,0.1100111749235283,0.1213894187981393,0.1319627013600108,0.2429723181275229,0.0936443310356431,0.1279669381950387,0.1224562993363356,0.1471860094636761,0.1186478028845102,0.1435981901901945,0.1117108329805769,0.1639765066119544,0.1593029484327051,0.1786531413465309,0.1003443610264569,0.1381508603427823,0.0629476587801698,0.129190599853553,0.0906661070535882,0.0835996169243002,0.1262291672797783,0.0817004247931211,0.148119990850375,0.123642834792142,0.15721822043214,0.0880358641879776,0.1402121810164775,0.1570703300173833
0.0903089049107359,0.087865146616683,0.0846768446400012,0.0797946084969336,0.1170584555019184,0.1278075567474216,0.1103679341770651,0.079386329129148,0.1530408330316611,0.0,0.1375977805126913,0.0937704215912887,0.0924210662844115,0.1001580175952457,0.0768374379816257,0.0832608542729153,0.124088070350657,0.0800562136377477,0.1110349295148369,0.0949268965550036,0.1689348510188062,0.0676497332458842,0.1120401921974225,0.0685035844753466,0.0667642968070145,0.0636708144171527,0.0896848252650572,0.1033407502513115,0.1053303810388239,0.1468952107263575,0.1108745173818668,0.0975763363598576,0.0926087314061661,0.0830813581980408,0.0964862555189672,0.1199897748695369,0.0857252935372185,0.0773891201711093,0.0729304246304378,0.0796708491495117,0.148652615401413,0.1214307980263975,0.1058991344363828,0.1215083710319819,0.1102937186100558,0.117594741963041,0.1003906330767711,0.1089267993744973,0.0928994028356381,0.1487907767870657,0.0867678733115682,0.115731287989366,0.1155741971861528,0.1258755669347763,0.1102118256711011,0.0915875589763943,0.1414742053708549,0.0980245187155471,0.0828744841553114,0.1002642119058465,0.0902345799535652,0.1207419379656681,0.0998591637844238,0.0667750853476115,0.0716556317111243,0.0676236434851738,0.1386788314931596,0.1168895355698901,0.0718124383519209,0.1522566339349809,0.140154157441727,0.0786790071348659,0.0872465014029632,0.0883847781378553,0.0848613733062255,0.1148872410463943,0.0939361224243514,0.0763086709460328,0.0581030461504786,0.0707013410761781,0.0788114470685799,0.1792537502227533,0.1196625640634443,0.0981767854154049,0.0600482016358152,0.1548733846511739,0.0754792405514848,0.1119053108884589,0.1109085996744283,0.0969932035567939,0.1016374450638371,0.1497500667491459,0.08538238879181,0.0951912488498727,0.0762436683126352,0.1886476403477629,0.1637720576442095,0.1170608679646827,0.0783735972793933,0.0861348965227031
0.0997515940309704,0.1307418124676969,0.0902270255174676,0.0995562670373341,0.1026974767484537,0.0591939921965247,0.1057904748637485,0.109287543476827,0.1004414166564343,0.1375977805126913,0.0,0.0950921774461601,0.0902722664849651,0.183471043541205,0.125607051140785,0.1113549006546498,0.1046360012374521,0.1029381366078985,0.0898709747513804,0.1119691096429969,0.0979911845731929,0.1001196169151206,0.1126905766286931,0.1509272817704164,0.123797647712969,0.1296380538277881,0.1356146744140962,0.0942855174171762,0.1204128526481149,0.107419878704017,0.0972649514941454,0.1080498808121324,0.0879301227307426,0.1296499584396477,0.0915058247284131,0.1146602232973945,0.115731454301527,0.0842047925785537,0.1328250162296857,0.1259162609203151,0.0646358492731207,0.1211057867130916,0.0754017656208231,0.0971386235834088,0.0847155551762931,0.062680460592163,0.0703905082602353,0.1342735191152912,0.1032144244111105,0.0813175060790772,0.0964076459907379,0.1355155998793157,0.0886425332606461,0.1343331597547839,0.1202339060686825,0.1271646997995686,0.117662832488601,0.1061008018115734,0.1904421433939289,0.1059786227040457,0.1462733463787539,0.0938881714801958,0.0936314637384652,0.1148223651676175,0.1108252812356241,0.1417614831565026,0.0982598691645567,0.0974334532061747,0.1011613029039731,0.1006284452250352,0.0895922023329138,0.1206955001276745,0.0829527497700564,0.1035408459135074,0.1354531061748192,0.2104304701104823,0.0885670683880623,0.0998070123308041,0.1082523911174815,0.1402716444061129,0.1186950838005893,0.1017970298954196,0.0731020664364928,0.129234944551795,0.133437926707719,0.1126301734137448,0.098800193539546,0.0990663575494606,0.0970473478955152,0.0821031831506048,0.1282808398423405,0.0810599912139351,0.1463306338902838,0.0928749652773852,0.1243256103899982,0.0912536190105779,0.1079324136570408,0.0909436891971503,0.109065647483663,0.1262587611865605
0.0816533396131573,0.0892068718366696,0.0758653440101246,0.0764613236211603,0.1000940770408585,0.0838782203459518,0.0809716941803925,0.0754891030800064,0.1234959088221373,0.0937704215912887,0.0950921774461601,0.0,0.0564727203861176,0.1476822249791461,0.0911918919140084,0.0869538459348427,0.0997493938507934,0.0917539510188342,0.0880929833315596,0.115809101948179,0.1170943378926373,0.0682409710279014,0.1097706059727239,0.1048117067098392,0.0868959334872753,0.107071463766315,0.0825484025506597,0.0588878982413228,0.069313548088014,0.1203129230733618,0.0829463109897398,0.0874134671821749,0.064685477340259,0.1139752016740987,0.0675277062484699,0.0944505822409731,0.113173458435899,0.0678476174304786,0.0870605610020937,0.0990742452943853,0.0923943753777772,0.118167802748545,0.075840777408613,0.1108078601135843,0.0529621736894733,0.0868149744348668,0.074695110549503,0.0764137670298501,0.0665006175713593,0.086911293674791,0.0789102953656944,0.0904478930891529,0.0752756395007026,0.1267020121151387,0.1076582313850008,0.1098499641963097,0.0797957086834771,0.0735501864124597,0.1482037572748165,0.0546176560524901,0.1146409569771063,0.0975064632129959,0.0825687233667037,0.0890649881288607,0.0866335871685955,0.1128513821869963,0.1056869170684728,0.0660125778997819,0.0713585298172428,0.0834841315083505,0.1164615464242094,0.0892411687054057,0.074724369272254,0.0886990046869264,0.0854929354415338,0.1665162099827987,0.059824475649301,0.0770600978918453,0.0676407738072839,0.0911029515480173,0.0973743922635342,0.1098355974612886,0.0573948905510589,0.0835865972789618,0.0948800846582549,0.1065710241070881,0.0825261108807382,0.0814033892630849,0.0966048058885195,0.075841169014191,0.118951812038262,0.1003732247394089,0.1227315130928608,0.0851541358257838,0.0935397997086188,0.1185765248201479,0.1018319208145207,0.0892708513279474,0.0810308258206575,0.0930330220794717
0.0782929393721091,0.0907445897390928,0.0600149428413718,0.0720726705355864,0.1012511362690921,0.0769550361966898,0.0804541861680615,0.0762789028477843,0.107604151149063,0.0924210662844115,0.0902722664849651,0.0564727203861176,0.0,0.1447395233830133,0.0871101269471172,0.0918234064582855,0.097635183917646,0.0757502589608759,0.0856460213184798,0.1055331366933413,0.1159738743663542,0.0585721174341865,0.0951347308792762,0.1010343471217239,0.0837010755768743,0.0987929746719895,0.0919263059276073,0.0738008266376938,0.0718675528118571,0.1123025426127157,0.0882112740266902,0.0907081124698252,0.0602792897866206,0.1085111911765437,0.0657657885932416,0.1003728599666769,0.0990819706694773,0.0625754582692104,0.083142376651772,0.0872107281368969,0.0984409174043826,0.1034409885217291,0.0662708817325057,0.1020000576527148,0.0633724414252094,0.0896739361154629,0.0737400909553042,0.0879267783989658,0.0684746882050801,0.0909871173707059,0.0672735844346231,0.1071521369000716,0.0751794046517207,0.1208419745864096,0.1014958299703114,0.1010285483371563,0.0896109789136429,0.0739995091859143,0.1469016374902346,0.0574649758523346,0.1138439835803605,0.0805951174441129,0.0867648159446228,0.0878206960745039,0.0821337578093465,0.1032930179824187,0.0998352013246694,0.0706223227094096,0.0728343085509651,0.0849723429489652,0.0948262834064576,0.0830585857952164,0.0752006473273618,0.082241641085182,0.090269731296432,0.1767579408211313,0.0583823016753045,0.0808540057725291,0.068954953994987,0.0809635352442083,0.0944793659891843,0.1163281914721673,0.0662621257818599,0.0965050326368565,0.1027823148092171,0.1255330085914123,0.067122405244068,0.0846272873446731,0.0852270501959786,0.0687357896657616,0.1040830087131231,0.0922175628686148,0.1120736104368783,0.0767681496225651,0.1096634822461,0.1226688556174269,0.1139001434480286,0.0838631032060178,0.0862903728305282,0.0912855709129165
0.0992070039691653,0.1400519989912895,0.111836218198801,0.1116225721147013,0.1814270672936726,0.1778378049139427,0.1453494983028249,0.1034328321628025,0.1821132622084157,0.1001580175952457,0.183471043541205,0.1476822249791461,0.1447395233830133,0.0,0.1264153273334971,0.1013918074559202,0.1825618384356815,0.1209867158518882,0.1683866007869277,0.1336037679395593,0.210692503009501,0.0984707530994107,0.1381869755650908,0.0826777370773868,0.0961824057960758,0.0891570541699483,0.1201264449548233,0.1453059327598526,0.1224115218156675,0.1511482131529432,0.1409497037490665,0.1390949761545794,0.1167196466072279,0.115320754790208,0.1447574978401828,0.1423863582642144,0.0961714448120239,0.1248297213096948,0.1176141483047863,0.0889075353421689,0.2034001641163244,0.1285920979984003,0.148295609861221,0.1769203738549944,0.1371814988894111,0.1595021705299233,0.1259779834072996,0.1570990207027812,0.1181953523425934,0.2086887563287304,0.115649383548829,0.1323189918255712,0.1485931945943445,0.164261401225313,0.1304314879346461,0.1031453619911047,0.1841942422088368,0.1234041389316195,0.0753052120112456,0.1616926106823995,0.0855971096047382,0.1466723373519979,0.1553650059747619,0.1091067101227617,0.1213159506702788,0.0712048250911584,0.1592578516951925,0.1427041751511961,0.1045846086481999,0.2026844691892834,0.1842448560138967,0.1253438890501528,0.1316709756611614,0.1271100528127119,0.1025596288241549,0.1318881953133178,0.1308179225669574,0.1158120304917411,0.1134596786009776,0.1026918270251826,0.0854358453413592,0.2320557697693509,0.1700950769837965,0.1121075852213262,0.0943159481413392,0.2178777401352616,0.0958759656659361,0.1796515756130473,0.1367534492166656,0.1540918931247977,0.1139911291213702,0.1638357284556693,0.0855509745033374,0.1153126899012103,0.1294131060474288,0.2243646198470621,0.2325249166406287,0.1385637000333725,0.1253687730542317,0.12768744877315
0.0747623203935379,0.0791916873506285,0.0839606092965515,0.0736233485090094,0.0838924465472381,0.1161794672075772,0.1161183683926838,0.0983083811734817,0.1372391424043356,0.0768374379816257,0.125607051140785,0.0911918919140084,0.0871101269471172,0.1264153273334971,0.0,0.1101616047091718,0.0828104811072066,0.1009604021740638,0.0811737016757457,0.0960757058946044,0.1377881721211798,0.0821634866783083,0.1348167779536874,0.0804571910508787,0.0782468835716649,0.1084224785447645,0.1000488456748856,0.1036420427959227,0.0860744422008183,0.1567594289921536,0.1062905889676152,0.0965498981932958,0.0882554478193447,0.112392707986909,0.1035001310621643,0.0907710996083059,0.1026553585509418,0.0933063860639807,0.0755870057689155,0.0863780211973386,0.1481741757639725,0.1401775424021091,0.1008580383828417,0.100075437135187,0.1034582845150746,0.1130001443124567,0.0831230399310102,0.0869710668813979,0.0905838838150011,0.1239836296942351,0.0837431582019257,0.1040482493913005,0.0801658994866791,0.0807865645065655,0.1205561040547062,0.1256039365600505,0.0922303676917248,0.1073436051427041,0.1347433637818743,0.0859615582276445,0.0919311852609925,0.1010665475381992,0.1099847417790625,0.1109793271311815,0.061221152167385,0.077479706237345,0.1234624240365039,0.1109885875285067,0.0742999783519312,0.1114023237651193,0.1107210885476635,0.0966046031354063,0.0976980701486034,0.08601559017708,0.0971034796364308,0.162218878868751,0.0907506475603675,0.0978400712540655,0.065316575026932,0.0618936243627353,0.1124196655634262,0.1419240872319179,0.1056943897272272,0.1144050125288907,0.0985214508289303,0.106850876168658,0.0795102769721387,0.0756204437060171,0.1152710658761534,0.0828137780764843,0.1340045369669784,0.1384854548436985,0.1180765189149489,0.1017103264960995,0.1105339525683925,0.1633247058598173,0.1252355812623056,0.1160159544873053,0.0580171526992976,0.0637017289691623
0.0782845694610929,0.0991097556562877,0.0869877908817025,0.0765383579288794,0.1353517279161166,0.0979066888186961,0.0987271878113512,0.0675408607686935,0.1261915907317108,0.0832608542729153,0.1113549006546498,0.0869538459348427,0.0918234064582855,0.1013918074559202,0.1101616047091718,0.0,0.1387978855259994,0.0933657145877649,0.1269498234671252,0.0985473771119803,0.1454625036027268,0.067067502483464,0.0905738975735093,0.0883433344226163,0.0817761301869461,0.0677191708641233,0.0917032907831378,0.0809332174437285,0.0800616559413469,0.1169889284586493,0.0884873052695617,0.0965481041397065,0.082244014903451,0.0728009033004696,0.0750585926693022,0.1173019175264219,0.0980820988121419,0.0694671923268734,0.0748079579297696,0.0917856480653102,0.1155507811183581,0.1025102688891992,0.0907222194272184,0.1180413515132607,0.0952730223131359,0.0844004565415706,0.0952262995104039,0.1073934616770911,0.0739627623296338,0.1279510370504877,0.0795046155772492,0.1230658790735686,0.1158081346427557,0.1633494716902296,0.1098490795566546,0.0805369248421564,0.1437911567936656,0.0691860992072223,0.1044108336359291,0.0991870619980864,0.0965997733582659,0.1298778656946825,0.0802723854519144,0.0737046895317403,0.0858151219495526,0.0904416673612831,0.115471107783918,0.1034023229692028,0.0749868166263087,0.1390331506809639,0.1285868987116642,0.0841724973768288,0.077067715150083,0.0765694114765548,0.0772444777359852,0.1422080202709216,0.0723477978562794,0.0624510846404711,0.0820489444044955,0.1055464511530712,0.0629168695812679,0.1567037754682863,0.0989170903087742,0.0672890832408331,0.070298302608962,0.1589085874258982,0.0653697514547124,0.1216090035068766,0.0833810615310044,0.084191882133086,0.1014675702948102,0.1303488040241966,0.1041373208455865,0.0693855993198222,0.0682222187305729,0.1491453818555618,0.15862258840395,0.1179900424671156,0.1142815594937986,0.1044246972122846
0.1020264742161115,0.1236478893910302,0.1056656885417104,0.1100324842978364,0.0614580591659355,0.0915499178365559,0.1184525630067403,0.121835633254241,0.1210032984186797,0.124088070350657,0.1046360012374521,0.0997493938507934,0.097635183917646,0.1825618384356815,0.0828104811072066,0.1387978855259994,0.0,0.1096390889830905,0.054088720801921,0.0908561685282232,0.0973356352731202,0.1133866229623784,0.1413882741060292,0.1418581192186636,0.1177717217364799,0.1417216289510213,0.1396822276740547,0.1238509412832201,0.0966631761461772,0.1365630720920723,0.0785978600159649,0.1104609276081575,0.0947567171234632,0.1231443888306275,0.1228112164255444,0.1209004936754477,0.1272773776213021,0.1002009609566006,0.1239846542572062,0.1432364920952262,0.1333874584082066,0.1474807398300185,0.1086887687120663,0.0721482626874808,0.0929035014477723,0.1088488530941607,0.0882139903479825,0.1135693675404131,0.1037518251466963,0.101995518372732,0.0994740111479479,0.1544230765263974,0.0749519729932903,0.1001265942517339,0.1044124185504582,0.1457483460757183,0.0915014827521698,0.1404090486789685,0.1793193362797291,0.0976125274091814,0.1307504167748872,0.0834525284631512,0.1027306289520287,0.1335878688692435,0.0884964529940552,0.1287827669046131,0.093663282026237,0.1235296856023042,0.1030372359966827,0.0996483491806736,0.0892512169949022,0.1323324614024314,0.0979273283495477,0.088889099641348,0.106456898615416,0.2094740614002434,0.0987729236957211,0.1222795243770948,0.0951318548209647,0.1157678059789632,0.1402221435653571,0.0988251670879021,0.0981769825050292,0.1506294356239987,0.1435147402193721,0.0966438097769011,0.1106008448613803,0.0628539950264131,0.113488191955186,0.0974354645251892,0.1433626769036221,0.1102590363140914,0.1474430260912537,0.1220722505107592,0.1314492813501511,0.1152999938754016,0.0877571384401893,0.1138701613994821,0.0979629910970739,0.0933028535999428
0.0819329807303334,0.1280270994196582,0.0760606389948945,0.0737701690395442,0.1343333127754083,0.1031624063006093,0.0715216082987746,0.0896802479236809,0.0869960171288113,0.0800562136377477,0.1029381366078985,0.0917539510188342,0.0757502589608759,0.1209867158518882,0.1009604021740638,0.0933657145877649,0.1096390889830905,0.0,0.0925713329086897,0.0911990270625421,0.1178965239061415,0.0625336900514039,0.0644138302457527,0.1027469498185926,0.0996752043269408,0.0790854344010177,0.1157591770659126,0.1076528045771018,0.0990251805462867,0.0893189032560009,0.089113252022396,0.1244031305787376,0.0712012502598572,0.0731917139515611,0.0882351007340937,0.1356459762623774,0.071906920984508,0.0687666936570034,0.1112613232397423,0.0990917192069129,0.1243850899092461,0.0807858419084323,0.0656635906069086,0.1017880262475298,0.0848537670350038,0.0952814975433447,0.0900016039897008,0.1405122580135626,0.0889088403882819,0.1346492255853981,0.0733859947894672,0.1380238754554592,0.0900032577483409,0.1484898499433518,0.0773235713626808,0.0759131506081751,0.1254047468249524,0.1057215037879498,0.1263736372140889,0.081793940089546,0.1153007598332482,0.0867812985535536,0.0922481802972904,0.0820648704869056,0.0906321408094483,0.0872410959144234,0.0791161977526886,0.1038086761623734,0.0856871202636806,0.1137822663827571,0.0812894572828992,0.1025469334398178,0.0812919524753822,0.0986089013169676,0.0871703631109548,0.1749503414618822,0.0783426122079477,0.0906080173737595,0.0708732453859507,0.0947336352973871,0.0796575797362424,0.1357038720019621,0.0967437433403093,0.1252122941517147,0.0975710915579855,0.1702517502163661,0.0641467467179242,0.1124672494750435,0.0615263024718304,0.1086120308721715,0.0670102139959896,0.0939167049618726,0.0831713752557377,0.0709562332143917,0.1024155599707448,0.1282680596248639,0.143056795151249,0.0779105303168106,0.1024430816749501,0.1229421087281811
0.0880041395448912,0.1230795246079494,0.0893803920059157,0.0886568608947974,0.0764419395899208,0.075467099846252,0.1041030997526262,0.1181219501368373,0.1042306279185966,0.1110349295148369,0.0898709747513804,0.0880929833315596,0.0856460213184798,0.1683866007869277,0.0811737016757457,0.1269498234671252,0.054088720801921,0.0925713329086897,0.0,0.082225717666008,0.0815694936536265,0.0987467731856801,0.1247434069169691,0.1360421858514283,0.1116359418639242,0.1241277366265794,0.1389533492687585,0.1136411206931854,0.0996979473924757,0.121788939477753,0.0735961089779192,0.1092741875273809,0.0739815058170193,0.1032777792657643,0.109132883313975,0.1134982950262822,0.1055854920928033,0.088548385108877,0.119960661943582,0.1324227157784936,0.1161589458769441,0.1214761798773139,0.0784631569012423,0.0642188162733429,0.0847823717406467,0.0929175834365262,0.0772418695212064,0.1144432768651181,0.0942898743410956,0.1073076239252362,0.0787841505247528,0.1444095877792325,0.0636080011714549,0.0951340793961873,0.0877386487677074,0.1263385201402956,0.0955491507919581,0.1338854641107094,0.1706382173148268,0.0831016504939716,0.127560919795883,0.0690548306226999,0.0983698703259372,0.1207254539958312,0.0790008815575255,0.1194283348454434,0.0809851554879547,0.1100777666582401,0.090078899203216,0.0928080841930365,0.0742989591438121,0.1295034948103489,0.0896444900858161,0.0886399559861885,0.1087963079784556,0.2112829009567712,0.083735455732394,0.1123980237282312,0.0866623679782468,0.1101362270927744,0.1287194589803555,0.0940601599685527,0.0779349166522624,0.1491551783512498,0.1401717471909301,0.1080210461752936,0.0973315452694422,0.0801742141522856,0.0963012162213227,0.0885347180205402,0.1152458553277064,0.0913505492032655,0.1222672472878876,0.10455669602172,0.1266954868168067,0.1055959768937008,0.0940508256297447,0.0775198743761585,0.0842825143726338,0.0993930607434037
0.080616140994249,0.1214229332530985,0.1061071110908472,0.0817159359398189,0.095581529489554,0.0934359575761699,0.1200490655907943,0.1045996744422204,0.1145838807443257,0.0949268965550036,0.1119691096429969,0.115809101948179,0.1055331366933413,0.1336037679395593,0.0960757058946044,0.0985473771119803,0.0908561685282232,0.0911990270625421,0.082225717666008,0.0,0.11772226610447,0.0944037904899894,0.0935194234619285,0.1189831896116312,0.0996349975900316,0.0875225343508369,0.1193233604853855,0.1189228773383924,0.1076824963502771,0.1175091620557273,0.0743328946488518,0.095897482489963,0.0862198364312599,0.0732727075693077,0.1037460983024305,0.1329956908368247,0.0829582862697109,0.0865269759778067,0.0985366254585188,0.1143573371537418,0.1320714635579772,0.1066402697720235,0.0981144697646375,0.0642071948419655,0.1057260493388406,0.0962952570361851,0.0922643745680459,0.1291469828968803,0.1071662727075158,0.1257880427264472,0.0817714045373991,0.1674399831798939,0.0919211178381072,0.1319709534637147,0.0809732216670539,0.1006225995048908,0.1305266668942811,0.1225509750111703,0.1219772279112064,0.1129238288638967,0.1064601853942318,0.1069152205782218,0.0960749328887669,0.1003417593095912,0.0653606451629069,0.0862752634927991,0.1158113703802256,0.1386497008362912,0.0775248475830611,0.1325808817972124,0.0930107853497098,0.1103709007550795,0.0783225705592525,0.0788274829428234,0.0849887859946608,0.1806101180616897,0.0899164523507146,0.0832921015429481,0.0929845790997707,0.1080737777476622,0.106284579046409,0.1295921881374066,0.1106673365001933,0.1385133435730991,0.1109635528939494,0.1422287402211004,0.0789848241028444,0.095495575781765,0.0847560470942307,0.0851731239187542,0.1104356931480815,0.1236980455678696,0.0920403017949384,0.0876400323713925,0.090023253164607,0.1482941813870503,0.1270837561876275,0.1011884336743207,0.0967855092191525,0.0947437841811272
0.1261380058999516,0.1732821638185586,0.1325261466657166,0.1078646595236084,0.133221151907603,0.0849105687271553,0.1078651266342901,0.1551037272702025,0.0744906184292593,0.1689348510188062,0.0979911845731929,0.1170943378926373,0.1159738743663542,0.210692503009501,0.1377881721211798,0.1454625036027268,0.0973356352731202,0.1178965239061415,0.0815694936536265,0.11772226610447,0.0,0.1362370410940805,0.1096319266704727,0.1885590577722468,0.1545122961214076,0.1503337996987689,0.178873122629111,0.134852103523341,0.1359785575659052,0.112536353772666,0.0943623480834709,0.1523504026404584,0.1073350352901522,0.1206729013449858,0.1165847283683658,0.1553535693283993,0.1306541847340373,0.1112598534257026,0.1695577373309667,0.1771779311142823,0.115259872831914,0.1087856167710334,0.0861305425338276,0.0757243784595738,0.1107132589598831,0.096535359884246,0.1176911522783005,0.1586516192892455,0.145697937466702,0.1212935395355784,0.1249294404882013,0.186838846183713,0.1007677085178869,0.1502394156759887,0.0977522888661757,0.1297998892847652,0.1263263090616081,0.1593010907637673,0.2046454546995405,0.1118614422237132,0.1767666004711542,0.101688102744741,0.1229865461246549,0.1594313044509319,0.1318659885679712,0.1610573686919704,0.0757261516293775,0.1429221112753841,0.1333011128679999,0.1038757138813498,0.0563862463940917,0.1702083229460945,0.1182409382632875,0.1297779591636147,0.1433635710382876,0.251124841930855,0.1012165684518694,0.1357060332878296,0.1387545503199162,0.1634895136952475,0.1482550779626966,0.0953686656876482,0.0960933963793448,0.174872458897669,0.17312399525001,0.1454883786576378,0.1283750624083763,0.1234374417326563,0.087272996135489,0.1184438012317334,0.1234370092686424,0.096995501063504,0.1542809293615477,0.1119648783400604,0.1572379032732523,0.1025250905029654,0.1027974010015079,0.1053492662227792,0.1418345126584083,0.152197565777185
0.0592269899497268,0.0934136730078128,0.046617042073869,0.0616103064834517,0.1133812074047034,0.0962233477754038,0.0874082803445454,0.0592872335142337,0.1107060736635215,0.0676497332458842,0.1001196169151206,0.0682409710279014,0.0585721174341865,0.0984707530994107,0.0821634866783083,0.067067502483464,0.1133866229623784,0.0625336900514039,0.0987467731856801,0.0944037904899894,0.1362370410940805,0.0,0.0857474630401314,0.0823437640427699,0.069756303792635,0.0691654623766052,0.0792798210974397,0.0740920582880785,0.067864481989173,0.1087275977666879,0.0801862715930652,0.0946323618361375,0.0538613074564515,0.0839558807353658,0.0787875628527442,0.1026907692427099,0.0668027831225186,0.0652677274146877,0.081278182213881,0.072943331030339,0.1118680302915452,0.0870975360420697,0.0736543853686144,0.110320515658458,0.0677048705965672,0.0864861911736417,0.0688751853146686,0.1028421875673686,0.0640350305073174,0.1223177977723772,0.0578915873828395,0.0979230841337093,0.0860954016151578,0.1278668457479364,0.0960654626567356,0.0699826706644432,0.1184733193211543,0.0663683789174433,0.1087229804622865,0.0813430174804383,0.0854067262756763,0.0934177700926706,0.0905305553726064,0.0719316893781255,0.0732277529774989,0.074429652860345,0.0967943060073388,0.0717460031948554,0.0642638742650056,0.1163672209619885,0.1088906735449691,0.0810504117655182,0.0797603019627836,0.0792627511163552,0.0850864443982424,0.1561984502697186,0.0590819360997692,0.0650030289509517,0.0660933480280612,0.0762249237518569,0.0580789303236021,0.1437179792779281,0.0858942315292983,0.091785507454612,0.0792703949365736,0.1489610359616177,0.0444077777196911,0.1051311902779746,0.0762950941011764,0.0832866467977588,0.0831445412001489,0.0994422001820899,0.0832708546842028,0.0534599177208852,0.0897098126284869,0.1410824246425415,0.1475592064933693,0.078232629550457,0.081150538473494,0.0903422854955223
0.0941962285248529,0.1510497208771477,0.0943484753443969,0.0896299196426703,0.1587208406561622,0.1042194781988231,0.0767675300596462,0.1061827912453946,0.0753797416219418,0.1120401921974225,0.1126905766286931,0.1097706059727239,0.0951347308792762,0.1381869755650908,0.1348167779536874,0.0905738975735093,0.1413882741060292,0.0644138302457527,0.1247434069169691,0.0935194234619285,0.1096319266704727,0.0857474630401314,0.0,0.1302798512623347,0.1269633659512915,0.0786119430143978,0.1325381381391753,0.1184249774128909,0.1183266276189453,0.073136019743016,0.0913423382824819,0.1392443243242138,0.0832605240733148,0.0748754721874972,0.0983781492932145,0.160594316708627,0.0896310984468724,0.0808607089672115,0.135732024473546,0.12565824969286,0.1199085308361637,0.0633273478953956,0.0765523295171167,0.1021278144019491,0.0950347321769554,0.1002339207190624,0.1094858387301413,0.16047493174088,0.1085176346563464,0.1484557443285687,0.0895098232837145,0.1664698815448226,0.1139361185907107,0.1795993486862158,0.0807479466162446,0.0623388490959722,0.1522288075244198,0.1163863007115163,0.1261661781280654,0.1077823470279104,0.1417442982469133,0.1172689378181362,0.1029008994981104,0.0959988599934669,0.1181164574001863,0.1097664158577765,0.0884403258280684,0.1206203932387498,0.106262955843775,0.137435209550333,0.0857992735887954,0.1255759014981873,0.0920736767349848,0.1190461821059896,0.0966008755512527,0.1954385375220617,0.0779479440470708,0.1022243845782018,0.0994226576732504,0.1270914167812222,0.0879559913792935,0.152288887591225,0.105902437495198,0.1361920182464008,0.1130900742121996,0.1901819539471042,0.0800243672784175,0.1433998145307498,0.0558477401561677,0.1146676628278506,0.0661357825802842,0.0935396085103712,0.0904889983097408,0.0637792096434512,0.1145520198834584,0.1340009583838275,0.1566952107719806,0.0931871176212605,0.1335637853766356,0.1481792610328389
0.0810082201993774,0.0737808868301143,0.0955180798756313,0.0889452882097677,0.1295363688308672,0.1428849185553104,0.1357215265556695,0.0737061185175841,0.1669170033684684,0.0685035844753466,0.1509272817704164,0.1048117067098392,0.1010343471217239,0.0826777370773868,0.0804571910508787,0.0883433344226163,0.1418581192186636,0.1027469498185926,0.1360421858514283,0.1189831896116312,0.1885590577722468,0.0823437640427699,0.1302798512623347,0.0,0.064980832145891,0.0864841747848617,0.0810435737589184,0.1083916382293712,0.0858048741559878,0.1602208433889361,0.1191463126723216,0.0858837438225109,0.1005373028248133,0.1061639783304937,0.1078031584868665,0.1011693197061316,0.0964578212457081,0.0988831374694897,0.0605945860626501,0.0538627226120898,0.1653250161326497,0.1450310552485544,0.1258664622748203,0.1484561593653354,0.1185493556033802,0.126798588838787,0.0997135217659518,0.0880336797763476,0.0865238385106205,0.1609903607312678,0.0889601452821316,0.088215136563646,0.1226565994086595,0.1225820892242476,0.1321498653408966,0.1139933768508747,0.1340961995872233,0.0922469226852672,0.0944535068371127,0.1147379728289405,0.0676256409883649,0.1264651928808626,0.1109973700664795,0.0875507833162432,0.0831802006727461,0.0648448779631925,0.1505421602931183,0.1215742341747782,0.0813538413089461,0.1627242892400955,0.1637415070723797,0.0820727636196283,0.088617730937123,0.0872681240604228,0.0797605463935967,0.1296505274368203,0.1084490548234815,0.0814357643087056,0.0702078015715371,0.0557460162327532,0.0916015216635623,0.199365706281953,0.1359363689323188,0.0837942943070639,0.077940547273015,0.1586788617733738,0.0774789753675742,0.1217025320692018,0.1214590634076708,0.107003720790128,0.1289717616646549,0.1632426748302099,0.1020629758070094,0.1082715758442062,0.0951149810721264,0.1989495439032154,0.1868585713431373,0.1352761607015018,0.0880248943527823,0.0786015917587238
0.080701628025146,0.0818879962042586,0.0861713562480895,0.0703384830324359,0.1088441844739687,0.1137181505566939,0.1202645007651713,0.0695042235183041,0.1442192827595381,0.0667642968070145,0.123797647712969,0.0868959334872753,0.0837010755768743,0.0961824057960758,0.0782468835716649,0.0817761301869461,0.1177717217364799,0.0996752043269408,0.1116359418639242,0.0996349975900316,0.1545122961214076,0.069756303792635,0.1269633659512915,0.064980832145891,0.0,0.0829102310048063,0.0821347896035649,0.0949530888631231,0.0833292793517153,0.1532587056705218,0.10078237546546,0.0754460929158312,0.0897563912542899,0.1017050490402106,0.0968170065382443,0.1045771378542598,0.0890666723761141,0.0856144710952155,0.0625145211894595,0.0756254954362344,0.1449363993342468,0.1361302936592076,0.1047373429914212,0.1215689452988007,0.102372198701978,0.101954872056623,0.0858567311238172,0.0903558007737555,0.0957063675168169,0.1378536652639881,0.0825044105941483,0.1062965128855361,0.1057157872018782,0.1165336479048506,0.1165970534698711,0.1137122745177412,0.1232645141127378,0.0899219489344146,0.094557516649552,0.0971418865343489,0.0631795872516765,0.1090559826572124,0.0878879385487073,0.0931513470788999,0.0662665263020077,0.0648570752391296,0.12930767475788,0.1071120445313236,0.0601070611039812,0.1365740812819165,0.1333095001793882,0.081653646942164,0.0738499616381859,0.0636234461338882,0.0789353927999183,0.1246615835125195,0.0850277059816374,0.0566424608674979,0.0756737438444459,0.0719360295570266,0.090038936365278,0.1661688003185043,0.1085298743292791,0.0941858241348981,0.0794204667450519,0.1441382181317789,0.0780172895472698,0.1029356232491638,0.105202563708615,0.0872222526151585,0.1329108378864716,0.1377665520433912,0.1038941249631114,0.0961953338137694,0.0814919058588097,0.1716799136817769,0.1559838527574503,0.1220998659046321,0.0732963738095423,0.0636954926841486
0.0735535248870952,0.1131478167420261,0.0842069351804842,0.0774001184097843,0.1412782339267634,0.1201707593432895,0.1087562447986496,0.0819507681501678,0.1225134372029692,0.0636708144171527,0.1296380538277881,0.107071463766315,0.0987929746719895,0.0891570541699483,0.1084224785447645,0.0677191708641233,0.1417216289510213,0.0790854344010177,0.1241277366265794,0.0875225343508369,0.1503337996987689,0.0691654623766052,0.0786119430143978,0.0864841747848617,0.0829102310048063,0.0,0.1026391694563869,0.1028012896482599,0.1106564413266146,0.112475571925482,0.0884872959995769,0.1074676703302718,0.0823107697615158,0.060833312311887,0.1009855308450949,0.1374510534138013,0.0606831445620801,0.077435924532362,0.092081970129515,0.0863405245443803,0.1444295157069428,0.0938509527572367,0.0979598656231583,0.1190170255981129,0.1047504637349422,0.1081173326686193,0.0886837487880307,0.1388461971708079,0.0839630755152143,0.1601144128090338,0.0743431679701949,0.1370732572571195,0.1108758486291409,0.1497786201762047,0.0943222223256404,0.0618776358087828,0.1597697240760274,0.1024557589141609,0.0760366857481318,0.1160199246187612,0.0946287234920348,0.1154313686775212,0.1064847476746647,0.0755049592879187,0.0817702081281114,0.0660405323953545,0.1186302976153405,0.1178535814867212,0.0699582586419321,0.1610797320244252,0.1190663930651207,0.0841333845201127,0.0920629883159426,0.0857981296943467,0.0742739776133282,0.1373266180808403,0.0887062896065823,0.0790285085123942,0.0774915094630129,0.09558910063747,0.0604326818025213,0.1819757320913471,0.1136079715446578,0.1029927242739948,0.0733700706139028,0.1805366592358443,0.0564087251702218,0.1395622380039251,0.0806043853633989,0.1080865494025477,0.0823690807943922,0.1264359217221342,0.0691832753370486,0.0659006790724016,0.0786814029557179,0.1798270201370812,0.1850694616372746,0.1026522245646417,0.1011800568219294,0.109801076851518
0.1004624171772645,0.0666479434413662,0.0978653520702418,0.1013792064297545,0.1207943803360833,0.1306314566201089,0.1184521153433459,0.0663441136599688,0.1656097875302924,0.0896848252650572,0.1356146744140962,0.0825484025506597,0.0919263059276073,0.1201264449548233,0.1000488456748856,0.0917032907831378,0.1396822276740547,0.1157591770659126,0.1389533492687585,0.1193233604853855,0.178873122629111,0.0792798210974397,0.1325381381391753,0.0810435737589184,0.0821347896035649,0.1026391694563869,0.0,0.0710593550344902,0.0958109421747023,0.15829156685087,0.1159959747598615,0.0756031382886293,0.1088125180764866,0.1162138149734143,0.0874761384872774,0.1208177588320795,0.1195887778270422,0.0976154815531783,0.0645077972708273,0.0775021530547162,0.1364562043296059,0.1304384029644305,0.1219034691561872,0.1435940336502424,0.1060978422989889,0.1065877813758908,0.1134977042915567,0.0866639213848984,0.0801997795416201,0.1282847695940658,0.09834186185785,0.0970828125566204,0.1265861804480942,0.1448605452927148,0.1378532104715532,0.1152438717270017,0.1264106308332695,0.0598707150234074,0.1240998928663358,0.0935329986234355,0.1016825472768074,0.1415854936871408,0.0832683678790029,0.0619010368921887,0.0890328316760282,0.102359952167123,0.154833690068962,0.1090588476652091,0.0804346679440191,0.1474044567023453,0.1594846107503091,0.0570242187786204,0.0823101251264077,0.0915525902284322,0.0942366445753776,0.1192090170379888,0.0999242862888197,0.0784652259327169,0.0777099354458646,0.0862741870823265,0.0895052799842532,0.1787990996419984,0.11778094412415,0.0681610242363013,0.0621538270651703,0.1297321935673405,0.0911216266821247,0.1026538671865057,0.1207555217012404,0.0959750880592522,0.1320395556668532,0.1567926944413656,0.1219569619271748,0.1044500509970416,0.0730218402591406,0.1863621798263325,0.1620699796646374,0.1381691511204019,0.0950613739453927,0.0940101368537941
0.0788295559852546,0.0807738269587275,0.0862689766610277,0.0833467998019083,0.1140278991020544,0.0842162591191503,0.1057033826848699,0.0815631720402247,0.1401473024924406,0.1033407502513115,0.0942855174171762,0.0588878982413228,0.0738008266376938,0.1453059327598526,0.1036420427959227,0.0809332174437285,0.1238509412832201,0.1076528045771018,0.1136411206931854,0.1189228773383924,0.134852103523341,0.0740920582880785,0.1184249774128909,0.1083916382293712,0.0949530888631231,0.1028012896482599,0.0710593550344902,0.0,0.0876259182448524,0.1324462291537905,0.0915012015755635,0.0873842386419512,0.0755286353186811,0.116117590783002,0.0566869509658529,0.0969373380212854,0.107057030342428,0.0780514838360164,0.0848678210119798,0.095396292558568,0.0861481052923814,0.1264868706202101,0.0881905479394181,0.1219588449881871,0.080937531693738,0.0718656972190014,0.0824805799469438,0.0836889342382425,0.0712948621214428,0.0851888435496016,0.0881066784380133,0.1020263403236977,0.0942668792877104,0.1424028266838832,0.128326996446502,0.1137991373291999,0.1108537542997249,0.0562079002375326,0.1488507942498819,0.0764901443617201,0.1156213481526826,0.110487485882421,0.0849794646231338,0.0826564386798128,0.0923345886351897,0.1085459305592337,0.1272267917942315,0.08202683364951,0.0716135595140359,0.1029020214514147,0.133008438898018,0.0740534760373113,0.0838083843111734,0.0906453251802515,0.0965650855073876,0.1485986261538973,0.0754302668360298,0.0728508200143289,0.0777281945593354,0.1005340410278329,0.0929637161184537,0.1302891771592136,0.0776850200273355,0.0590779609544217,0.0913991582515501,0.1127725239396532,0.0743800124745156,0.0998249641242136,0.1031270235158074,0.0770752267115721,0.1314574438576818,0.1262403356111711,0.1291037916960406,0.0861058925722201,0.0781003477333791,0.1405546385321218,0.1285495172397733,0.1093564443190306,0.096655957048168,0.1042835459260978
0.0693024695755871,0.0904967665613731,0.0673002602588702,0.0882805026104997,0.1031701502495123,0.0959318019108576,0.1096069486963441,0.0727225038585633,0.1289060337062766,0.1053303810388239,0.1204128526481149,0.069313548088014,0.0718675528118571,0.1224115218156675,0.0860744422008183,0.0800616559413469,0.0966631761461772,0.0990251805462867,0.0996979473924757,0.1076824963502771,0.1359785575659052,0.067864481989173,0.1183266276189453,0.0858048741559878,0.0833292793517153,0.1106564413266146,0.0958109421747023,0.0876259182448524,0.0,0.1190992021784825,0.0795904646082016,0.0978978538905507,0.0700432594217742,0.1037764495603295,0.0957000033148688,0.09575904895654,0.1090922690696084,0.0914799824293009,0.0757592941340189,0.0868236209306678,0.117358290889401,0.1201191660161625,0.1007912934013472,0.1197619336050826,0.0728742387134336,0.1025946419102337,0.0788358217980873,0.0784724049715226,0.0644367789118428,0.1097947578984044,0.0679627646405464,0.0993135744454822,0.0739835637810204,0.1258568953458707,0.1123301700383957,0.1035345598309414,0.0902049088201616,0.0791385310371262,0.1403271983019431,0.0827813860825793,0.0931021174039466,0.0915141686796704,0.1063527644404547,0.1027969155305448,0.0827619846516586,0.0976302175660909,0.101285690473751,0.0745852576787537,0.0843449834373172,0.0965551377408702,0.1269067678901078,0.0968868132221165,0.093202442278675,0.0854250031076627,0.0759570630014731,0.1722716241131306,0.0787741216835884,0.0902067995187324,0.085236940342886,0.0831783810620363,0.0902408891723815,0.1304392851595336,0.095707984194058,0.0923911562084889,0.1033735386257093,0.1360418648627485,0.0809397158810928,0.082743418436372,0.0967592935630882,0.0843534388702403,0.1174508685400507,0.1119183129696949,0.1235727670855596,0.0875564265060009,0.1077780187166561,0.1324494538649201,0.1270943142377819,0.104837230659453,0.0984757439079567,0.0885778312521873
0.103240395171737,0.1741629864419087,0.1064170512689084,0.1273693450053823,0.1675721086618892,0.1118908047454428,0.0830729142733468,0.1212497295973437,0.0843061751286786,0.1468952107263575,0.107419878704017,0.1203129230733618,0.1123025426127157,0.1511482131529432,0.1567594289921536,0.1169889284586493,0.1365630720920723,0.0893189032560009,0.121788939477753,0.1175091620557273,0.112536353772666,0.1087275977666879,0.073136019743016,0.1602208433889361,0.1532587056705218,0.112475571925482,0.15829156685087,0.1324462291537905,0.1190992021784825,0.0,0.0910431497603669,0.1602713646969309,0.086513505034211,0.0984128168997146,0.12756092115249,0.1763139496993825,0.0957346554099569,0.0974205668040682,0.1642380019834083,0.1531968850765815,0.1259896140020643,0.0652650923833972,0.0970748662649383,0.1116678284813148,0.094842505237999,0.1234491231510894,0.1147008828515907,0.1760841010916127,0.109729023762138,0.1582412267409663,0.1023125775847133,0.1822758386036906,0.117825626509697,0.1931791546557481,0.0801679092239359,0.0870409049720425,0.1584504481632656,0.14032663446776,0.1573312954021719,0.1215936141928498,0.1629080561399137,0.1049932359960575,0.1240128968708803,0.1198673236589476,0.1406474130991847,0.1398130110650611,0.0797770314496271,0.110167524226725,0.1162228119706792,0.1404578565580762,0.1000529537983385,0.157193304463006,0.1150396668733733,0.1423010588905212,0.1157305693369808,0.2361121895935602,0.1034902692491276,0.1365283458023193,0.1290613858037393,0.1580679830877988,0.0968614628694654,0.1514242564043398,0.1117736811411782,0.1489390318527211,0.1434413598958942,0.1985524680747589,0.0983028957401116,0.1591407204136146,0.0806784401303545,0.1435729837553406,0.0833353316542446,0.0619870916753112,0.1093004093315679,0.0796621891933209,0.1486560591619299,0.1271524688344154,0.1605005886230814,0.0764274413456858,0.1585313622675852,0.1779182084927013
0.0661094101701814,0.1183569076456102,0.0867104797052878,0.0842039191214074,0.0919947861347477,0.0741296069658705,0.0940391387204704,0.0941380695736848,0.0863279679454843,0.1108745173818668,0.0972649514941454,0.0829463109897398,0.0882112740266902,0.1409497037490665,0.1062905889676152,0.0884873052695617,0.0785978600159649,0.089113252022396,0.0735961089779192,0.0743328946488518,0.0943623480834709,0.0801862715930652,0.0913423382824819,0.1191463126723216,0.10078237546546,0.0884872959995769,0.1159959747598615,0.0915012015755635,0.0795904646082016,0.0910431497603669,0.0,0.0987288810963468,0.0605614967956933,0.0697040066716162,0.1002185076148926,0.1250864337125377,0.0787703335536712,0.0716710931519296,0.1087202072950818,0.1181896241050008,0.1116271678054292,0.094217928907602,0.0788259034756039,0.0604552381400106,0.073601551006676,0.0807239304521903,0.0729741043793787,0.1096385837213601,0.0768001664231047,0.1180107628927638,0.0730649970300881,0.1386197464246756,0.0727932117523072,0.1424996709338542,0.0698487301004486,0.0933181727072531,0.1145893643399327,0.1088791492708606,0.1346670448730049,0.0921520665004434,0.1060184464170284,0.0758326549498915,0.0857847386354504,0.1006833906002688,0.0857379745903544,0.1062406556426307,0.0699677751731014,0.107532500180051,0.0741460419003652,0.1227304830798176,0.082271678545518,0.1159131038118387,0.0747276483156476,0.0754540035114188,0.0749045536499453,0.1974649796447761,0.0612319500014503,0.0881386518596023,0.0852673907210666,0.1140225610518164,0.0874315194018078,0.1192867211988436,0.0871984998883182,0.1181850653757119,0.1157847715271201,0.1355571225280231,0.0726429457047118,0.0912082621525484,0.0623292869892597,0.09360463552376,0.1028225830996608,0.0890051149247168,0.1016089178168421,0.070373479286904,0.1035160054900104,0.1129822935092811,0.1265798277493536,0.0802447649342066,0.1064238524057771,0.1079770962204244
0.087793048056487,0.0785819280584241,0.1051272208741586,0.0951723471011511,0.0851524687957906,0.0938910708652954,0.1337028109469384,0.0742922941559728,0.1495839884618767,0.0975763363598576,0.1080498808121324,0.0874134671821749,0.0907081124698252,0.1390949761545794,0.0965498981932958,0.0965481041397065,0.1104609276081575,0.1244031305787376,0.1092741875273809,0.095897482489963,0.1523504026404584,0.0946323618361375,0.1392443243242138,0.0858837438225109,0.0754460929158312,0.1074676703302718,0.0756031382886293,0.0873842386419512,0.0978978538905507,0.1602713646969309,0.0987288810963468,0.0,0.0953674968768187,0.1156991401478427,0.0977560671166935,0.1042398632754,0.1146897423621259,0.0960263516548487,0.0732803656165857,0.0908514623400417,0.117157848654397,0.1507494321705111,0.1107357348939435,0.1136012438442442,0.0940479386994727,0.0836596655524639,0.0806067217167052,0.0849193742127454,0.0875045274212034,0.1023761113088458,0.0925453158496746,0.1158221074227739,0.1009785226491107,0.1208922827689949,0.1291625389930008,0.135931982056826,0.1145499843116124,0.0871845163506399,0.1325713745635045,0.0993085274323542,0.0832435597396701,0.119057322645017,0.0719947200716927,0.0939534029289499,0.0793027091330299,0.09901139822898,0.1406652908254098,0.1213931384495911,0.0725937581281275,0.1337164208414751,0.1325733435022978,0.0694039623246321,0.0667298785942905,0.0666068246751083,0.0884985594301463,0.1299473257851425,0.0851336604773107,0.0707379793736702,0.0842291019743155,0.0946064276468399,0.1101402029891941,0.1478777556657266,0.0978557002455546,0.089306023467992,0.097075265879147,0.1058520057072993,0.0953184878679006,0.0893664208117193,0.1209629687890844,0.0725324107426323,0.1544827947277231,0.1403311652156222,0.1357174592057698,0.1089752814327844,0.0765787736909199,0.1563565685319908,0.1366049634752035,0.1350075033912963,0.0756893240144535,0.0658700303184108
0.0522036987682675,0.1058382706938983,0.0580482257119949,0.0690972394975918,0.1047924830593483,0.0756724184304961,0.0841598411998776,0.0783963476108407,0.0953438339247478,0.0926087314061661,0.0879301227307426,0.064685477340259,0.0602792897866206,0.1167196466072279,0.0882554478193447,0.082244014903451,0.0947567171234632,0.0712012502598572,0.0739815058170193,0.0862198364312599,0.1073350352901522,0.0538613074564515,0.0832605240733148,0.1005373028248133,0.0897563912542899,0.0823107697615158,0.1088125180764866,0.0755286353186811,0.0700432594217742,0.086513505034211,0.0605614967956933,0.0953674968768187,0.0,0.0798320776855912,0.082167983297637,0.1094570543216367,0.069019600543161,0.0567694478794214,0.1029801179697625,0.0915272184292522,0.1017782887303472,0.0828735478932302,0.0646525964439285,0.0869184167503034,0.0536037060478864,0.0800136287973288,0.0559790555263157,0.1071329001310278,0.0696596280667464,0.1136259559100906,0.0535139456210341,0.1157843735139097,0.0670223140922704,0.1217808935432354,0.0795413361186954,0.0807538545440184,0.1042301673294337,0.0843775028640081,0.1264179488962495,0.0827317414795447,0.0960271457987492,0.0679513030182877,0.0944386525313732,0.0912486468196209,0.0813376700089072,0.0866528906522855,0.0763296500392891,0.0737846148605442,0.0650160788025952,0.1044474709832654,0.0901888911615033,0.0987106812114713,0.0704015217555892,0.0793775990847677,0.0715986807151819,0.1842701897283931,0.053059113579119,0.0828358335475479,0.0684642735741055,0.0916347352497074,0.0750908791251266,0.1222145935614135,0.0636764288745429,0.1014401032141647,0.1022521974279833,0.1384239973989097,0.0517502261912805,0.0976697465301427,0.0671395572709184,0.077700215967378,0.0846854283449538,0.0742310942932755,0.0878102143021229,0.0581617746567613,0.103962714411232,0.1186492685139754,0.1303466588948251,0.0608803730950115,0.0835539834430036,0.1037382722408466
0.0756431049632083,0.1259672051103899,0.101633438410078,0.0856954838563549,0.1334249713304794,0.1123404823384373,0.1013845187428203,0.0943677964994147,0.0972223588041136,0.0830813581980408,0.1296499584396477,0.1139752016740987,0.1085111911765437,0.115320754790208,0.112392707986909,0.0728009033004696,0.1231443888306275,0.0731917139515611,0.1032777792657643,0.0732727075693077,0.1206729013449858,0.0839558807353658,0.0748754721874972,0.1061639783304937,0.1017050490402106,0.060833312311887,0.1162138149734143,0.116117590783002,0.1037764495603295,0.0984128168997146,0.0697040066716162,0.1156991401478427,0.0798320776855912,0.0,0.1107337647319085,0.1455008602967996,0.0688338688324146,0.0792424250411201,0.1056003339107159,0.1141530611011211,0.1409981234868794,0.0733723058601636,0.0888829013216828,0.0927431249970672,0.1091813403596046,0.0957456462669905,0.1032479311555578,0.139967043887758,0.092992663267431,0.1575172224868958,0.0769633068638911,0.1553574810479809,0.104387583990479,0.1593622266075245,0.0720922224010647,0.0672813538150439,0.1514597450797394,0.1160663299996132,0.1007324812385056,0.1142667921844772,0.1081524093596383,0.1102692994937731,0.0949461455800069,0.0781623150102218,0.0896313402477916,0.0874907655987663,0.0954515796354213,0.1338863561669786,0.0823313000809867,0.1530917976722113,0.0966871013531866,0.1104882673314403,0.0860560348713566,0.0872659300062851,0.0765200144132391,0.1682253838894129,0.0851847558537723,0.0890757469438602,0.0856597933144421,0.1092149761823383,0.071090171781111,0.1652777523631421,0.120352045216486,0.1170982301864448,0.0908656536988516,0.1754391380704843,0.0727364824628891,0.1280423880400198,0.0627582590741028,0.1123608402464985,0.0736850302336429,0.1191257201765216,0.0742205818287964,0.070592518898598,0.0883791889466535,0.1628074315209192,0.1716911177319758,0.0968633558896426,0.1178366128610627,0.1197968297209639
0.0951328213536274,0.0938953997086242,0.0826469793384882,0.0758505911487322,0.1293415068541146,0.0734401217147121,0.0885008356018859,0.0820132197988269,0.1254263294011221,0.0964862555189672,0.0915058247284131,0.0675277062484699,0.0657657885932416,0.1447574978401828,0.1035001310621643,0.0750585926693022,0.1228112164255444,0.0882351007340937,0.109132883313975,0.1037460983024305,0.1165847283683658,0.0787875628527442,0.0983781492932145,0.1078031584868665,0.0968170065382443,0.1009855308450949,0.0874761384872774,0.0566869509658529,0.0957000033148688,0.12756092115249,0.1002185076148926,0.0977560671166935,0.082167983297637,0.1107337647319085,0.0,0.1109864970024595,0.1130624714916289,0.0625957924862149,0.0900811617395022,0.0977222993142438,0.0860357096196709,0.1087868810629439,0.079594686826887,0.1068550516711325,0.0847958091969121,0.0756877005933793,0.0975204344005359,0.1026464314893912,0.0873931682905219,0.0884631996347763,0.0874889661098008,0.1262805482308037,0.0977551160052772,0.1498275155197112,0.1129712752903273,0.1000230990047977,0.1184243128369995,0.0673449086683943,0.1457109131758001,0.0748642343181251,0.1252336555714643,0.1131109780621543,0.0752533188488169,0.076942521264324,0.0888298783415059,0.1047227933009483,0.121623805610578,0.0932669155625566,0.0825884974228764,0.1056250540659735,0.1118363094439117,0.0840268911852393,0.0716115022875406,0.0915680179347772,0.0940307582641095,0.1571785204483444,0.0737046100270353,0.0717741714796307,0.0720508260060803,0.0994742271322302,0.0960870001113146,0.1207415439457194,0.0715071285124621,0.0779132596279414,0.0858804017059927,0.1352542752392655,0.0735403134524765,0.100380148397171,0.091665100784762,0.0650518438657511,0.1097137462098911,0.1216993547522738,0.1200344870176244,0.0866968998615066,0.0874411073846633,0.128492135564009,0.1163524458391752,0.1070140851498615,0.1002168386979132,0.1103856413109526
0.0860437852385445,0.1015457925424271,0.0974891416968899,0.0909240781274207,0.0892750795381518,0.1093384568405232,0.1528825086293974,0.121519752928012,0.1660174849484013,0.1199897748695369,0.1146602232973945,0.0944505822409731,0.1003728599666769,0.1423863582642144,0.0907710996083059,0.1173019175264219,0.1209004936754477,0.1356459762623774,0.1134982950262822,0.1329956908368247,0.1553535693283993,0.1026907692427099,0.160594316708627,0.1011693197061316,0.1045771378542598,0.1374510534138013,0.1208177588320795,0.0969373380212854,0.09575904895654,0.1763139496993825,0.1250864337125377,0.1042398632754,0.1094570543216367,0.1455008602967996,0.1109864970024595,0.0,0.1264000733972884,0.124932166142795,0.0901204749549147,0.0952865229968079,0.1167818837364589,0.1634794699395684,0.1179588736953766,0.1426114119245574,0.1055612156801309,0.1098908236088725,0.0833036067682422,0.0859989004941426,0.1019241733140955,0.1068598573797483,0.1044655308482254,0.0849037010384225,0.0840386992023194,0.0854068468867341,0.1663886140529062,0.1577121187308406,0.0812859014374377,0.1105314232008796,0.1663194855126003,0.1043056321307689,0.1079171711709044,0.1270755103702593,0.1418894614422919,0.1410213574271235,0.0958626746788262,0.1113080563081035,0.1586422840752671,0.0906272318950445,0.0976404275864119,0.0922191508425933,0.1464071676125774,0.1156359781551256,0.1318856178909917,0.1044099901343452,0.1255498379796753,0.1784179381041374,0.1033306912390586,0.1085744187453404,0.1115487381313045,0.0946910144257054,0.1270546858665977,0.1152059364509408,0.109996295539498,0.1136197978438272,0.1329862528805878,0.0974380798797009,0.1046922629620305,0.0966728428661551,0.1389723980362758,0.0918260080434834,0.168453471770522,0.1458777127417986,0.1492057811628436,0.1218796467996066,0.1325018332444137,0.1319270916948509,0.1221840154611618,0.1329682615220206,0.0901870403809461,0.0759416284959009
0.0589876914616186,0.1246749970240746,0.0745706064149151,0.0738241040954795,0.1383488997385935,0.1173160904811871,0.1120254319103567,0.0928913623852933,0.0992942152889589,0.0857252935372185,0.115731454301527,0.113173458435899,0.0990819706694773,0.0961714448120239,0.1026553585509418,0.0980820988121419,0.1272773776213021,0.071906920984508,0.1055854920928033,0.0829582862697109,0.1306541847340373,0.0668027831225186,0.0896310984468724,0.0964578212457081,0.0890666723761141,0.0606831445620801,0.1195887778270422,0.107057030342428,0.1090922690696084,0.0957346554099569,0.0787703335536712,0.1146897423621259,0.069019600543161,0.0688338688324146,0.1130624714916289,0.1264000733972884,0.0,0.0832102520750832,0.1064611488412169,0.0874034606014127,0.1423772255792442,0.0796948191276316,0.0886575767378234,0.1040364386365087,0.1009606627155046,0.0969017528207788,0.081072794103694,0.1460959665163451,0.091395111810994,0.1647825757646436,0.0691753919371184,0.1310444837845601,0.0957720023833316,0.1315425203079576,0.0780672080852675,0.0796504493516122,0.154079277614852,0.107800308232564,0.1065553988874477,0.1206810131340455,0.091743076098626,0.0800189828099918,0.1159787749659516,0.101121212203212,0.0866849276156706,0.0678971111056927,0.0969923923519396,0.1091364193449703,0.0741946333838631,0.1501837669962255,0.0977343238149474,0.1046937923866403,0.0997832811684081,0.0949880359154426,0.0972018669481022,0.1734067267776891,0.0860901315307537,0.0897467111817187,0.0869875963887963,0.0904711396360373,0.0682538851503955,0.1686507560939767,0.1123881164361557,0.1238138986648494,0.1086495349388372,0.1788223090367598,0.0556374581415042,0.1337318154202942,0.0667073430981397,0.1176638709614202,0.0827923161786887,0.104798524190737,0.0526386908268164,0.0589074124058136,0.1053210723987443,0.1623055046078219,0.183029116536496,0.0681419837559465,0.0939124762610403,0.1149933271077889
0.0782754363932858,0.1038709520371852,0.0707286785726543,0.0744025627440253,0.1126407087145146,0.0767624559175153,0.0684143053955758,0.0718541471272308,0.103452535184028,0.0773891201711093,0.0842047925785537,0.0678476174304786,0.0625754582692104,0.1248297213096948,0.0933063860639807,0.0694671923268734,0.1002009609566006,0.0687666936570034,0.088548385108877,0.0865269759778067,0.1112598534257026,0.0652677274146877,0.0808607089672115,0.0988831374694897,0.0856144710952155,0.077435924532362,0.0976154815531783,0.0780514838360164,0.0914799824293009,0.0974205668040682,0.0716710931519296,0.0960263516548487,0.0567694478794214,0.0792424250411201,0.0625957924862149,0.124932166142795,0.0832102520750832,0.0,0.0966887690823374,0.0973945658075354,0.1055039549456614,0.0927700221038452,0.0713932694468527,0.0898493203178383,0.0641609231343627,0.0816824891874468,0.074766396753983,0.1120050372928405,0.071949220048825,0.1051351357343791,0.0766517838201627,0.1213803852751246,0.086685940967989,0.1416510311317517,0.0799396753148975,0.0773593463186462,0.1188778668852474,0.0828669105563138,0.123012708681117,0.0799275450825549,0.1087867701933947,0.0901871830492806,0.0709319833538144,0.0692708219536571,0.0834233505870794,0.0881054120870724,0.086813649915974,0.0941254176177588,0.0724823627417016,0.122630977554659,0.0955725673869423,0.0886730274263638,0.056527409176507,0.0766255085401614,0.076902300655177,0.1670253895516213,0.0524980547125689,0.0731855537980672,0.0525943898745994,0.0917121252541427,0.0701541459112191,0.127802193492208,0.0666667949380997,0.087622716334034,0.0834421203773537,0.1332350098235601,0.0576152667221654,0.0952658642886891,0.0790650476979535,0.0785226628938325,0.0860814526832833,0.0898795434560824,0.0926101817072158,0.0645645489194088,0.0926498574234989,0.1281862109057374,0.1287479550697138,0.0821281447856712,0.0932202967532983,0.1101643050354947
0.0851121358241004,0.0563404764025467,0.096107656961581,0.08157365584053,0.1054576256133506,0.1165668775437978,0.1303027510173372,0.0718715109114278,0.15835260182954,0.0729304246304378,0.1328250162296857,0.0870605610020937,0.083142376651772,0.1176141483047863,0.0755870057689155,0.0748079579297696,0.1239846542572062,0.1112613232397423,0.119960661943582,0.0985366254585188,0.1695577373309667,0.081278182213881,0.135732024473546,0.0605945860626501,0.0625145211894595,0.092081970129515,0.0645077972708273,0.0848678210119798,0.0757592941340189,0.1642380019834083,0.1087202072950818,0.0732803656165857,0.1029801179697625,0.1056003339107159,0.0900811617395022,0.0901204749549147,0.1064611488412169,0.0966887690823374,0.0,0.0589714054572542,0.1384372578901044,0.1459538115027982,0.1207223752496041,0.1260264712815367,0.1115889173923787,0.1067426731225382,0.1007525192601156,0.0608236262154974,0.0769541997876017,0.1199098139960189,0.0877194626964167,0.0971087417013461,0.1113658060411587,0.1223493966838178,0.1375129401321677,0.1242570550438019,0.1106601507953384,0.0700550367940674,0.1179080922029196,0.0886090176958974,0.0821096744846588,0.1296367316740512,0.0949838545658385,0.0870791935759433,0.0673003368121424,0.0774729997428405,0.1535951443303532,0.1101677285350424,0.069686619308023,0.130313407576947,0.1434775028843392,0.059360451752977,0.0866929514187611,0.0697702245362829,0.0868920538565288,0.1253446510578106,0.0940326331335685,0.0652485192672155,0.0749426647656577,0.0686481629983763,0.0941985075432186,0.1653343320294275,0.1165074179555407,0.080978236980605,0.0741612973984141,0.1240975677047154,0.0856216259942333,0.0884568764574884,0.1177341546135586,0.072647802070448,0.1445114980305828,0.1645871064442901,0.121364945190076,0.1061192321632506,0.0727097349054022,0.1780409097182748,0.1494668859902071,0.1407414155100328,0.0769334567863111,0.0624910653233152
0.0676772888523697,0.0784649082396117,0.0802333105651758,0.0782900496698207,0.1327916321176163,0.1259932522390686,0.1340729082997009,0.0778942707694848,0.1555502480649376,0.0796708491495117,0.1259162609203151,0.0990742452943853,0.0872107281368969,0.0889075353421689,0.0863780211973386,0.0917856480653102,0.1432364920952262,0.0990917192069129,0.1324227157784936,0.1143573371537418,0.1771779311142823,0.072943331030339,0.12565824969286,0.0538627226120898,0.0756254954362344,0.0863405245443803,0.0775021530547162,0.095396292558568,0.0868236209306678,0.1531968850765815,0.1181896241050008,0.0908514623400417,0.0915272184292522,0.1141530611011211,0.0977222993142438,0.0952865229968079,0.0874034606014127,0.0973945658075354,0.0589714054572542,0.0,0.1426874275882058,0.1275203602774814,0.1103138458625461,0.1469193290785922,0.1105011360493933,0.1122002604299507,0.0892718023275555,0.0941197631802787,0.0825615730173866,0.1463471518996882,0.0776688189039654,0.0866767961243465,0.1077349889308812,0.1220531873993366,0.1381440822859869,0.1094016790576611,0.1298948378034984,0.0680810871181838,0.1147030029100336,0.1149827134344111,0.0791210085810636,0.1188120353773256,0.125779059806164,0.08393830811087,0.0827017514472051,0.0709608969639748,0.1510614606410261,0.106848723620634,0.0752449579382925,0.1480746573610953,0.1454357953362635,0.0765279750077622,0.0971894645207661,0.0954290531082859,0.096005708066201,0.131722097129132,0.0982427429328491,0.0738557534898539,0.0799106439124619,0.0745125106349193,0.0828016932624939,0.1833201325259672,0.1184390107377021,0.0879569480563782,0.0727544116647814,0.1502258614221684,0.072352764143835,0.1203947601984921,0.1142569503632481,0.0863286139661043,0.1227171536894194,0.1515281641799451,0.0916493475921944,0.0939254897865791,0.0995663218764116,0.1827542364266781,0.1805021547201982,0.1211330906400721,0.0791248473621266,0.0787676653311981
0.1166325850032768,0.1348205090565353,0.1079299719884284,0.1183356186666074,0.1229940771546949,0.0627514672945591,0.1218640343254499,0.1192270800078506,0.1272552277503267,0.148652615401413,0.0646358492731207,0.0923943753777772,0.0984409174043826,0.2034001641163244,0.1481741757639725,0.1155507811183581,0.1333874584082066,0.1243850899092461,0.1161589458769441,0.1320714635579772,0.115259872831914,0.1118680302915452,0.1199085308361637,0.1653250161326497,0.1449363993342468,0.1444295157069428,0.1364562043296059,0.0861481052923814,0.117358290889401,0.1259896140020643,0.1116271678054292,0.117157848654397,0.1017782887303472,0.1409981234868794,0.0860357096196709,0.1167818837364589,0.1423772255792442,0.1055039549456614,0.1384372578901044,0.1426874275882058,0.0,0.1323339533840832,0.0940570595422449,0.1165291861716513,0.0899453282583795,0.0712176820121586,0.0969883041269478,0.125182849378171,0.1088454852498083,0.0711638741789164,0.1054562803266268,0.1365193776957552,0.1009835840012943,0.1598531170116786,0.1355106474920664,0.1386719490848951,0.1166773678391988,0.1039671211532678,0.2067907635007416,0.1076196740750798,0.1577435414347403,0.1204366814369274,0.1051556298420495,0.1229731996576617,0.1270345989496605,0.1609860033012046,0.1253188067306642,0.1034703094148612,0.1176835240904643,0.1023178362121457,0.1131181616352555,0.1290357652409454,0.1041470842848956,0.1219643335272546,0.1408096161169905,0.2090157744557084,0.0946522078289913,0.1069756502470893,0.1212737236189382,0.1541974151196673,0.1358249195731776,0.0979471326329129,0.079314950298421,0.1274106663293294,0.1436437682995546,0.1177140964202798,0.1184817599068953,0.1099169347826393,0.1161287349033808,0.0879831209700474,0.137635722763629,0.1080471072746086,0.1612569113953507,0.1108413654851463,0.121275308587115,0.096397218287019,0.1080133823373062,0.1157083443340787,0.1292876357803371,0.1452308637394548
0.0962013817373913,0.1577700429448839,0.0879596673250927,0.0965086662933629,0.1668538297451362,0.1163286396039896,0.0845825013851927,0.1105502471514064,0.0809411211204086,0.1214307980263975,0.1211057867130916,0.118167802748545,0.1034409885217291,0.1285920979984003,0.1401775424021091,0.1025102688891992,0.1474807398300185,0.0807858419084323,0.1214761798773139,0.1066402697720235,0.1087856167710334,0.0870975360420697,0.0633273478953956,0.1450310552485544,0.1361302936592076,0.0938509527572367,0.1304384029644305,0.1264868706202101,0.1201191660161625,0.0652650923833972,0.094217928907602,0.1507494321705111,0.0828735478932302,0.0733723058601636,0.1087868810629439,0.1634794699395684,0.0796948191276316,0.0927700221038452,0.1459538115027982,0.1275203602774814,0.1323339533840832,0.0,0.0781691693456941,0.1075776898940463,0.1055248408013432,0.1089633940671045,0.1146086855606247,0.1694090345357218,0.1103264548970434,0.1680890535662118,0.0912941038881528,0.1656003785168761,0.1174997155581129,0.180624238781749,0.0785706817926846,0.0583022105265328,0.1654434735848675,0.1185382093530532,0.1355955522222264,0.1174985803222315,0.1511243804700142,0.1128766401761386,0.1183823595552621,0.1000981190733519,0.1256492288726113,0.1203712908055092,0.0874199909468867,0.1122593417081218,0.109468133429045,0.1489309723004231,0.0936821563532247,0.1352678050592999,0.107325297984294,0.1265793583975436,0.1094881598410044,0.2083326484826526,0.090214851314365,0.1157799894969198,0.1150007379759377,0.1393925132361065,0.067779652312627,0.1660017651810736,0.1175072218643708,0.1382145858286718,0.1181566149375532,0.1992402021054896,0.0836260150636718,0.1531385849312858,0.0634807537635687,0.1296197376608811,0.0537328990433166,0.0836160615590501,0.0819519664984453,0.0594165180378555,0.133140375888167,0.1490545710958451,0.1779654076450079,0.0776581777006504,0.1437624659466185,0.1601216897114836
0.076583009069448,0.1282517402781671,0.0761165171870242,0.0644373712635476,0.118096107866801,0.0724906376215341,0.0674641544324029,0.1009342368470067,0.0795800861240201,0.1058991344363828,0.0754017656208231,0.075840777408613,0.0662708817325057,0.148295609861221,0.1008580383828417,0.0907222194272184,0.1086887687120663,0.0656635906069086,0.0784631569012423,0.0981144697646375,0.0861305425338276,0.0736543853686144,0.0765523295171167,0.1258664622748203,0.1047373429914212,0.0979598656231583,0.1219034691561872,0.0881905479394181,0.1007912934013472,0.0970748662649383,0.0788259034756039,0.1107357348939435,0.0646525964439285,0.0888829013216828,0.079594686826887,0.1179588736953766,0.0886575767378234,0.0713932694468527,0.1207223752496041,0.1103138458625461,0.0940570595422449,0.0781691693456941,0.0,0.0857608784800773,0.0750063518501808,0.070899797897734,0.0760223902405927,0.128182331109215,0.0934515718730691,0.1138178738536511,0.0705686818379748,0.1283793109414662,0.0799988687282715,0.1320079608293481,0.0930759561540209,0.095143769531574,0.1141107691793581,0.099252158754442,0.1529593334722397,0.0713637962614687,0.1255210072083784,0.0868546882265647,0.0933708405163049,0.0974463810108444,0.0941684526095759,0.1109329624060422,0.0801897516428213,0.0927685828209568,0.0764614612530523,0.0982741507958254,0.0745447909891518,0.1126333088286951,0.0807572154317637,0.0955210657532798,0.103272581601772,0.1968622247899499,0.062562579667137,0.0860608707544987,0.0878703836076098,0.110670406009445,0.0946280139479326,0.1097968924442537,0.0676861548217789,0.1190512318895057,0.115984369276107,0.1434316327918793,0.0707645122245726,0.1102978703498585,0.0671351850574597,0.0884113643398464,0.0863246827874555,0.0825108119332113,0.1051997281019568,0.067720500421359,0.1162824561798785,0.1006149149979666,0.1183224696492513,0.0699851872065905,0.0940003572975971,0.1214528366355788
0.1002397340723349,0.1319471819031397,0.113258161523011,0.0919208534291744,0.0896436115012068,0.0761676029968547,0.1011766217590452,0.1246274147644754,0.0859631106763815,0.1215083710319819,0.0971386235834088,0.1108078601135843,0.1020000576527148,0.1769203738549944,0.100075437135187,0.1180413515132607,0.0721482626874808,0.1017880262475298,0.0642188162733429,0.0642071948419655,0.0757243784595738,0.110320515658458,0.1021278144019491,0.1484561593653354,0.1215689452988007,0.1190170255981129,0.1435940336502424,0.1219588449881871,0.1197619336050826,0.1116678284813148,0.0604552381400106,0.1136012438442442,0.0869184167503034,0.0927431249970672,0.1068550516711325,0.1426114119245574,0.1040364386365087,0.0898493203178383,0.1260264712815367,0.1469193290785922,0.1165291861716513,0.1075776898940463,0.0857608784800773,0.0,0.1051339078792926,0.0912657994974816,0.0999422851849623,0.1321906313089116,0.1158622560881708,0.1244822601975781,0.0982708823612055,0.1747637316344187,0.0890188689789022,0.1354264767221525,0.0808077498820998,0.1128837463458636,0.1244030074245503,0.1385037286073103,0.1602781139321091,0.1022972181368307,0.1323321939627955,0.0953710615365353,0.0891419155032456,0.1248980845822993,0.0887208746392493,0.1258902524527935,0.0823477139935418,0.1383270411989874,0.0995854733296236,0.1248834823115868,0.0627216760150078,0.1371719617913193,0.0834293930626453,0.0921071664660107,0.1051566784765679,0.2123517244496829,0.0877576800611072,0.1093777484271428,0.1023679865145583,0.129595199501063,0.1237300969445044,0.113762085101246,0.0981942378287602,0.1506277958474146,0.1395453065940986,0.1276435804201261,0.0979580315138289,0.0905776398237127,0.079656679308219,0.0938376337180601,0.1138785824624211,0.1041964112391124,0.1251949128378364,0.0947663969220655,0.114892812837261,0.1168205519449857,0.1068677362856593,0.0983772569950467,0.1081154581982809,0.1124702166108017
0.0757003669179367,0.1086299782943686,0.0655625926130438,0.0914868250394743,0.0943799778937508,0.0784899774978127,0.0796485559760102,0.0741370816643244,0.1010052440085456,0.1102937186100558,0.0847155551762931,0.0529621736894733,0.0633724414252094,0.1371814988894111,0.1034582845150746,0.0952730223131359,0.0929035014477723,0.0848537670350038,0.0847823717406467,0.1057260493388406,0.1107132589598831,0.0677048705965672,0.0950347321769554,0.1185493556033802,0.102372198701978,0.1047504637349422,0.1060978422989889,0.080937531693738,0.0728742387134336,0.094842505237999,0.073601551006676,0.0940479386994727,0.0536037060478864,0.1091813403596046,0.0847958091969121,0.1055612156801309,0.1009606627155046,0.0641609231343627,0.1115889173923787,0.1105011360493933,0.0899453282583795,0.1055248408013432,0.0750063518501808,0.1051339078792926,0.0,0.084574313938504,0.0537839476901029,0.1019984138904883,0.0658504643886267,0.0860173856880206,0.0762872724051107,0.0968637041370914,0.069522065255226,0.1298193368941534,0.0931984648199194,0.0980702438920675,0.0898480232585697,0.0877905615616436,0.1551535743182601,0.0772045101357059,0.1136020898966855,0.0814212560779931,0.0905735292133697,0.1001494230409516,0.1000146880710373,0.1100770125935027,0.0748284385094402,0.0694453609782959,0.0749641557203795,0.0962692656093658,0.0996131260097233,0.1048386916987677,0.0751863187887608,0.0916989510592824,0.0886933438758087,0.1927623249287858,0.0606140312537652,0.0940582518009237,0.0729273124959848,0.101372637749087,0.0913135662751533,0.1073428547275632,0.0597881202137891,0.1050764575194894,0.1093533905322351,0.1209958486614926,0.0754875185289197,0.0917233138664328,0.0859555743886625,0.0847075815183882,0.0987223208380292,0.0688726856347695,0.1159813862176161,0.0783623916192282,0.114830095498184,0.1020876513242937,0.1115927235217717,0.0750323757110674,0.0853448414934091,0.109361466638238
0.0853761773974651,0.1088807434468211,0.0896341007399333,0.075082206804656,0.107849841751217,0.067459178179591,0.1018986996383181,0.0916465784358628,0.0999354548860253,0.117594741963041,0.062680460592163,0.0868149744348668,0.0896739361154629,0.1595021705299233,0.1130001443124567,0.0844004565415706,0.1088488530941607,0.0952814975433447,0.0929175834365262,0.0962952570361851,0.096535359884246,0.0864861911736417,0.1002339207190624,0.126798588838787,0.101954872056623,0.1081173326686193,0.1065877813758908,0.0718656972190014,0.1025946419102337,0.1234491231510894,0.0807239304521903,0.0836596655524639,0.0800136287973288,0.0957456462669905,0.0756877005933793,0.1098908236088725,0.0969017528207788,0.0816824891874468,0.1067426731225382,0.1122002604299507,0.0712176820121586,0.1089633940671045,0.070899797897734,0.0912657994974816,0.084574313938504,0.0,0.0752993918462572,0.113342336368422,0.0966440849735348,0.0939333062716507,0.0835102321934694,0.1306201324969769,0.0920122358759431,0.1392240561596325,0.1065362056701325,0.1067265898334176,0.1261861260606765,0.0821758713062651,0.1656289659795402,0.0946869145279596,0.1216897490784599,0.1025607658954027,0.0757728176684307,0.0927785863035906,0.08797266197764,0.1201019475676824,0.0956898986169801,0.1045014065191683,0.0828533304381392,0.1150916186631776,0.0932319145879121,0.0997856487105127,0.0759323455842331,0.079569236394706,0.1181128375786722,0.1759516004536185,0.0698208145661081,0.0689130385130209,0.0926604930417768,0.1184501498880093,0.0954518634930158,0.1140560347030416,0.0777765081639892,0.1040709429311684,0.1138807422293223,0.1206692373160483,0.0874229373770545,0.0896781247239412,0.0808568247257111,0.0753262226067527,0.116322101953633,0.1084247994323228,0.1271573481559579,0.0799688513765874,0.0867318207148865,0.1113900607233677,0.1229758055219597,0.1051312363902199,0.0918853601333145,0.1059306318627439
0.0533218734462612,0.1000395970159032,0.0642097635558846,0.0724956762584246,0.0784888167760142,0.07554678851662,0.1065988262057714,0.0827422449132037,0.103490247138773,0.1003906330767711,0.0703905082602353,0.074695110549503,0.0737400909553042,0.1259779834072996,0.0831230399310102,0.0952262995104039,0.0882139903479825,0.0900016039897008,0.0772418695212064,0.0922643745680459,0.1176911522783005,0.0688751853146686,0.1094858387301413,0.0997135217659518,0.0858567311238172,0.0886837487880307,0.1134977042915567,0.0824805799469438,0.0788358217980873,0.1147008828515907,0.0729741043793787,0.0806067217167052,0.0559790555263157,0.1032479311555578,0.0975204344005359,0.0833036067682422,0.081072794103694,0.074766396753983,0.1007525192601156,0.0892718023275555,0.0969883041269478,0.1146086855606247,0.0760223902405927,0.0999422851849623,0.0537839476901029,0.0752993918462572,0.0,0.0996327653184129,0.0718702366210695,0.0962802466882975,0.0664399736582235,0.0965945613976702,0.0574206285357301,0.1012824306889602,0.1078839935103715,0.1069121841405297,0.0956892766472979,0.0928303577900641,0.1410976597931976,0.0936083522210624,0.0935031455905245,0.0713777560037804,0.1029894485193022,0.1083070105259712,0.0803528903156236,0.0882591729436241,0.091637115924689,0.0774998539049124,0.0679797980216719,0.1026871263943043,0.1015127500041132,0.0962271226111169,0.0786238519688617,0.0712896511945438,0.0886208996422164,0.181922689009553,0.064591234872538,0.0839203967339167,0.0705809034891955,0.0890429553163808,0.0892877875788962,0.1182520339298098,0.0702761125083743,0.1035034324793321,0.1086907407447975,0.1105222504740543,0.0616179936223068,0.0893600643479183,0.0885684679233728,0.0805001165297749,0.1150488923687164,0.0822531253679444,0.1074584791929437,0.0743747005838326,0.1088827720945943,0.1153790713087155,0.1248525614569277,0.074633277074794,0.0715557598024168,0.0834363412829775
0.0985566255385758,0.0576582668899188,0.1079993252554662,0.1020992192839633,0.0969181531790239,0.1090139392729915,0.1434152498179057,0.1038425545541212,0.1686041974026345,0.1089267993744973,0.1342735191152912,0.0764137670298501,0.0879267783989658,0.1570990207027812,0.0869710668813979,0.1073934616770911,0.1135693675404131,0.1405122580135626,0.1144432768651181,0.1291469828968803,0.1586516192892455,0.1028421875673686,0.16047493174088,0.0880336797763476,0.0903558007737555,0.1388461971708079,0.0866639213848984,0.0836889342382425,0.0784724049715226,0.1760841010916127,0.1096385837213601,0.0849193742127454,0.1071329001310278,0.139967043887758,0.1026464314893912,0.0859989004941426,0.1460959665163451,0.1120050372928405,0.0608236262154974,0.0941197631802787,0.125182849378171,0.1694090345357218,0.128182331109215,0.1321906313089116,0.1019984138904883,0.113342336368422,0.0996327653184129,0.0,0.0931281545746047,0.0974832180886763,0.1092100403484428,0.0821149158839269,0.0957765746632135,0.1240905784870637,0.1540747306518977,0.1574387496620693,0.0865844897246665,0.0853319392807412,0.1540091188362258,0.0863242857839758,0.107523746422357,0.1319425466623331,0.1066064199715169,0.1279553908820733,0.0973625593741935,0.1181099260959889,0.1528326701104087,0.098225813511806,0.0941499111326581,0.1106360097805673,0.1517256525735227,0.0934826137282781,0.1052174828855879,0.0893034124554927,0.0973707338480553,0.1638800977723738,0.0971563989818662,0.0911849964765461,0.0941077210973857,0.0872418761392259,0.1305422957901628,0.1446156982103221,0.1046806279111897,0.0864567846875459,0.1083829918087888,0.1050409076721934,0.1087826700452032,0.0815305511531649,0.1390817351617035,0.0837321034558431,0.1721343407037929,0.1573196477678321,0.1644109485617909,0.1242059912543951,0.1017299438584366,0.1596123117643201,0.1273173363886438,0.144587083006686,0.0929163964860324,0.0738753072641661
0.0668035146473993,0.0860976431961284,0.0668682328915918,0.0987002562244507,0.1041373886696996,0.0932612814418748,0.0948937861178935,0.0590225356731793,0.1262859318316185,0.0928994028356381,0.1032144244111105,0.0665006175713593,0.0684746882050801,0.1181953523425934,0.0905838838150011,0.0739627623296338,0.1037518251466963,0.0889088403882819,0.0942898743410956,0.1071662727075158,0.145697937466702,0.0640350305073174,0.1085176346563464,0.0865238385106205,0.0957063675168169,0.0839630755152143,0.0801997795416201,0.0712948621214428,0.0644367789118428,0.109729023762138,0.0768001664231047,0.0875045274212034,0.0696596280667464,0.092992663267431,0.0873931682905219,0.1019241733140955,0.091395111810994,0.071949220048825,0.0769541997876017,0.0825615730173866,0.1088454852498083,0.1103264548970434,0.0934515718730691,0.1158622560881708,0.0658504643886267,0.0966440849735348,0.0718702366210695,0.0931281545746047,0.0,0.1106957483274369,0.0594934766339448,0.0996627196202491,0.0852409630311313,0.1301380578423122,0.1005314188748449,0.0952323997653047,0.1071892654511931,0.0759727883338342,0.1341496302101798,0.0767756433077296,0.0932404750210985,0.0905603891049666,0.0852362760952652,0.0744994688517955,0.0816386659987013,0.0967108410010671,0.1049597175727253,0.0867285781533537,0.0660796678728716,0.1173554905259262,0.1225744602080529,0.0756619372315249,0.0796086106052136,0.0813642705098196,0.0775468593176992,0.1581641718441065,0.0729174770821633,0.0886761826715677,0.0683803668587612,0.0909809787863371,0.0766472933542183,0.1393562173394989,0.0877236035948244,0.084767062240341,0.0867392662890116,0.1293853208130825,0.0649936968862699,0.0905107137407533,0.093351351624772,0.0846492779318705,0.099615244866439,0.1088660099150677,0.1014383633295458,0.0802753373290683,0.0963959989740264,0.1378967259572479,0.1392031441379398,0.0950833787836364,0.0941629566259323,0.1019767166088004
0.1248225187661093,0.1171129374055598,0.1231645833571596,0.1248896602663108,0.0946883268650167,0.074841669548712,0.1305174463200827,0.1255606767109704,0.1512889525435487,0.1487907767870657,0.0813175060790772,0.086911293674791,0.0909871173707059,0.2086887563287304,0.1239836296942351,0.1279510370504877,0.101995518372732,0.1346492255853981,0.1073076239252362,0.1257880427264472,0.1212935395355784,0.1223177977723772,0.1484557443285687,0.1609903607312678,0.1378536652639881,0.1601144128090338,0.1282847695940658,0.0851888435496016,0.1097947578984044,0.1582412267409663,0.1180107628927638,0.1023761113088458,0.1136259559100906,0.1575172224868958,0.0884631996347763,0.1068598573797483,0.1647825757646436,0.1051351357343791,0.1199098139960189,0.1463471518996882,0.0711638741789164,0.1680890535662118,0.1138178738536511,0.1244822601975781,0.0860173856880206,0.0939333062716507,0.0962802466882975,0.0974832180886763,0.1106957483274369,0.0,0.1233954852927803,0.1305192978435155,0.092510819026298,0.1426842986034409,0.1485903662845847,0.1645026250116688,0.0876701068416743,0.1066710190431029,0.207776091023925,0.0913314420437362,0.1568214950392591,0.1254232397169242,0.1031014479675164,0.138546928838,0.1142280201933241,0.1550344039400441,0.130593420997003,0.1127330624413103,0.1190623869926051,0.0755878750953761,0.1185375933655921,0.1181793619144732,0.1036084643956073,0.1110724528991744,0.130635989138672,0.2057544735627647,0.100411215392859,0.1155911470166053,0.1161236950120506,0.141380458091313,0.152394377207009,0.087379044870812,0.0797741989673365,0.1219965803015901,0.1434481667989147,0.0831515050018908,0.1300273976322197,0.0823135587075402,0.1354243449689252,0.0785516263402643,0.1705070112690857,0.1240453347126614,0.1841916190834177,0.1340082747468615,0.124216764353576,0.0969376692425418,0.077787701350979,0.1444872860203826,0.1201816248982566,0.1140173109948441
0.0488767849029204,0.096030272801258,0.0516550710325672,0.0689306100461168,0.1064141029828852,0.0799931020011082,0.1011380587695187,0.0743939915619664,0.1076380264417658,0.0867678733115682,0.0964076459907379,0.0789102953656944,0.0672735844346231,0.115649383548829,0.0837431582019257,0.0795046155772492,0.0994740111479479,0.0733859947894672,0.0787841505247528,0.0817714045373991,0.1249294404882013,0.0578915873828395,0.0895098232837145,0.0889601452821316,0.0825044105941483,0.0743431679701949,0.09834186185785,0.0881066784380133,0.0679627646405464,0.1023125775847133,0.0730649970300881,0.0925453158496746,0.0535139456210341,0.0769633068638911,0.0874889661098008,0.1044655308482254,0.0691753919371184,0.0766517838201627,0.0877194626964167,0.0776688189039654,0.1054562803266268,0.0912941038881528,0.0705686818379748,0.0982708823612055,0.0762872724051107,0.0835102321934694,0.0664399736582235,0.1092100403484428,0.0594934766339448,0.1233954852927803,0.0,0.1140310340261913,0.0667361663439383,0.1127393910160909,0.0864367496449857,0.0877078772974548,0.1124184554282296,0.0865034515287128,0.1260732721106635,0.0833069209487752,0.0817707923780708,0.0739227265640715,0.0993775940359751,0.08152552282458,0.061966272764847,0.0810716551960815,0.0995964536374308,0.082000224735093,0.0602677430627106,0.1081017538519396,0.0935366081625093,0.0921517104486895,0.0763074227121965,0.0760325050661832,0.082662488256963,0.1702344605909537,0.0636867078905287,0.0781887744933048,0.0737536002280207,0.0832877767685494,0.0800916787665571,0.1333142252860177,0.0815877771567577,0.1103759138736859,0.0955591771240432,0.1433351112884492,0.05471607403901,0.096935432102169,0.0733404620515841,0.0723300405438943,0.0895509831984046,0.0966207324029942,0.0760504468667708,0.0642844921860188,0.0947582434908926,0.129438876584702,0.1357297911335205,0.0760546854724889,0.0819776803757161,0.0933644866747198
0.104069317070753,0.0827845273330094,0.0936700175995281,0.1134467553017201,0.120177343651168,0.1404689026860276,0.1448286488639552,0.1045779950127571,0.181022236631523,0.115731287989366,0.1355155998793157,0.0904478930891529,0.1071521369000716,0.1323189918255712,0.1040482493913005,0.1230658790735686,0.1544230765263974,0.1380238754554592,0.1444095877792325,0.1674399831798939,0.186838846183713,0.0979230841337093,0.1664698815448226,0.088215136563646,0.1062965128855361,0.1370732572571195,0.0970828125566204,0.1020263403236977,0.0993135744454822,0.1822758386036906,0.1386197464246756,0.1158221074227739,0.1157843735139097,0.1553574810479809,0.1262805482308037,0.0849037010384225,0.1310444837845601,0.1213803852751246,0.0971087417013461,0.0866767961243465,0.1365193776957552,0.1656003785168761,0.1283793109414662,0.1747637316344187,0.0968637041370914,0.1306201324969769,0.0965945613976702,0.0821149158839269,0.0996627196202491,0.1305192978435155,0.1140310340261913,0.0,0.1113439219858083,0.1194299289497782,0.1701046146471043,0.1492096231870139,0.1004926127879994,0.0987099464621192,0.1662523572604438,0.1118604074014929,0.1151046188339373,0.1341770628091901,0.1445567590544176,0.1298286714346206,0.1237869893867273,0.1119682908255828,0.1554609843052457,0.0939979293929373,0.1094736399152182,0.1312396014829314,0.1752323399066463,0.1057275045349868,0.1289255033315217,0.1233880981115154,0.1345314815207376,0.182195413092202,0.1094138190290545,0.1165383376622101,0.101054286678368,0.0828328188270739,0.1220513193407284,0.1649166339703447,0.1167009269449378,0.104659608367099,0.1168707572008651,0.1198892374156229,0.1143263411501455,0.1208195534181426,0.1526189005405963,0.1191316137471801,0.1590915433321063,0.1494258793993426,0.1415148452329831,0.1256724647108507,0.1364075531904381,0.1694120251854686,0.1617076390591301,0.1303180946503078,0.0904911795632771,0.111695578912084
0.0641302769120147,0.1083476775110508,0.0728071471958265,0.0739291094158179,0.0805534228769729,0.0692795752542367,0.1080365548694693,0.1118349298469908,0.1113860769079901,0.1155741971861528,0.0886425332606461,0.0752756395007026,0.0751794046517207,0.1485931945943445,0.0801658994866791,0.1158081346427557,0.0749519729932903,0.0900032577483409,0.0636080011714549,0.0919211178381072,0.1007677085178869,0.0860954016151578,0.1139361185907107,0.1226565994086595,0.1057157872018782,0.1108758486291409,0.1265861804480942,0.0942668792877104,0.0739835637810204,0.117825626509697,0.0727932117523072,0.1009785226491107,0.0670223140922704,0.104387583990479,0.0977551160052772,0.0840386992023194,0.0957720023833316,0.086685940967989,0.1113658060411587,0.1077349889308812,0.1009835840012943,0.1174997155581129,0.0799988687282715,0.0890188689789022,0.069522065255226,0.0920122358759431,0.0574206285357301,0.0957765746632135,0.0852409630311313,0.092510819026298,0.0667361663439383,0.1113439219858083,0.0,0.0968862687919025,0.1019106328291176,0.1200196352121551,0.0776216148386039,0.1129209174075855,0.1575204733525209,0.0786243869080991,0.1079806138347477,0.0682385121103353,0.1136894243586295,0.1233211630011599,0.0837520615223313,0.0982817617148172,0.099519264336118,0.0828335762062182,0.0778565923568229,0.0787281634272751,0.0866865551117824,0.1139010803048887,0.1008697419954736,0.084399820666439,0.0848556175069202,0.1963375200726548,0.0651724898725726,0.1044926724167485,0.0809752374713426,0.09655183810657,0.1158972944644496,0.0950478732296184,0.0717559533523938,0.1250252145876991,0.1218209895537431,0.1107796645808829,0.0764757881694211,0.0768780925190411,0.0915106653241876,0.077678841399878,0.1194360493059993,0.0880444091462269,0.1134343094538714,0.0878772545801335,0.1220950844420769,0.1048089210256865,0.1006351667127396,0.0781711817865677,0.0778996281883659,0.0959909459904996
0.1085612779810893,0.1219910958765677,0.1120607153760492,0.1091042627282316,0.0876517912583833,0.1311534915774146,0.1626649253757064,0.1384550422857073,0.172263163571043,0.1258755669347763,0.1343331597547839,0.1267020121151387,0.1208419745864096,0.164261401225313,0.0807865645065655,0.1633494716902296,0.1001265942517339,0.1484898499433518,0.0951340793961873,0.1319709534637147,0.1502394156759887,0.1278668457479364,0.1795993486862158,0.1225820892242476,0.1165336479048506,0.1497786201762047,0.1448605452927148,0.1424028266838832,0.1258568953458707,0.1931791546557481,0.1424996709338542,0.1208922827689949,0.1217808935432354,0.1593622266075245,0.1498275155197112,0.0854068468867341,0.1315425203079576,0.1416510311317517,0.1223493966838178,0.1220531873993366,0.1598531170116786,0.180624238781749,0.1320079608293481,0.1354264767221525,0.1298193368941534,0.1392240561596325,0.1012824306889602,0.1240905784870637,0.1301380578423122,0.1426842986034409,0.1127393910160909,0.1194299289497782,0.0968862687919025,0.0,0.1565260573374985,0.1750532005893601,0.1053958556775938,0.1538948783753192,0.1815319646439835,0.1258050148067757,0.115154569104533,0.1091929807451679,0.1538196843186028,0.1574385988032148,0.0957608506083214,0.115916391196894,0.1509530323911751,0.1353814155747162,0.1093269031208046,0.1179463473208972,0.1397824015360704,0.1336556127271579,0.1358644429584022,0.1213142404593766,0.1459752165530553,0.2023434595221568,0.1282163726162333,0.1381401747510068,0.1128266942728719,0.091866700051014,0.1577028723255238,0.1311578248534994,0.1317007632495223,0.1626495130676813,0.1558745120135495,0.1050987749365393,0.1264048611763384,0.1017433559573365,0.1502972282111452,0.1128785473718479,0.1725346522070917,0.1525042036268889,0.1376752856015203,0.1457893904968157,0.1520891016631748,0.1561552256679524,0.1289363880306365,0.1410349468910284,0.0792481256570106,0.0902828556133248
0.092627973333536,0.1452086189115079,0.1027001185851395,0.1016188432570932,0.1393753226482092,0.1042345818114862,0.0874171802733204,0.0970962088189367,0.0865511252883632,0.1102118256711011,0.1202339060686825,0.1076582313850008,0.1014958299703114,0.1304314879346461,0.1205561040547062,0.1098490795566546,0.1044124185504582,0.0773235713626808,0.0877386487677074,0.0809732216670539,0.0977522888661757,0.0960654626567356,0.0807479466162446,0.1321498653408966,0.1165970534698711,0.0943222223256404,0.1378532104715532,0.128326996446502,0.1123301700383957,0.0801679092239359,0.0698487301004486,0.1291625389930008,0.0795413361186954,0.0720922224010647,0.1129712752903273,0.1663886140529062,0.0780672080852675,0.0799396753148975,0.1375129401321677,0.1381440822859869,0.1355106474920664,0.0785706817926846,0.0930759561540209,0.0808077498820998,0.0931984648199194,0.1065362056701325,0.1078839935103715,0.1540747306518977,0.1005314188748449,0.1485903662845847,0.0864367496449857,0.1701046146471043,0.1019106328291176,0.1565260573374985,0.0,0.0877031120432598,0.1423916066292623,0.1390682731030547,0.1325038204889939,0.1052085450883982,0.126691300256113,0.0761742170846963,0.094226847166987,0.1014176896249056,0.1000150526683769,0.1092502365605304,0.0727114015904134,0.1325659834644832,0.0974465699586874,0.1441787745089809,0.0814132198258467,0.1388583427224399,0.0881691295326878,0.1097757960620859,0.088876588135479,0.2079970080531394,0.0865383047159784,0.1120712396825592,0.0950065379443669,0.1205162747863252,0.0992057117009561,0.1456484467368852,0.1104849082876566,0.1429448157958994,0.1215388061540598,0.1754301744476846,0.0886953376788141,0.1245292904453254,0.0699839328608313,0.1175453532838439,0.074127991602845,0.0888263312054233,0.0800313236168091,0.0857882071001024,0.1209961121231426,0.1397379986889961,0.1549013729290342,0.0806944190697598,0.1259690588890032,0.1396436592177115
0.090898188728712,0.1356829719026416,0.0770078851483209,0.0898376651530126,0.1584939932106658,0.1184243499131406,0.0881775467652541,0.0883539082594842,0.1005931808906887,0.0915875589763943,0.1271646997995686,0.1098499641963097,0.1010285483371563,0.1031453619911047,0.1256039365600505,0.0805369248421564,0.1457483460757183,0.0759131506081751,0.1263385201402956,0.1006225995048908,0.1297998892847652,0.0699826706644432,0.0623388490959722,0.1139933768508747,0.1137122745177412,0.0618776358087828,0.1152438717270017,0.1137991373291999,0.1035345598309414,0.0870409049720425,0.0933181727072531,0.135931982056826,0.0807538545440184,0.0672813538150439,0.1000230990047977,0.1577121187308406,0.0796504493516122,0.0773593463186462,0.1242570550438019,0.1094016790576611,0.1386719490848951,0.0583022105265328,0.095143769531574,0.1128837463458636,0.0980702438920675,0.1067265898334176,0.1069121841405297,0.1574387496620693,0.0952323997653047,0.1645026250116688,0.0877078772974548,0.1492096231870139,0.1200196352121551,0.1750532005893601,0.0877031120432598,0.0,0.1618175480742897,0.1041392980773165,0.1074975287973553,0.1201894778807462,0.1261115521349987,0.1209247391710056,0.1084505726253749,0.0752208972351872,0.1078816125392852,0.0959478214797608,0.0899431496327123,0.1107704942430394,0.0986981694519782,0.1598932801705477,0.1107665615198907,0.1170019023201213,0.0974843161891615,0.1103577613205151,0.0895716613488045,0.1742352800757367,0.0840430151232278,0.0992733413128967,0.0910752743300984,0.1165617770356486,0.0567735376589329,0.1742931730809003,0.1177764960057918,0.1175489348345987,0.0899815079590672,0.1937680679714485,0.0694170684416785,0.1487215640780704,0.0667723464947375,0.1194290399798134,0.0499464046915193,0.1006954899094295,0.0827931015839792,0.0560423799039908,0.1061796131370277,0.164951599778774,0.181010046922146,0.0962798508449374,0.1325351812031719,0.1424820335489431
0.1078214641028671,0.1097281486358091,0.1078158737070524,0.111598570956675,0.0848096232239725,0.1003638487021862,0.1223008939468124,0.1330110652577683,0.1476179068125033,0.1414742053708549,0.117662832488601,0.0797957086834771,0.0896109789136429,0.1841942422088368,0.0922303676917248,0.1437911567936656,0.0915014827521698,0.1254047468249524,0.0955491507919581,0.1305266668942811,0.1263263090616081,0.1184733193211543,0.1522288075244198,0.1340961995872233,0.1232645141127378,0.1597697240760274,0.1264106308332695,0.1108537542997249,0.0902049088201616,0.1584504481632656,0.1145893643399327,0.1145499843116124,0.1042301673294337,0.1514597450797394,0.1184243128369995,0.0812859014374377,0.154079277614852,0.1188778668852474,0.1106601507953384,0.1298948378034984,0.1166773678391988,0.1654434735848675,0.1141107691793581,0.1244030074245503,0.0898480232585697,0.1261861260606765,0.0956892766472979,0.0865844897246665,0.1071892654511931,0.0876701068416743,0.1124184554282296,0.1004926127879994,0.0776216148386039,0.1053958556775938,0.1423916066292623,0.1618175480742897,0.0,0.1288218898470947,0.1978623054805502,0.0829902046017291,0.1397772560496546,0.1108332033124397,0.1274243666484138,0.147178013840949,0.1074719568801361,0.1386159409707441,0.1271848637427365,0.0895965642348219,0.1091995334199279,0.0644824135120751,0.1225405804654459,0.1246178908347492,0.1232462072332915,0.1061335304807461,0.1168779990755559,0.2090065110900407,0.1050547755437612,0.1337992440823541,0.1108804209887566,0.1113368804612938,0.1510445181059571,0.0859682453539957,0.0924625919919147,0.1393157323458634,0.1418907254798045,0.0902404000045918,0.1229995052649663,0.0824361817760055,0.1278726812630827,0.0941050068315873,0.1652336768341932,0.1152272815142064,0.1686539696525568,0.1329501918931168,0.1475552505427299,0.1022444493660494,0.0819488430002028,0.1303207259578363,0.0969993723539911,0.101458610183836
0.0908959418203168,0.0717699838285912,0.0789894176260908,0.0932807565143203,0.1260840846909758,0.1069104011523449,0.1133856124222546,0.0678381146581708,0.1412570263124177,0.0980245187155471,0.1061008018115734,0.0735501864124597,0.0739995091859143,0.1234041389316195,0.1073436051427041,0.0691860992072223,0.1404090486789685,0.1057215037879498,0.1338854641107094,0.1225509750111703,0.1593010907637673,0.0663683789174433,0.1163863007115163,0.0922469226852672,0.0899219489344146,0.1024557589141609,0.0598707150234074,0.0562079002375326,0.0791385310371262,0.14032663446776,0.1088791492708606,0.0871845163506399,0.0843775028640081,0.1160663299996132,0.0673449086683943,0.1105314232008796,0.107800308232564,0.0828669105563138,0.0700550367940674,0.0680810871181838,0.1039671211532678,0.1185382093530532,0.099252158754442,0.1385037286073103,0.0877905615616436,0.0821758713062651,0.0928303577900641,0.0853319392807412,0.0759727883338342,0.1066710190431029,0.0865034515287128,0.0987099464621192,0.1129209174075855,0.1538948783753192,0.1390682731030547,0.1041392980773165,0.1288218898470947,0.0,0.1406338243308564,0.0954085529277246,0.1082730617328771,0.1250321999745417,0.0927099616192279,0.0721033968777178,0.0962763195643528,0.1061073672325756,0.1354595989394477,0.0894595959230737,0.0832158133070941,0.1320193683855693,0.1442220062760016,0.0685960154189451,0.0831728081075943,0.0940019169840565,0.0988076993681122,0.1370854502032256,0.0803409647065981,0.0675546351780099,0.0784312432399351,0.0983070772042706,0.0805321571836667,0.1554922048341912,0.098984313491957,0.0552773997154902,0.0695838182372914,0.1330926109540715,0.074536625307886,0.1077611170152375,0.110115684105153,0.0744080287080736,0.1235654975065459,0.1383350505655951,0.1218851426496362,0.0820453365477974,0.0834832027612946,0.1579596446038545,0.15535500424509,0.1166726421776584,0.1022465827832479,0.0997216558118345
0.1092759082523519,0.1385719302833321,0.1346696730607356,0.1110244275078207,0.1756416050564746,0.1781772216323303,0.1508872244169228,0.1180807946415135,0.18378371612437,0.0828744841553114,0.1904421433939289,0.1482037572748165,0.1469016374902346,0.0753052120112456,0.1347433637818743,0.1044108336359291,0.1793193362797291,0.1263736372140889,0.1706382173148268,0.1219772279112064,0.2046454546995405,0.1087229804622865,0.1261661781280654,0.0944535068371127,0.094557516649552,0.0760366857481318,0.1240998928663358,0.1488507942498819,0.1403271983019431,0.1573312954021719,0.1346670448730049,0.1325713745635045,0.1264179488962495,0.1007324812385056,0.1457109131758001,0.1663194855126003,0.1065553988874477,0.123012708681117,0.1179080922029196,0.1147030029100336,0.2067907635007416,0.1355955522222264,0.1529593334722397,0.1602781139321091,0.1551535743182601,0.1656289659795402,0.1410976597931976,0.1540091188362258,0.1341496302101798,0.207776091023925,0.1260732721106635,0.1662523572604438,0.1575204733525209,0.1815319646439835,0.1325038204889939,0.1074975287973553,0.1978623054805502,0.1406338243308564,0.0,0.1588096028207997,0.1009029692208609,0.1676703919525036,0.1385735749440815,0.1076349529895821,0.1223745811714293,0.0834437233796569,0.1732264769220538,0.1595336986448217,0.1089399138268975,0.2088903301412079,0.1804427650939341,0.1282486606908752,0.1246317920796787,0.1179455636329172,0.091083052149081,0.1023590388726317,0.1301408435730698,0.1100899306859012,0.1174504848178987,0.1174804585365821,0.0989382202733439,0.2367071553184281,0.1686121648453427,0.1197910986519743,0.0898496376095659,0.2191231743619171,0.1029331946212049,0.1777716230716367,0.1336976536309298,0.1568761828418612,0.1297393839088637,0.1760264400891588,0.0983186647281365,0.1169766985738303,0.1103105864264576,0.2335809704507971,0.2279068465955397,0.1485787391246436,0.1334744508377808,0.1278845882058803
0.0926630295833059,0.0864912415865669,0.0835929229743692,0.0832688334908969,0.1056183391605123,0.0845026703259622,0.0743032035005819,0.0978300224292382,0.1132862667496069,0.1002642119058465,0.1059786227040457,0.0546176560524901,0.0574649758523346,0.1616926106823995,0.0859615582276445,0.0991870619980864,0.0976125274091814,0.081793940089546,0.0831016504939716,0.1129238288638967,0.1118614422237132,0.0813430174804383,0.1077823470279104,0.1147379728289405,0.0971418865343489,0.1160199246187612,0.0935329986234355,0.0764901443617201,0.0827813860825793,0.1215936141928498,0.0921520665004434,0.0993085274323542,0.0827317414795447,0.1142667921844772,0.0748642343181251,0.1043056321307689,0.1206810131340455,0.0799275450825549,0.0886090176958974,0.1149827134344111,0.1076196740750798,0.1174985803222315,0.0713637962614687,0.1022972181368307,0.0772045101357059,0.0946869145279596,0.0936083522210624,0.0863242857839758,0.0767756433077296,0.0913314420437362,0.0833069209487752,0.1118604074014929,0.0786243869080991,0.1258050148067757,0.1052085450883982,0.1201894778807462,0.0829902046017291,0.0954085529277246,0.1588096028207997,0.0,0.122196538908727,0.0984659758154314,0.0811767419698927,0.1000928974456392,0.0811458033460142,0.1182693283981344,0.1029971943633166,0.0825934471868238,0.0821909204634192,0.0747073141648617,0.096745148740937,0.0976418122632848,0.0854501174005587,0.0857693631833929,0.0961937556361946,0.1762812772162177,0.0712862136699647,0.089191686764444,0.0771017971844635,0.0974015691879448,0.109017773751388,0.1079508691931373,0.0719309489360954,0.1025744628703974,0.1092385103730832,0.1178271486922616,0.0877000995882372,0.078603448296077,0.0959529940492016,0.0814807477937051,0.1146534075207835,0.1058797605885893,0.1301124774770116,0.0963122158729408,0.0989033574368676,0.113109629317708,0.09135613884398,0.0996266179781176,0.088853725799791,0.0996446711044247
0.0737624185064043,0.0997562333719549,0.101796025978011,0.0916474739336085,0.1237328794232613,0.1316261506012803,0.144653012757824,0.0880002766099419,0.1614558514163537,0.0902345799535652,0.1462733463787539,0.1146409569771063,0.1138439835803605,0.0855971096047382,0.0919311852609925,0.0965997733582659,0.1307504167748872,0.1153007598332482,0.127560919795883,0.1064601853942318,0.1767666004711542,0.0854067262756763,0.1417442982469133,0.0676256409883649,0.0631795872516765,0.0946287234920348,0.1016825472768074,0.1156213481526826,0.0931021174039466,0.1629080561399137,0.1060184464170284,0.0832435597396701,0.0960271457987492,0.1081524093596383,0.1252336555714643,0.1079171711709044,0.091743076098626,0.1087867701933947,0.0821096744846588,0.0791210085810636,0.1577435414347403,0.1511243804700142,0.1255210072083784,0.1323321939627955,0.1136020898966855,0.1216897490784599,0.0935031455905245,0.107523746422357,0.0932404750210985,0.1568214950392591,0.0817707923780708,0.1151046188339373,0.1079806138347477,0.115154569104533,0.126691300256113,0.1261115521349987,0.1397772560496546,0.1082730617328771,0.1009029692208609,0.122196538908727,0.0,0.1181652670041342,0.1144215964923573,0.108310534846048,0.0784915703635341,0.0666757302923141,0.141064475454001,0.1362756278245958,0.0763624168182078,0.1594190984603405,0.1517892367080641,0.1039875964701332,0.0969972874217795,0.0804140709124775,0.0877037772587814,0.123685227330583,0.103612694578544,0.0760082131817096,0.0895600214031554,0.0787761065387066,0.1017152884185468,0.1864081494471208,0.1324907884661065,0.1044627091834526,0.0963254860972565,0.1615860616973453,0.0845332350552552,0.1231621905201264,0.1224716438852561,0.1027180588276155,0.1404069908534723,0.1597178865347622,0.1014130181972067,0.1090054362519592,0.091075140000813,0.1901727105599809,0.1797100974191906,0.1334951263676982,0.0896219240086635,0.0762364756231923
0.0779748021784074,0.1319788217397377,0.0785839088723216,0.1009536235174303,0.1123283171207944,0.087975837619012,0.1135282042983082,0.1068185666202818,0.0931601864111385,0.1207419379656681,0.0938881714801958,0.0975064632129959,0.0805951174441129,0.1466723373519979,0.1010665475381992,0.1298778656946825,0.0834525284631512,0.0867812985535536,0.0690548306226999,0.1069152205782218,0.101688102744741,0.0934177700926706,0.1172689378181362,0.1264651928808626,0.1090559826572124,0.1154313686775212,0.1415854936871408,0.110487485882421,0.0915141686796704,0.1049932359960575,0.0758326549498915,0.119057322645017,0.0679513030182877,0.1102692994937731,0.1131109780621543,0.1270755103702593,0.0800189828099918,0.0901871830492806,0.1296367316740512,0.1188120353773256,0.1204366814369274,0.1128766401761386,0.0868546882265647,0.0953710615365353,0.0814212560779931,0.1025607658954027,0.0713777560037804,0.1319425466623331,0.0905603891049666,0.1254232397169242,0.0739227265640715,0.1341770628091901,0.0682385121103353,0.1091929807451679,0.0761742170846963,0.1209247391710056,0.1108332033124397,0.1250321999745417,0.1676703919525036,0.0984659758154314,0.1181652670041342,0.0,0.1128344735218241,0.126019218465894,0.1000844500437114,0.1018320127623876,0.0759875244153351,0.1020719672572014,0.0871853332776196,0.1107104292238827,0.0852242081334987,0.1289387312892531,0.0966139156323589,0.1035749618151823,0.1014798591291155,0.2119098855078994,0.0866686729680067,0.1195911185801168,0.0904548937045892,0.1019243381065916,0.1193527656207942,0.1239211562265901,0.089438485116346,0.1444585406910788,0.1370349946005033,0.1462007680617232,0.084481512970701,0.1032101074923607,0.0862838128698958,0.1067920957800978,0.1064367497502476,0.0805778426392454,0.1005434106348577,0.0949936310070462,0.1390085873015057,0.1217094275868137,0.1370471509526917,0.069903457023175,0.0995796380434192,0.1213279537795849
0.1059587100829266,0.0954693762612302,0.1073761132879772,0.1005128138539016,0.102623202465382,0.0830467645156065,0.088242184989881,0.0761760796470209,0.1178023960961842,0.0998591637844238,0.0936314637384652,0.0825687233667037,0.0867648159446228,0.1553650059747619,0.1099847417790625,0.0802723854519144,0.1027306289520287,0.0922481802972904,0.0983698703259372,0.0960749328887669,0.1229865461246549,0.0905305553726064,0.1029008994981104,0.1109973700664795,0.0878879385487073,0.1064847476746647,0.0832683678790029,0.0849794646231338,0.1063527644404547,0.1240128968708803,0.0857847386354504,0.0719947200716927,0.0944386525313732,0.0949461455800069,0.0752533188488169,0.1418894614422919,0.1159787749659516,0.0709319833538144,0.0949838545658385,0.125779059806164,0.1051556298420495,0.1183823595552621,0.0933708405163049,0.0891419155032456,0.0905735292133697,0.0757728176684307,0.1029894485193022,0.1066064199715169,0.0852362760952652,0.1031014479675164,0.0993775940359751,0.1445567590544176,0.1136894243586295,0.1538196843186028,0.094226847166987,0.1084505726253749,0.1274243666484138,0.0927099616192279,0.1385735749440815,0.0811767419698927,0.1144215964923573,0.1128344735218241,0.0,0.0774569625557024,0.0884773488766384,0.1201554994398936,0.1024456483977329,0.1242605249559813,0.0867016642882836,0.1317612822507811,0.1069051451440816,0.0845749383820849,0.0484139607374926,0.0708128647312908,0.0864141388601771,0.1502350458970658,0.0849188896749533,0.0755748058650235,0.075971071858847,0.1084965993473868,0.1001733753456502,0.1295015011723341,0.0853686686609025,0.0915408119475504,0.0948589635428295,0.126349015870889,0.0937264103115736,0.0889376065047827,0.0880479932385661,0.0870482265681159,0.1166237625144866,0.1198539288379259,0.1331125809782984,0.0964741842586606,0.0693705899200418,0.1352764902170017,0.1227048350724185,0.1226967495392574,0.1072123980581146,0.1020954088840526
0.0986982382911349,0.0991696455344746,0.0887389705145542,0.0968084225325284,0.1312228016096364,0.1134229040927996,0.0877835333800598,0.0626618677858794,0.1423532172078378,0.0667750853476115,0.1148223651676175,0.0890649881288607,0.0878206960745039,0.1091067101227617,0.1109793271311815,0.0737046895317403,0.1335878688692435,0.0820648704869056,0.1207254539958312,0.1003417593095912,0.1594313044509319,0.0719316893781255,0.0959988599934669,0.0875507833162432,0.0931513470788999,0.0755049592879187,0.0619010368921887,0.0826564386798128,0.1027969155305448,0.1198673236589476,0.1006833906002688,0.0939534029289499,0.0912486468196209,0.0781623150102218,0.076942521264324,0.1410213574271235,0.101121212203212,0.0692708219536571,0.0870791935759433,0.08393830811087,0.1229731996576617,0.1000981190733519,0.0974463810108444,0.1248980845822993,0.1001494230409516,0.0927785863035906,0.1083070105259712,0.1279553908820733,0.0744994688517955,0.138546928838,0.08152552282458,0.1298286714346206,0.1233211630011599,0.1574385988032148,0.1014176896249056,0.0752208972351872,0.147178013840949,0.0721033968777178,0.1076349529895821,0.1000928974456392,0.108310534846048,0.126019218465894,0.0774569625557024,0.0,0.0853473167201629,0.0974250061700216,0.1311490102080504,0.1166386340955522,0.0743169042857278,0.1518748432499411,0.1370765728231985,0.0758113504640784,0.0663219612857218,0.0929356891352169,0.0822164649761716,0.1263573920679778,0.089655855980943,0.0758597165939249,0.0672284202727735,0.0988609167741678,0.0716013557549929,0.1702061151540075,0.1108962856958916,0.0771282249496629,0.0531768373280707,0.1527237428520046,0.0777753614725892,0.1177477507434573,0.0973345668087325,0.0933814598730565,0.0872561356556532,0.1322929213199966,0.0937461613348717,0.0890442303069556,0.0746524235259177,0.1696070253492686,0.1608710953999843,0.1168702043252603,0.1037714836549991,0.1149252580555301
0.0715686869123285,0.0798240241468508,0.0815341839778238,0.0674692225745695,0.0852531647803281,0.0912517146253896,0.1114126918676707,0.0830151321966156,0.1302461278411759,0.0716556317111243,0.1108252812356241,0.0866335871685955,0.0821337578093465,0.1213159506702788,0.061221152167385,0.0858151219495526,0.0884964529940552,0.0906321408094483,0.0790008815575255,0.0653606451629069,0.1318659885679712,0.0732277529774989,0.1181164574001863,0.0831802006727461,0.0662665263020077,0.0817702081281114,0.0890328316760282,0.0923345886351897,0.0827619846516586,0.1406474130991847,0.0857379745903544,0.0793027091330299,0.0813376700089072,0.0896313402477916,0.0888298783415059,0.0958626746788262,0.0866849276156706,0.0834233505870794,0.0673003368121424,0.0827017514472051,0.1270345989496605,0.1256492288726113,0.0941684526095759,0.0887208746392493,0.1000146880710373,0.08797266197764,0.0803528903156236,0.0973625593741935,0.0816386659987013,0.1142280201933241,0.061966272764847,0.1237869893867273,0.0837520615223313,0.0957608506083214,0.1000150526683769,0.1078816125392852,0.1074719568801361,0.0962763195643528,0.1223745811714293,0.0811458033460142,0.0784915703635341,0.1000844500437114,0.0884773488766384,0.0853473167201629,0.0,0.0734284478662292,0.1193710468103359,0.1082060942953551,0.0591067964060185,0.1101312677300173,0.104914514901429,0.0775683136467455,0.0781644186858667,0.0663379911513623,0.083689135204175,0.149358780166001,0.0851581316840691,0.0678343041919258,0.0704758682591538,0.0742302697379566,0.0933678185547058,0.1349704011837811,0.1003013876846042,0.1111872348878734,0.0953720467321489,0.1183292506335458,0.0702664684272128,0.0779512228785405,0.0928724835880243,0.0673672145502756,0.1201511530079776,0.1347031437554922,0.1016962351175098,0.0937455264673526,0.0775840566935921,0.1516263254374673,0.1236564953470221,0.1169431625284273,0.0714376314912633,0.0627393598633349
0.0630725536893174,0.1016003644419158,0.0889799578876117,0.0709331937347992,0.131694794879856,0.1297166268014588,0.1313057410383635,0.0905516253700002,0.1441250871566479,0.0676236434851738,0.1417614831565026,0.1128513821869963,0.1032930179824187,0.0712048250911584,0.077479706237345,0.0904416673612831,0.1287827669046131,0.0872410959144234,0.1194283348454434,0.0862752634927991,0.1610573686919704,0.074429652860345,0.1097664158577765,0.0648448779631925,0.0648570752391296,0.0660405323953545,0.102359952167123,0.1085459305592337,0.0976302175660909,0.1398130110650611,0.1062406556426307,0.09901139822898,0.0866528906522855,0.0874907655987663,0.1047227933009483,0.1113080563081035,0.0678971111056927,0.0881054120870724,0.0774729997428405,0.0709608969639748,0.1609860033012046,0.1203712908055092,0.1109329624060422,0.1258902524527935,0.1100770125935027,0.1201019475676824,0.0882591729436241,0.1181099260959889,0.0967108410010671,0.1550344039400441,0.0810716551960815,0.1119682908255828,0.0982817617148172,0.115916391196894,0.1092502365605304,0.0959478214797608,0.1386159409707441,0.1061073672325756,0.0834437233796569,0.1182693283981344,0.0666757302923141,0.1018320127623876,0.1201554994398936,0.0974250061700216,0.0734284478662292,0.0,0.1306530015474326,0.123514311669074,0.0672499444082127,0.1515401227954769,0.1296553108993768,0.0893169141868864,0.0991662671343029,0.0889850719968493,0.0790167179600039,0.1294962068302972,0.0958303212736754,0.0788153186304069,0.0755185062326675,0.0624810383370578,0.0837685164779524,0.1814995480382447,0.1218790510147447,0.1048508470689667,0.0811640452577565,0.1676531951184391,0.0600708812103338,0.1286905010374091,0.1016018306612473,0.1071453941205476,0.1074244061479347,0.1416734598447007,0.0734800507073009,0.0888165791013115,0.090366035773422,0.1896395064165449,0.1812879948633416,0.1105148983569203,0.0780515423331015,0.0823738888129147
0.0979188253156744,0.1549958909926085,0.0938784957972344,0.1082036124566894,0.1307186347872328,0.096961757590154,0.0799746538871718,0.1120395572493711,0.059665108134726,0.1386788314931596,0.0982598691645567,0.1056869170684728,0.0998352013246694,0.1592578516951925,0.1234624240365039,0.115471107783918,0.093663282026237,0.0791161977526886,0.0809851554879547,0.1158113703802256,0.0757261516293775,0.0967943060073388,0.0884403258280684,0.1505421602931183,0.12930767475788,0.1186302976153405,0.154833690068962,0.1272267917942315,0.101285690473751,0.0797770314496271,0.0699677751731014,0.1406652908254098,0.0763296500392891,0.0954515796354213,0.121623805610578,0.1586422840752671,0.0969923923519396,0.086813649915974,0.1535951443303532,0.1510614606410261,0.1253188067306642,0.0874199909468867,0.0801897516428213,0.0823477139935418,0.0748284385094402,0.0956898986169801,0.091637115924689,0.1528326701104087,0.1049597175727253,0.130593420997003,0.0995964536374308,0.1554609843052457,0.099519264336118,0.1509530323911751,0.0727114015904134,0.0899431496327123,0.1271848637427365,0.1354595989394477,0.1732264769220538,0.1029971943633166,0.141064475454001,0.0759875244153351,0.1024456483977329,0.1311490102080504,0.1193710468103359,0.1306530015474326,0.0,0.1137089076069929,0.1131990268481518,0.1199480451477103,0.0694993763340368,0.1478888210667533,0.094373250556852,0.1130893370753458,0.1157119648287276,0.2361342741195753,0.0901441605224999,0.1212013836422396,0.1076693621589658,0.1336212338273043,0.1045339411576584,0.1239282512846108,0.0973930283932695,0.1513438974883328,0.1492069047249137,0.1629865759796539,0.0972610705622739,0.1253769217843148,0.0658325266888537,0.1272092854975789,0.0836541053016521,0.0675521734513564,0.1255331279559622,0.0829032268034737,0.1407107106373469,0.1027674170360098,0.1340119475519544,0.0826601054482024,0.132231031548265,0.148601132149276
0.0897722883500876,0.1074304426884904,0.0565120583498153,0.0910720968949898,0.1169967475761744,0.0964868979076644,0.1025596709391413,0.1008236468045807,0.1305516641088628,0.1168895355698901,0.0974334532061747,0.0660125778997819,0.0706223227094096,0.1427041751511961,0.1109885875285067,0.1034023229692028,0.1235296856023042,0.1038086761623734,0.1100777666582401,0.1386497008362912,0.1429221112753841,0.0717460031948554,0.1206203932387498,0.1215742341747782,0.1071120445313236,0.1178535814867212,0.1090588476652091,0.08202683364951,0.0745852576787537,0.110167524226725,0.107532500180051,0.1213931384495911,0.0737846148605442,0.1338863561669786,0.0932669155625566,0.0906272318950445,0.1091364193449703,0.0941254176177588,0.1101677285350424,0.106848723620634,0.1034703094148612,0.1122593417081218,0.0927685828209568,0.1383270411989874,0.0694453609782959,0.1045014065191683,0.0774998539049124,0.098225813511806,0.0867285781533537,0.1127330624413103,0.082000224735093,0.0939979293929373,0.0828335762062182,0.1353814155747162,0.1325659834644832,0.1107704942430394,0.0895965642348219,0.0894595959230737,0.1595336986448217,0.0825934471868238,0.1362756278245958,0.1020719672572014,0.1242605249559813,0.1166386340955522,0.1082060942953551,0.123514311669074,0.1137089076069929,0.0,0.0939796293565799,0.0888548944669391,0.1319818675364721,0.1094156072607776,0.1128420282205552,0.110637006208464,0.1124161897259667,0.1988357877124993,0.0788153114337676,0.1046167200811684,0.1003228488486595,0.1058513290952347,0.0970553883797452,0.1154924540585305,0.0730812324842498,0.1033885046058243,0.1196251707178826,0.1346442319997452,0.0842738153565249,0.1075963786658822,0.1069636878905758,0.102012177123695,0.1205643110390483,0.0752220155406643,0.1290072264821302,0.0837443143641913,0.130223738974383,0.112492373027305,0.1183339998708682,0.0822111892652317,0.1040406940696421,0.11821918050061
0.0551930633605642,0.0895586200947839,0.0772183560730638,0.0677898771041272,0.0978299154253994,0.0829809478668254,0.1030556292269738,0.0718789246561558,0.1242705113773252,0.0718124383519209,0.1011613029039731,0.0713585298172428,0.0728343085509651,0.1045846086481999,0.0742999783519312,0.0749868166263087,0.1030372359966827,0.0856871202636806,0.090078899203216,0.0775248475830611,0.1333011128679999,0.0642638742650056,0.106262955843775,0.0813538413089461,0.0601070611039812,0.0699582586419321,0.0804346679440191,0.0716135595140359,0.0843449834373172,0.1162228119706792,0.0741460419003652,0.0725937581281275,0.0650160788025952,0.0823313000809867,0.0825884974228764,0.0976404275864119,0.0741946333838631,0.0724823627417016,0.069686619308023,0.0752449579382925,0.1176835240904643,0.109468133429045,0.0764614612530523,0.0995854733296236,0.0749641557203795,0.0828533304381392,0.0679797980216719,0.0941499111326581,0.0660796678728716,0.1190623869926051,0.0602677430627106,0.1094736399152182,0.0778565923568229,0.1093269031208046,0.0974465699586874,0.0986981694519782,0.1091995334199279,0.0832158133070941,0.1089399138268975,0.0821909204634192,0.0763624168182078,0.0871853332776196,0.0867016642882836,0.0743169042857278,0.0591067964060185,0.0672499444082127,0.1131990268481518,0.0939796293565799,0.0,0.1192943859016404,0.1122210582606741,0.0760719086046096,0.067444282580978,0.0730548162127844,0.0718314697322606,0.1465733727489461,0.064937643793092,0.0655794031029807,0.0625361592656512,0.0828575960945062,0.0807277997519559,0.1417681104256216,0.0844207150909667,0.0977948428794437,0.0691832860462423,0.1313362379643745,0.0586579357892678,0.0932854999247534,0.0851854220457305,0.0700071422972689,0.1143754512662295,0.1099823674843402,0.0901145474745466,0.0767138136661028,0.0808268343561102,0.1490175310703814,0.1377045987244861,0.0922659395103836,0.0612185416015759,0.0767187541887389
0.116247741143532,0.1353931785958043,0.1061203246759946,0.1099919734919457,0.1047277051036584,0.0887946485511835,0.1127164335080649,0.1430438414123633,0.1327599471140849,0.1522566339349809,0.1006284452250352,0.0834841315083505,0.0849723429489652,0.2026844691892834,0.1114023237651193,0.1390331506809639,0.0996483491806736,0.1137822663827571,0.0928080841930365,0.1325808817972124,0.1038757138813498,0.1163672209619885,0.137435209550333,0.1627242892400955,0.1365740812819165,0.1610797320244252,0.1474044567023453,0.1029020214514147,0.0965551377408702,0.1404578565580762,0.1227304830798176,0.1337164208414751,0.1044474709832654,0.1530917976722113,0.1056250540659735,0.0922191508425933,0.1501837669962255,0.122630977554659,0.130313407576947,0.1480746573610953,0.1023178362121457,0.1489309723004231,0.0982741507958254,0.1248834823115868,0.0962692656093658,0.1150916186631776,0.1026871263943043,0.1106360097805673,0.1173554905259262,0.0755878750953761,0.1081017538519396,0.1312396014829314,0.0787281634272751,0.1179463473208972,0.1441787745089809,0.1598932801705477,0.0644824135120751,0.1320193683855693,0.2088903301412079,0.0747073141648617,0.1594190984603405,0.1107104292238827,0.1317612822507811,0.1518748432499411,0.1101312677300173,0.1515401227954769,0.1199480451477103,0.0888548944669391,0.1192943859016404,0.0,0.1041377534252764,0.1372589393749563,0.1304024574721039,0.1234497174551387,0.1357951227062875,0.227103370955317,0.1062010412700799,0.1326983918948999,0.1313606470031696,0.1332091175847767,0.1519482165150112,0.067713222670577,0.0854681671350982,0.1470362561615031,0.1641384115539965,0.1037125831926509,0.1258510104261898,0.0909852427545144,0.1142727706019191,0.0955003067987928,0.1551722161549978,0.1082231707906498,0.1691963817639917,0.1291567790475098,0.1461569830355302,0.0929695847631614,0.0695270865962847,0.1198690843933443,0.1194477335296103,0.1196401232578838
0.1022912911455877,0.1501681008587674,0.106220841463138,0.0913957693677289,0.1248402942068999,0.0823669669781811,0.0979722481511415,0.131390501176319,0.0647065821773175,0.140154157441727,0.0895922023329138,0.1164615464242094,0.0948262834064576,0.1842448560138967,0.1107210885476635,0.1285868987116642,0.0892512169949022,0.0812894572828992,0.0742989591438121,0.0930107853497098,0.0563862463940917,0.1088906735449691,0.0857992735887954,0.1637415070723797,0.1333095001793882,0.1190663930651207,0.1594846107503091,0.133008438898018,0.1269067678901078,0.1000529537983385,0.082271678545518,0.1325733435022978,0.0901888911615033,0.0966871013531866,0.1118363094439117,0.1464071676125774,0.0977343238149474,0.0955725673869423,0.1434775028843392,0.1454357953362635,0.1131181616352555,0.0936821563532247,0.0745447909891518,0.0627216760150078,0.0996131260097233,0.0932319145879121,0.1015127500041132,0.1517256525735227,0.1225744602080529,0.1185375933655921,0.0935366081625093,0.1752323399066463,0.0866865551117824,0.1397824015360704,0.0814132198258467,0.1107665615198907,0.1225405804654459,0.1442220062760016,0.1804427650939341,0.096745148740937,0.1517892367080641,0.0852242081334987,0.1069051451440816,0.1370765728231985,0.104914514901429,0.1296553108993768,0.0694993763340368,0.1319818675364721,0.1122210582606741,0.1041377534252764,0.0,0.1426788546788979,0.1013143344773429,0.1122398612501096,0.1219646054738579,0.2302781329567405,0.0883640530465693,0.1213741277540712,0.115089454463942,0.1382371444387784,0.1203602667146085,0.1012530360894023,0.0884632355710609,0.1681227294518165,0.1528333356342058,0.144369596344251,0.0982934557958397,0.1040908453504438,0.0675046279423621,0.1014441312556983,0.1008894663456704,0.0862087370298977,0.1240181298523131,0.0880825210479877,0.1389978360972884,0.1089444207470204,0.1148862862134106,0.0935791701058529,0.1152920769499121,0.1285823820319287
0.0945624397405146,0.0633387742709789,0.0944279212216571,0.0956564684715801,0.1136894557199561,0.1172475962917747,0.1262237530744328,0.0662740750204276,0.1553972379283091,0.0786790071348659,0.1206955001276745,0.0892411687054057,0.0830585857952164,0.1253438890501528,0.0966046031354063,0.0841724973768288,0.1323324614024314,0.1025469334398178,0.1295034948103489,0.1103709007550795,0.1702083229460945,0.0810504117655182,0.1255759014981873,0.0820727636196283,0.081653646942164,0.0841333845201127,0.0570242187786204,0.0740534760373113,0.0968868132221165,0.157193304463006,0.1159131038118387,0.0694039623246321,0.0987106812114713,0.1104882673314403,0.0840268911852393,0.1156359781551256,0.1046937923866403,0.0886730274263638,0.059360451752977,0.0765279750077622,0.1290357652409454,0.1352678050592999,0.1126333088286951,0.1371719617913193,0.1048386916987677,0.0997856487105127,0.0962271226111169,0.0934826137282781,0.0756619372315249,0.1181793619144732,0.0921517104486895,0.1057275045349868,0.1139010803048887,0.1336556127271579,0.1388583427224399,0.1170019023201213,0.1246178908347492,0.0685960154189451,0.1282486606908752,0.0976418122632848,0.1039875964701332,0.1289387312892531,0.0845749383820849,0.0758113504640784,0.0775683136467455,0.0893169141868864,0.1478888210667533,0.1094156072607776,0.0760719086046096,0.1372589393749563,0.1426788546788979,0.0,0.0817626274548074,0.0754156895055678,0.0933527467705283,0.1133499473037803,0.0942650418977079,0.074588127593078,0.072561112492335,0.0822919987615086,0.0891501897729833,0.1701980523606662,0.1106087660330068,0.0795953666728442,0.0719312286721939,0.1254014642875366,0.0785595971812167,0.0977453011267013,0.1137495689546439,0.0838120389832223,0.1330393482217537,0.15438555775024,0.1167690591919825,0.1029103487435901,0.0657111232682682,0.180712021921286,0.1585440583667148,0.1318304868805223,0.0895659890409516,0.090602466467311
0.0828392051410486,0.0913874794766319,0.0896688685597951,0.0840549722765057,0.0978488940997849,0.0763364327332464,0.0917217226441262,0.0600463982220993,0.1100111749235283,0.0872465014029632,0.0829527497700564,0.074724369272254,0.0752006473273618,0.1316709756611614,0.0976980701486034,0.077067715150083,0.0979273283495477,0.0812919524753822,0.0896444900858161,0.0783225705592525,0.1182409382632875,0.0797603019627836,0.0920736767349848,0.088617730937123,0.0738499616381859,0.0920629883159426,0.0823101251264077,0.0838083843111734,0.093202442278675,0.1150396668733733,0.0747276483156476,0.0667298785942905,0.0704015217555892,0.0860560348713566,0.0716115022875406,0.1318856178909917,0.0997832811684081,0.056527409176507,0.0866929514187611,0.0971894645207661,0.1041470842848956,0.107325297984294,0.0807572154317637,0.0834293930626453,0.0751863187887608,0.0759323455842331,0.0786238519688617,0.1052174828855879,0.0796086106052136,0.1036084643956073,0.0763074227121965,0.1289255033315217,0.1008697419954736,0.1358644429584022,0.0881691295326878,0.0974843161891615,0.1232462072332915,0.0831728081075943,0.1246317920796787,0.0854501174005587,0.0969972874217795,0.0966139156323589,0.0484139607374926,0.0663219612857218,0.0781644186858667,0.0991662671343029,0.094373250556852,0.1128420282205552,0.067444282580978,0.1304024574721039,0.1013143344773429,0.0817626274548074,0.0,0.0632986488402002,0.070505550058417,0.1579738088874882,0.0673328937325391,0.0635177583758564,0.0616917353074787,0.0932757166841168,0.0894923280732948,0.1371079291274958,0.080026599669175,0.0917695386533409,0.0799525559826672,0.122598645982652,0.0742553696987839,0.0890429786497939,0.0749066661528741,0.0711707741047418,0.106406036131804,0.1034191271233482,0.1141606908275542,0.0799694056473041,0.0826103654432195,0.1330790572149782,0.1263951029956602,0.1037575979709309,0.0920176007217956,0.0902182731493435
0.073611593337936,0.0835892403210568,0.0838395404320297,0.0728069041905325,0.081864022164167,0.0920802439939452,0.1108272665344653,0.0790361521299154,0.1213894187981393,0.0883847781378553,0.1035408459135074,0.0886990046869264,0.082241641085182,0.1271100528127119,0.08601559017708,0.0765694114765548,0.088889099641348,0.0986089013169676,0.0886399559861885,0.0788274829428234,0.1297779591636147,0.0792627511163552,0.1190461821059896,0.0872681240604228,0.0636234461338882,0.0857981296943467,0.0915525902284322,0.0906453251802515,0.0854250031076627,0.1423010588905212,0.0754540035114188,0.0666068246751083,0.0793775990847677,0.0872659300062851,0.0915680179347772,0.1044099901343452,0.0949880359154426,0.0766255085401614,0.0697702245362829,0.0954290531082859,0.1219643335272546,0.1265793583975436,0.0955210657532798,0.0921071664660107,0.0916989510592824,0.079569236394706,0.0712896511945438,0.0893034124554927,0.0813642705098196,0.1110724528991744,0.0760325050661832,0.1233880981115154,0.084399820666439,0.1213142404593766,0.1097757960620859,0.1103577613205151,0.1061335304807461,0.0940019169840565,0.1179455636329172,0.0857693631833929,0.0804140709124775,0.1035749618151823,0.0708128647312908,0.0929356891352169,0.0663379911513623,0.0889850719968493,0.1130893370753458,0.110637006208464,0.0730548162127844,0.1234497174551387,0.1122398612501096,0.0754156895055678,0.0632986488402002,0.0,0.0717428292511661,0.1462538666730239,0.0738282153171369,0.0629305480651925,0.070657317164842,0.0847137812569192,0.0866811102508246,0.1352052109782011,0.0927269302877914,0.0957001132343395,0.0955410594478084,0.1207664232328629,0.0739233139146116,0.0794572953348595,0.0918243205339108,0.0765687827528219,0.1270717614137208,0.1251694610341294,0.1153416189447968,0.0869887979493353,0.0743468863987211,0.1410825947455977,0.1286921537039101,0.1154270715143917,0.0849336160707839,0.0704576550464276
0.0723506715201991,0.0984767404737032,0.0955018297065873,0.0875334608558031,0.1163526776816879,0.1058857752224589,0.1029125923117068,0.077270419263976,0.1319627013600108,0.0848613733062255,0.1354531061748192,0.0854929354415338,0.090269731296432,0.1025596288241549,0.0971034796364308,0.0772444777359852,0.106456898615416,0.0871703631109548,0.1087963079784556,0.0849887859946608,0.1433635710382876,0.0850864443982424,0.0966008755512527,0.0797605463935967,0.0789353927999183,0.0742739776133282,0.0942366445753776,0.0965650855073876,0.0759570630014731,0.1157305693369808,0.0749045536499453,0.0884985594301463,0.0715986807151819,0.0765200144132391,0.0940307582641095,0.1255498379796753,0.0972018669481022,0.076902300655177,0.0868920538565288,0.096005708066201,0.1408096161169905,0.1094881598410044,0.103272581601772,0.1051566784765679,0.0886933438758087,0.1181128375786722,0.0886208996422164,0.0973707338480553,0.0775468593176992,0.130635989138672,0.082662488256963,0.1345314815207376,0.0848556175069202,0.1459752165530553,0.088876588135479,0.0895716613488045,0.1168779990755559,0.0988076993681122,0.091083052149081,0.0961937556361946,0.0877037772587814,0.1014798591291155,0.0864141388601771,0.0822164649761716,0.083689135204175,0.0790167179600039,0.1157119648287276,0.1124161897259667,0.0718314697322606,0.1357951227062875,0.1219646054738579,0.0933527467705283,0.070505550058417,0.0717428292511661,0.0,0.1435836819676791,0.0812455522317414,0.0877045251887208,0.0701676811891905,0.0890237806519686,0.0823554070487407,0.1577695940619172,0.1074329295431741,0.0891829550978469,0.078517467972062,0.1525896126268363,0.0666574204604411,0.1076476740300383,0.0860272465380119,0.0903226431658846,0.1018538658535099,0.1250391738757274,0.1007813871697191,0.0859645935239612,0.0906959367425451,0.1597775327118764,0.1518479654792358,0.1110564224079158,0.1036566425814815,0.0920925347726491
0.1648807260005877,0.1398590187775578,0.1791642258108795,0.1610011869503603,0.1935371428193288,0.2030632845358325,0.197422697432109,0.1426243496523154,0.2429723181275229,0.1148872410463943,0.2104304701104823,0.1665162099827987,0.1767579408211313,0.1318881953133178,0.162218878868751,0.1422080202709216,0.2094740614002434,0.1749503414618822,0.2112829009567712,0.1806101180616897,0.251124841930855,0.1561984502697186,0.1954385375220617,0.1296505274368203,0.1246615835125195,0.1373266180808403,0.1192090170379888,0.1485986261538973,0.1722716241131306,0.2361121895935602,0.1974649796447761,0.1299473257851425,0.1842701897283931,0.1682253838894129,0.1571785204483444,0.1784179381041374,0.1734067267776891,0.1670253895516213,0.1253446510578106,0.131722097129132,0.2090157744557084,0.2083326484826526,0.1968622247899499,0.2123517244496829,0.1927623249287858,0.1759516004536185,0.181922689009553,0.1638800977723738,0.1581641718441065,0.2057544735627647,0.1702344605909537,0.182195413092202,0.1963375200726548,0.2023434595221568,0.2079970080531394,0.1742352800757367,0.2090065110900407,0.1370854502032256,0.1023590388726317,0.1762812772162177,0.123685227330583,0.2119098855078994,0.1502350458970658,0.1263573920679778,0.149358780166001,0.1294962068302972,0.2361342741195753,0.1988357877124993,0.1465733727489461,0.227103370955317,0.2302781329567405,0.1133499473037803,0.1579738088874882,0.1462538666730239,0.1435836819676791,0.0,0.178435619292612,0.1290345350551769,0.1424489500865791,0.1502775831889099,0.1495718712459867,0.2563745771626017,0.198122070780599,0.1225191497625609,0.1046115613733011,0.2091772109216864,0.1593819203349665,0.1815545879201732,0.1965032782141489,0.1651811938901716,0.1938733724017745,0.2448581164473187,0.1612028515227163,0.181283095537849,0.1108092485160638,0.2675329801990049,0.2410158135353104,0.2166989963285443,0.1541934904499736,0.1440096180527513
0.0649760362377458,0.1004288862953272,0.0587836584912128,0.0619796229525949,0.1017798291774675,0.0673592658427976,0.084083552953553,0.080742555440982,0.0936443310356431,0.0939361224243514,0.0885670683880623,0.059824475649301,0.0583823016753045,0.1308179225669574,0.0907506475603675,0.0723477978562794,0.0987729236957211,0.0783426122079477,0.083735455732394,0.0899164523507146,0.1012165684518694,0.0590819360997692,0.0779479440470708,0.1084490548234815,0.0850277059816374,0.0887062896065823,0.0999242862888197,0.0754302668360298,0.0787741216835884,0.1034902692491276,0.0612319500014503,0.0851336604773107,0.053059113579119,0.0851847558537723,0.0737046100270353,0.1033306912390586,0.0860901315307537,0.0524980547125689,0.0940326331335685,0.0982427429328491,0.0946522078289913,0.090214851314365,0.062562579667137,0.0877576800611072,0.0606140312537652,0.0698208145661081,0.064591234872538,0.0971563989818662,0.0729174770821633,0.100411215392859,0.0636867078905287,0.1094138190290545,0.0651724898725726,0.1282163726162333,0.0865383047159784,0.0840430151232278,0.1050547755437612,0.0803409647065981,0.1301408435730698,0.0712862136699647,0.103612694578544,0.0866686729680067,0.0849188896749533,0.089655855980943,0.0851581316840691,0.0958303212736754,0.0901441605224999,0.0788153114337676,0.064937643793092,0.1062010412700799,0.0883640530465693,0.0942650418977079,0.0673328937325391,0.0738282153171369,0.0812455522317414,0.178435619292612,0.0,0.0685486782173301,0.0682422014769279,0.0991409045485686,0.077944773745031,0.1172975740927515,0.063371429650351,0.1001929313869702,0.0944072357670353,0.1235726389685743,0.0622593134639479,0.0874084459587068,0.0688544187219894,0.0667267813979064,0.0991668906262127,0.0825305085866554,0.0937619545922598,0.0562701626687089,0.098193848440769,0.1140591253149636,0.1188967181851554,0.0757583606650285,0.0810515304053739,0.098430498090883
0.0758763356633023,0.081523730225173,0.0841400963500281,0.0601412382701058,0.1159470333921597,0.0926040344017743,0.1050713918049744,0.0718687621826359,0.1279669381950387,0.0763086709460328,0.0998070123308041,0.0770600978918453,0.0808540057725291,0.1158120304917411,0.0978400712540655,0.0624510846404711,0.1222795243770948,0.0906080173737595,0.1123980237282312,0.0832921015429481,0.1357060332878296,0.0650030289509517,0.1022243845782018,0.0814357643087056,0.0566424608674979,0.0790285085123942,0.0784652259327169,0.0728508200143289,0.0902067995187324,0.1365283458023193,0.0881386518596023,0.0707379793736702,0.0828358335475479,0.0890757469438602,0.0717741714796307,0.1085744187453404,0.0897467111817187,0.0731855537980672,0.0652485192672155,0.0738557534898539,0.1069756502470893,0.1157799894969198,0.0860608707544987,0.1093777484271428,0.0940582518009237,0.0689130385130209,0.0839203967339167,0.0911849964765461,0.0886761826715677,0.1155911470166053,0.0781887744933048,0.1165383376622101,0.1044926724167485,0.1381401747510068,0.1120712396825592,0.0992733413128967,0.1337992440823541,0.0675546351780099,0.1100899306859012,0.089191686764444,0.0760082131817096,0.1195911185801168,0.0755748058650235,0.0758597165939249,0.0678343041919258,0.0788153186304069,0.1212013836422396,0.1046167200811684,0.0655794031029807,0.1326983918948999,0.1213741277540712,0.074588127593078,0.0635177583758564,0.0629305480651925,0.0877045251887208,0.1290345350551769,0.0685486782173301,0.0,0.0731104789515876,0.0908890207898942,0.0819211436007764,0.1511765176446897,0.0907687958284926,0.0794725076953121,0.076795329122025,0.1340985389219492,0.0713640927019442,0.1022243576583477,0.0920164264374365,0.0747757110468676,0.1198182609088163,0.134180338154443,0.1024848191205324,0.0778695473892922,0.0561821757760658,0.1511639929933593,0.1466402470702336,0.1143108057664791,0.0850253784494586,0.0797313093205864
0.0769731709852134,0.0741416470132487,0.0666593109468577,0.0782508845917852,0.0950063646405261,0.0981605604035915,0.0896515094525922,0.0608629661134488,0.1224562993363356,0.0581030461504786,0.1082523911174815,0.0676407738072839,0.068954953994987,0.1134596786009776,0.065316575026932,0.0820489444044955,0.0951318548209647,0.0708732453859507,0.0866623679782468,0.0929845790997707,0.1387545503199162,0.0660933480280612,0.0994226576732504,0.0702078015715371,0.0756737438444459,0.0774915094630129,0.0777099354458646,0.0777281945593354,0.085236940342886,0.1290613858037393,0.0852673907210666,0.0842291019743155,0.0684642735741055,0.0856597933144421,0.0720508260060803,0.1115487381313045,0.0869875963887963,0.0525943898745994,0.0749426647656577,0.0799106439124619,0.1212737236189382,0.1150007379759377,0.0878703836076098,0.1023679865145583,0.0729273124959848,0.0926604930417768,0.0705809034891955,0.0941077210973857,0.0683803668587612,0.1161236950120506,0.0737536002280207,0.101054286678368,0.0809752374713426,0.1128266942728719,0.0950065379443669,0.0910752743300984,0.1108804209887566,0.0784312432399351,0.1174504848178987,0.0771017971844635,0.0895600214031554,0.0904548937045892,0.075971071858847,0.0672284202727735,0.0704758682591538,0.0755185062326675,0.1076693621589658,0.1003228488486595,0.0625361592656512,0.1313606470031696,0.115089454463942,0.072561112492335,0.0616917353074787,0.070657317164842,0.0701676811891905,0.1424489500865791,0.0682422014769279,0.0731104789515876,0.0,0.0579229853902786,0.0829334199704615,0.1502958574389007,0.0846639851379629,0.0871004392697106,0.0699090979446306,0.1246365873066506,0.0604250834924996,0.0803865700548348,0.0933482631517608,0.0750822891591055,0.0980432228051718,0.1194136314263527,0.0924482949446329,0.0817100249521007,0.0837855527467981,0.1558819892051142,0.1392245892435793,0.0943117507388573,0.0631577697036561,0.0861475561631204
0.0805012639238905,0.0764581374730182,0.0757200856779534,0.0730801777804652,0.109418599580134,0.1312191036905629,0.1193075943816306,0.0783761552942187,0.1471860094636761,0.0707013410761781,0.1402716444061129,0.0911029515480173,0.0809635352442083,0.1026918270251826,0.0618936243627353,0.1055464511530712,0.1157678059789632,0.0947336352973871,0.1101362270927744,0.1080737777476622,0.1634895136952475,0.0762249237518569,0.1270914167812222,0.0557460162327532,0.0719360295570266,0.09558910063747,0.0862741870823265,0.1005340410278329,0.0831783810620363,0.1580679830877988,0.1140225610518164,0.0946064276468399,0.0916347352497074,0.1092149761823383,0.0994742271322302,0.0946910144257054,0.0904711396360373,0.0917121252541427,0.0686481629983763,0.0745125106349193,0.1541974151196673,0.1393925132361065,0.110670406009445,0.129595199501063,0.101372637749087,0.1184501498880093,0.0890429553163808,0.0872418761392259,0.0909809787863371,0.141380458091313,0.0832877767685494,0.0828328188270739,0.09655183810657,0.091866700051014,0.1205162747863252,0.1165617770356486,0.1113368804612938,0.0983070772042706,0.1174804585365821,0.0974015691879448,0.0787761065387066,0.1019243381065916,0.1084965993473868,0.0988609167741678,0.0742302697379566,0.0624810383370578,0.1336212338273043,0.1058513290952347,0.0828575960945062,0.1332091175847767,0.1382371444387784,0.0822919987615086,0.0932757166841168,0.0847137812569192,0.0890237806519686,0.1502775831889099,0.0991409045485686,0.0908890207898942,0.0579229853902786,0.0,0.1010406733643245,0.1719481146512564,0.1170950118732289,0.0949338080466803,0.0935851337453188,0.141726301684608,0.077676853128879,0.100890195250883,0.1122879757400613,0.0961516842625432,0.1218890461313218,0.1455456924250329,0.0976431005950741,0.1015944534003608,0.1054852448690378,0.1807176180907243,0.1582718606204069,0.1179600882074722,0.0714148836737946,0.0707082626179438
0.0743054361008415,0.1132362340380124,0.0726616279116685,0.0788408567367164,0.1402500285783726,0.1211672186194286,0.0887327185117221,0.0766390119259242,0.1186478028845102,0.0788114470685799,0.1186950838005893,0.0973743922635342,0.0944793659891843,0.0854358453413592,0.1124196655634262,0.0629168695812679,0.1402221435653571,0.0796575797362424,0.1287194589803555,0.106284579046409,0.1482550779626966,0.0580789303236021,0.0879559913792935,0.0916015216635623,0.090038936365278,0.0604326818025213,0.0895052799842532,0.0929637161184537,0.0902408891723815,0.0968614628694654,0.0874315194018078,0.1101402029891941,0.0750908791251266,0.071090171781111,0.0960870001113146,0.1270546858665977,0.0682538851503955,0.0701541459112191,0.0941985075432186,0.0828016932624939,0.1358249195731776,0.067779652312627,0.0946280139479326,0.1237300969445044,0.0913135662751533,0.0954518634930158,0.0892877875788962,0.1305422957901628,0.0766472933542183,0.152394377207009,0.0800916787665571,0.1220513193407284,0.1158972944644496,0.1577028723255238,0.0992057117009561,0.0567735376589329,0.1510445181059571,0.0805321571836667,0.0989382202733439,0.109017773751388,0.1017152884185468,0.1193527656207942,0.1001733753456502,0.0716013557549929,0.0933678185547058,0.0837685164779524,0.1045339411576584,0.0970553883797452,0.0807277997519559,0.1519482165150112,0.1203602667146085,0.0891501897729833,0.0894923280732948,0.0866811102508246,0.0823554070487407,0.1495718712459867,0.077944773745031,0.0819211436007764,0.0829334199704615,0.1010406733643245,0.0,0.1741575642543321,0.1113649607406628,0.0900840208231595,0.0768850967406184,0.1748547214605472,0.0587390021116233,0.1293198390501498,0.0775328094811666,0.1032611207811497,0.0698279812211492,0.1143143303249408,0.0774906339080633,0.0539257872094276,0.0871836802884039,0.1646869496827886,0.1796178916205725,0.1017492057484551,0.1078162449848823,0.1129940339343769
0.1433778971799832,0.1711364850633105,0.1337464555109127,0.1333722268437728,0.1001521164072289,0.0870064067323136,0.1306163060970607,0.16296403791767,0.1435981901901945,0.1792537502227533,0.1017970298954196,0.1098355974612886,0.1163281914721673,0.2320557697693509,0.1419240872319179,0.1567037754682863,0.0988251670879021,0.1357038720019621,0.0940601599685527,0.1295921881374066,0.0953686656876482,0.1437179792779281,0.152288887591225,0.199365706281953,0.1661688003185043,0.1819757320913471,0.1787990996419984,0.1302891771592136,0.1304392851595336,0.1514242564043398,0.1192867211988436,0.1478777556657266,0.1222145935614135,0.1652777523631421,0.1207415439457194,0.1152059364509408,0.1686507560939767,0.127802193492208,0.1653343320294275,0.1833201325259672,0.0979471326329129,0.1660017651810736,0.1097968924442537,0.113762085101246,0.1073428547275632,0.1140560347030416,0.1182520339298098,0.1446156982103221,0.1393562173394989,0.087379044870812,0.1333142252860177,0.1649166339703447,0.0950478732296184,0.1311578248534994,0.1456484467368852,0.1742931730809003,0.0859682453539957,0.1554922048341912,0.2367071553184281,0.1079508691931373,0.1864081494471208,0.1239211562265901,0.1295015011723341,0.1702061151540075,0.1349704011837811,0.1814995480382447,0.1239282512846108,0.1154924540585305,0.1417681104256216,0.067713222670577,0.1012530360894023,0.1701980523606662,0.1371079291274958,0.1352052109782011,0.1577695940619172,0.2563745771626017,0.1172975740927515,0.1511765176446897,0.1502958574389007,0.1719481146512564,0.1741575642543321,0.0,0.0875076061163213,0.1755098867402131,0.1886911847592673,0.0972052961279301,0.1471667067326339,0.1010988842286045,0.1341935948688625,0.1141465337532416,0.170031026198672,0.1112028096143787,0.1864819806111326,0.1458421943763609,0.1633507850176252,0.0636290369136996,0.0601025529235217,0.1331629798898245,0.142229196131133,0.1472294514619248
0.0860129700048172,0.1132093405692721,0.0825596957944015,0.0809529981934061,0.1064892601990759,0.0568314320420214,0.0896200981166342,0.1042795988186732,0.1117108329805769,0.1196625640634443,0.0731020664364928,0.0573948905510589,0.0662621257818599,0.1700950769837965,0.1056943897272272,0.0989170903087742,0.0981769825050292,0.0967437433403093,0.0779349166522624,0.1106673365001933,0.0960933963793448,0.0858942315292983,0.105902437495198,0.1359363689323188,0.1085298743292791,0.1136079715446578,0.11778094412415,0.0776850200273355,0.095707984194058,0.1117736811411782,0.0871984998883182,0.0978557002455546,0.0636764288745429,0.120352045216486,0.0715071285124621,0.109996295539498,0.1123881164361557,0.0666667949380997,0.1165074179555407,0.1184390107377021,0.079314950298421,0.1175072218643708,0.0676861548217789,0.0981942378287602,0.0597881202137891,0.0777765081639892,0.0702761125083743,0.1046806279111897,0.0877236035948244,0.0797741989673365,0.0815877771567577,0.1167009269449378,0.0717559533523938,0.1317007632495223,0.1104849082876566,0.1177764960057918,0.0924625919919147,0.098984313491957,0.1686121648453427,0.0719309489360954,0.1324907884661065,0.089438485116346,0.0853686686609025,0.1108962856958916,0.1003013876846042,0.1218790510147447,0.0973930283932695,0.0730812324842498,0.0844207150909667,0.0854681671350982,0.0884632355710609,0.1106087660330068,0.080026599669175,0.0927269302877914,0.1074329295431741,0.198122070780599,0.063371429650351,0.0907687958284926,0.0846639851379629,0.1170950118732289,0.1113649607406628,0.0875076061163213,0.0,0.1161475905687482,0.1220335860929419,0.1132621952174383,0.0848067323251238,0.0917625922293855,0.0928341808065748,0.0815392348988768,0.1220488573683685,0.0777475234700127,0.1308835883601539,0.0850333442601337,0.1108499186034145,0.0886952447208337,0.0883293131265181,0.0825489019437127,0.0899427671424401,0.1142299162772936
0.0996417827834199,0.077312698545098,0.1036496391578982,0.1005942366410679,0.1368896252806497,0.1264747832440965,0.1176360603653132,0.0746264200405377,0.1639765066119544,0.0981767854154049,0.129234944551795,0.0835865972789618,0.0965050326368565,0.1121075852213262,0.1144050125288907,0.0672890832408331,0.1506294356239987,0.1252122941517147,0.1491551783512498,0.1385133435730991,0.174872458897669,0.091785507454612,0.1361920182464008,0.0837942943070639,0.0941858241348981,0.1029927242739948,0.0681610242363013,0.0590779609544217,0.0923911562084889,0.1489390318527211,0.1181850653757119,0.089306023467992,0.1014401032141647,0.1170982301864448,0.0779132596279414,0.1136197978438272,0.1238138986648494,0.087622716334034,0.080978236980605,0.0879569480563782,0.1274106663293294,0.1382145858286718,0.1190512318895057,0.1506277958474146,0.1050764575194894,0.1040709429311684,0.1035034324793321,0.0864567846875459,0.084767062240341,0.1219965803015901,0.1103759138736859,0.104659608367099,0.1250252145876991,0.1626495130676813,0.1429448157958994,0.1175489348345987,0.1393157323458634,0.0552773997154902,0.1197910986519743,0.1025744628703974,0.1044627091834526,0.1444585406910788,0.0915408119475504,0.0771282249496629,0.1111872348878734,0.1048508470689667,0.1513438974883328,0.1033885046058243,0.0977948428794437,0.1470362561615031,0.1681227294518165,0.0795953666728442,0.0917695386533409,0.0957001132343395,0.0891829550978469,0.1225191497625609,0.1001929313869702,0.0794725076953121,0.0871004392697106,0.0949338080466803,0.0900840208231595,0.1755098867402131,0.1161475905687482,0.0,0.0744018287748868,0.1395625594485116,0.0858772423041157,0.1269013983469782,0.1280115926223834,0.1004485096140228,0.1357571780141047,0.1571329109143135,0.1316329144267175,0.1029151495707599,0.079300641797172,0.1795933661941176,0.1688036139116451,0.138138020160976,0.1176187679837982,0.1013544346693561
0.0930517675486856,0.0832374059303669,0.0993315130965767,0.0930305862106003,0.1359586173146872,0.1277205968499379,0.1152829468158913,0.0746679689678344,0.1593029484327051,0.0600482016358152,0.133437926707719,0.0948800846582549,0.1027823148092171,0.0943159481413392,0.0985214508289303,0.070298302608962,0.1435147402193721,0.0975710915579855,0.1401717471909301,0.1109635528939494,0.17312399525001,0.0792703949365736,0.1130900742121996,0.077940547273015,0.0794204667450519,0.0733700706139028,0.0621538270651703,0.0913991582515501,0.1033735386257093,0.1434413598958942,0.1157847715271201,0.097075265879147,0.1022521974279833,0.0908656536988516,0.0858804017059927,0.1329862528805878,0.1086495349388372,0.0834421203773537,0.0741612973984141,0.0727544116647814,0.1436437682995546,0.1181566149375532,0.115984369276107,0.1395453065940986,0.1093533905322351,0.1138807422293223,0.1086907407447975,0.1083829918087888,0.0867392662890116,0.1434481667989147,0.0955591771240432,0.1168707572008651,0.1218209895537431,0.1558745120135495,0.1215388061540598,0.0899815079590672,0.1418907254798045,0.0695838182372914,0.0898496376095659,0.1092385103730832,0.0963254860972565,0.1370349946005033,0.0948589635428295,0.0531768373280707,0.0953720467321489,0.0811640452577565,0.1492069047249137,0.1196251707178826,0.0691832860462423,0.1641384115539965,0.1528333356342058,0.0719312286721939,0.0799525559826672,0.0955410594478084,0.078517467972062,0.1046115613733011,0.0944072357670353,0.076795329122025,0.0699090979446306,0.0935851337453188,0.0768850967406184,0.1886911847592673,0.1220335860929419,0.0744018287748868,0.0,0.1537115863355086,0.078269286826773,0.1209025626110726,0.1101768581833448,0.0929013385099584,0.1102874018322926,0.151496980247636,0.0985045409249845,0.0972652340901715,0.0772214268520363,0.1898977591652366,0.1784528462467038,0.1299827887439352,0.0966793351126591,0.1012018204488039
0.1393948993391787,0.1104399875519997,0.1438808278055436,0.1398809053181025,0.0685693363093958,0.1102192347219038,0.1655776636227967,0.1404816255243517,0.1786531413465309,0.1548733846511739,0.1126301734137448,0.1065710241070881,0.1255330085914123,0.2178777401352616,0.106850876168658,0.1589085874258982,0.0966438097769011,0.1702517502163661,0.1080210461752936,0.1422287402211004,0.1454883786576378,0.1489610359616177,0.1901819539471042,0.1586788617733738,0.1441382181317789,0.1805366592358443,0.1297321935673405,0.1127725239396532,0.1360418648627485,0.1985524680747589,0.1355571225280231,0.1058520057072993,0.1384239973989097,0.1754391380704843,0.1352542752392655,0.0974380798797009,0.1788223090367598,0.1332350098235601,0.1240975677047154,0.1502258614221684,0.1177140964202798,0.1992402021054896,0.1434316327918793,0.1276435804201261,0.1209958486614926,0.1206692373160483,0.1105222504740543,0.1050409076721934,0.1293853208130825,0.0831515050018908,0.1433351112884492,0.1198892374156229,0.1107796645808829,0.1050987749365393,0.1754301744476846,0.1937680679714485,0.0902404000045918,0.1330926109540715,0.2191231743619171,0.1178271486922616,0.1615860616973453,0.1462007680617232,0.126349015870889,0.1527237428520046,0.1183292506335458,0.1676531951184391,0.1629865759796539,0.1346442319997452,0.1313362379643745,0.1037125831926509,0.144369596344251,0.1254014642875366,0.122598645982652,0.1207664232328629,0.1525896126268363,0.2091772109216864,0.1235726389685743,0.1340985389219492,0.1246365873066506,0.141726301684608,0.1748547214605472,0.0972052961279301,0.1132621952174383,0.1395625594485116,0.1537115863355086,0.0,0.1511644576764172,0.0739044954526198,0.1700000700790995,0.1065684502398525,0.204432156274225,0.157886963760495,0.1981984071718648,0.1623809294874662,0.1326033177294492,0.1318924763590044,0.09667624329393,0.1629419631703222,0.1082085566022681,0.1067846120106263
0.0480725218285446,0.0884515320929961,0.0570299124274664,0.0599754984459283,0.1163340743808788,0.093886329121087,0.0936427394273159,0.0710888034870224,0.1003443610264569,0.0754792405514848,0.098800193539546,0.0825261108807382,0.067122405244068,0.0958759656659361,0.0795102769721387,0.0653697514547124,0.1106008448613803,0.0641467467179242,0.0973315452694422,0.0789848241028444,0.1283750624083763,0.0444077777196911,0.0800243672784175,0.0774789753675742,0.0780172895472698,0.0564087251702218,0.0911216266821247,0.0743800124745156,0.0809397158810928,0.0983028957401116,0.0726429457047118,0.0953184878679006,0.0517502261912805,0.0727364824628891,0.0735403134524765,0.1046922629620305,0.0556374581415042,0.0576152667221654,0.0856216259942333,0.072352764143835,0.1184817599068953,0.0836260150636718,0.0707645122245726,0.0979580315138289,0.0754875185289197,0.0874229373770545,0.0616179936223068,0.1087826700452032,0.0649936968862699,0.1300273976322197,0.05471607403901,0.1143263411501455,0.0764757881694211,0.1264048611763384,0.0886953376788141,0.0694170684416785,0.1229995052649663,0.074536625307886,0.1029331946212049,0.0877000995882372,0.0845332350552552,0.084481512970701,0.0937264103115736,0.0777753614725892,0.0702664684272128,0.0600708812103338,0.0972610705622739,0.0842738153565249,0.0586579357892678,0.1258510104261898,0.0982934557958397,0.0785595971812167,0.0742553696987839,0.0739233139146116,0.0666574204604411,0.1593819203349665,0.0622593134639479,0.0713640927019442,0.0604250834924996,0.077676853128879,0.0587390021116233,0.1471667067326339,0.0848067323251238,0.0858772423041157,0.078269286826773,0.1511644576764172,0.0,0.1124467575875252,0.0666641296605838,0.0827640021093193,0.0813016519777657,0.098677310386276,0.0744266591555066,0.0477155749454217,0.0894263853923359,0.1466159911538079,0.1543704396246345,0.0751010749045572,0.0855689938165702,0.0950727077425576
0.1048883069126673,0.0889796975144488,0.0986794939558942,0.1060820278755658,0.05764795933786,0.0836542295674686,0.1200070437343261,0.1011665060225511,0.1381508603427823,0.1119053108884589,0.0990663575494606,0.0814033892630849,0.0846272873446731,0.1796515756130473,0.0756204437060171,0.1216090035068766,0.0628539950264131,0.1124672494750435,0.0801742141522856,0.095495575781765,0.1234374417326563,0.1051311902779746,0.1433998145307498,0.1217025320692018,0.1029356232491638,0.1395622380039251,0.1026538671865057,0.0998249641242136,0.082743418436372,0.1591407204136146,0.0912082621525484,0.0893664208117193,0.0976697465301427,0.1280423880400198,0.100380148397171,0.0966728428661551,0.1337318154202942,0.0952658642886891,0.0884568764574884,0.1203947601984921,0.1099169347826393,0.1531385849312858,0.1102978703498585,0.0905776398237127,0.0917233138664328,0.0896781247239412,0.0893600643479183,0.0815305511531649,0.0905107137407533,0.0823135587075402,0.096935432102169,0.1208195534181426,0.0768780925190411,0.1017433559573365,0.1245292904453254,0.1487215640780704,0.0824361817760055,0.1077611170152375,0.1777716230716367,0.078603448296077,0.1231621905201264,0.1032101074923607,0.0889376065047827,0.1177477507434573,0.0779512228785405,0.1286905010374091,0.1253769217843148,0.1075963786658822,0.0932854999247534,0.0909852427545144,0.1040908453504438,0.0977453011267013,0.0890429786497939,0.0794572953348595,0.1076476740300383,0.1815545879201732,0.0874084459587068,0.1022243576583477,0.0803865700548348,0.100890195250883,0.1293198390501498,0.1010988842286045,0.0917625922293855,0.1269013983469782,0.1209025626110726,0.0739044954526198,0.1124467575875252,0.0,0.1191897140769204,0.0721261518224295,0.1534760210914324,0.1295918626619865,0.1524306585381215,0.1246085430227327,0.1044091846723448,0.1286917541598916,0.0885676282768001,0.1271970128182528,0.0788638407919731,0.0805660173050046
0.0715944934610354,0.1291606483366601,0.0833674578688461,0.0725019326166878,0.134987251679313,0.0867423841879063,0.0812389268334282,0.1001764187706592,0.0629476587801698,0.1109085996744283,0.0970473478955152,0.0966048058885195,0.0852270501959786,0.1367534492166656,0.1152710658761534,0.0833810615310044,0.113488191955186,0.0615263024718304,0.0963012162213227,0.0847560470942307,0.087272996135489,0.0762950941011764,0.0558477401561677,0.1214590634076708,0.105202563708615,0.0806043853633989,0.1207555217012404,0.1031270235158074,0.0967592935630882,0.0806784401303545,0.0623292869892597,0.1209629687890844,0.0671395572709184,0.0627582590741028,0.091665100784762,0.1389723980362758,0.0667073430981397,0.0790650476979535,0.1177341546135586,0.1142569503632481,0.1161287349033808,0.0634807537635687,0.0671351850574597,0.079656679308219,0.0859555743886625,0.0808568247257111,0.0885684679233728,0.1390817351617035,0.093351351624772,0.1354243449689252,0.0733404620515841,0.1526189005405963,0.0915106653241876,0.1502972282111452,0.0699839328608313,0.0667723464947375,0.1278726812630827,0.110115684105153,0.1336976536309298,0.0959529940492016,0.1224716438852561,0.0862838128698958,0.0880479932385661,0.0973345668087325,0.0928724835880243,0.1016018306612473,0.0658325266888537,0.1069636878905758,0.0851854220457305,0.1142727706019191,0.0675046279423621,0.1137495689546439,0.0749066661528741,0.0918243205339108,0.0860272465380119,0.1965032782141489,0.0688544187219894,0.0920164264374365,0.0933482631517608,0.1122879757400613,0.0775328094811666,0.1341935948688625,0.0928341808065748,0.1280115926223834,0.1101768581833448,0.1700000700790995,0.0666641296605838,0.1191897140769204,0.0,0.0984383821552162,0.0681194474080006,0.0841807970993521,0.0891345520585948,0.0570146105309172,0.1056718307745784,0.1212250853808644,0.1447483174820391,0.085552328714977,0.1154683719058013,0.121924982417769
0.0854036070934606,0.0796717985007609,0.0792235285205418,0.0798544578078915,0.088817082991877,0.0641318739293562,0.1134182173477073,0.0830548689524591,0.129190599853553,0.0969932035567939,0.0821031831506048,0.075841169014191,0.0687357896657616,0.1540918931247977,0.0828137780764843,0.084191882133086,0.0974354645251892,0.1086120308721715,0.0885347180205402,0.0851731239187542,0.1184438012317334,0.0832866467977588,0.1146676628278506,0.107003720790128,0.0872222526151585,0.1080865494025477,0.0959750880592522,0.0770752267115721,0.0843534388702403,0.1435729837553406,0.09360463552376,0.0725324107426323,0.077700215967378,0.1123608402464985,0.0650518438657511,0.0918260080434834,0.1176638709614202,0.0785226628938325,0.072647802070448,0.0863286139661043,0.0879831209700474,0.1296197376608811,0.0884113643398464,0.0938376337180601,0.0847075815183882,0.0753262226067527,0.0805001165297749,0.0837321034558431,0.0846492779318705,0.0785516263402643,0.0723300405438943,0.1191316137471801,0.077678841399878,0.1128785473718479,0.1175453532838439,0.1194290399798134,0.0941050068315873,0.0744080287080736,0.1568761828418612,0.0814807477937051,0.1027180588276155,0.1067920957800978,0.0870482265681159,0.0933814598730565,0.0673672145502756,0.1071453941205476,0.1272092854975789,0.102012177123695,0.0700071422972689,0.0955003067987928,0.1014441312556983,0.0838120389832223,0.0711707741047418,0.0765687827528219,0.0903226431658846,0.1651811938901716,0.0667267813979064,0.0747757110468676,0.0750822891591055,0.0961516842625432,0.1032611207811497,0.1141465337532416,0.0815392348988768,0.1004485096140228,0.0929013385099584,0.1065684502398525,0.0827640021093193,0.0721261518224295,0.0984383821552162,0.0,0.1315551170571963,0.1254508017432279,0.1290764841919033,0.0907038605631072,0.0930607544665142,0.1243931417571217,0.1006640856376104,0.1161118007978632,0.0767558951831675,0.0762551163495764
0.1024698234420192,0.1543145977534506,0.0823984402869662,0.1039125237971089,0.1681186856621457,0.1250263569963968,0.0762667416937717,0.0983913966646916,0.0906661070535882,0.1016374450638371,0.1282808398423405,0.118951812038262,0.1040830087131231,0.1139911291213702,0.1340045369669784,0.1014675702948102,0.1433626769036221,0.0670102139959896,0.1152458553277064,0.1104356931480815,0.1234370092686424,0.0831445412001489,0.0661357825802842,0.1289717616646549,0.1329108378864716,0.0823690807943922,0.1320395556668532,0.1314574438576818,0.1174508685400507,0.0833353316542446,0.1028225830996608,0.1544827947277231,0.0846854283449538,0.0736850302336429,0.1097137462098911,0.168453471770522,0.0827923161786887,0.0860814526832833,0.1445114980305828,0.1227171536894194,0.137635722763629,0.0537328990433166,0.0863246827874555,0.1138785824624211,0.0987223208380292,0.116322101953633,0.1150488923687164,0.1721343407037929,0.099615244866439,0.1705070112690857,0.0895509831984046,0.1590915433321063,0.1194360493059993,0.1725346522070917,0.074127991602845,0.0499464046915193,0.1652336768341932,0.1235654975065459,0.1297393839088637,0.1146534075207835,0.1404069908534723,0.1064367497502476,0.1166237625144866,0.0872561356556532,0.1201511530079776,0.1074244061479347,0.0836541053016521,0.1205643110390483,0.1143754512662295,0.1551722161549978,0.1008894663456704,0.1330393482217537,0.106406036131804,0.1270717614137208,0.1018538658535099,0.1938733724017745,0.0991668906262127,0.1198182609088163,0.0980432228051718,0.1218890461313218,0.0698279812211492,0.170031026198672,0.1220488573683685,0.1357571780141047,0.1102874018322926,0.204432156274225,0.0813016519777657,0.1534760210914324,0.0681194474080006,0.1315551170571963,0.0,0.0951093761211085,0.0786587897082428,0.0778456335798209,0.1265528366655081,0.1526675948471284,0.1800917627797021,0.0873726399841921,0.1382679971657782,0.1610033444651536
0.1003860143566109,0.1621697682108638,0.0854476851458595,0.1135816281725353,0.1307837657706787,0.0873330312921989,0.0908267432215232,0.120536773672917,0.0835996169243002,0.1497500667491459,0.0810599912139351,0.1003732247394089,0.0922175628686148,0.1638357284556693,0.1384854548436985,0.1303488040241966,0.1102590363140914,0.0939167049618726,0.0913505492032655,0.1236980455678696,0.096995501063504,0.0994422001820899,0.0935396085103712,0.1632426748302099,0.1377665520433912,0.1264359217221342,0.1567926944413656,0.1262403356111711,0.1119183129696949,0.0619870916753112,0.0890051149247168,0.1403311652156222,0.0742310942932755,0.1191257201765216,0.1216993547522738,0.1458777127417986,0.104798524190737,0.0898795434560824,0.1645871064442901,0.1515281641799451,0.1080471072746086,0.0836160615590501,0.0825108119332113,0.1041964112391124,0.0688726856347695,0.1084247994323228,0.0822531253679444,0.1573196477678321,0.1088660099150677,0.1240453347126614,0.0966207324029942,0.1494258793993426,0.0880444091462269,0.1525042036268889,0.0888263312054233,0.1006954899094295,0.1152272815142064,0.1383350505655951,0.1760264400891588,0.1058797605885893,0.1597178865347622,0.0805778426392454,0.1198539288379259,0.1322929213199966,0.1347031437554922,0.1416734598447007,0.0675521734513564,0.0752220155406643,0.1099823674843402,0.1082231707906498,0.0862087370298977,0.15438555775024,0.1034191271233482,0.1251694610341294,0.1250391738757274,0.2448581164473187,0.0825305085866554,0.134180338154443,0.1194136314263527,0.1455456924250329,0.1143143303249408,0.1112028096143787,0.0777475234700127,0.1571329109143135,0.151496980247636,0.157886963760495,0.098677310386276,0.1295918626619865,0.0841807970993521,0.1254508017432279,0.0951093761211085,0.0,0.1235190210158198,0.0841246698395488,0.1610118458664293,0.087836004215283,0.1219978981416285,0.062234214195761,0.1264101074187609,0.1570998076619026
0.083031158648219,0.1398522123092613,0.0874170619737568,0.0901844934647263,0.158700831063817,0.1367890863668017,0.1168502000178063,0.1039913107884802,0.1262291672797783,0.08538238879181,0.1463306338902838,0.1227315130928608,0.1120736104368783,0.0855509745033374,0.1180765189149489,0.1041373208455865,0.1474430260912537,0.0831713752557377,0.1222672472878876,0.0920403017949384,0.1542809293615477,0.0832708546842028,0.0904889983097408,0.1020629758070094,0.1038941249631114,0.0691832753370486,0.1219569619271748,0.1291037916960406,0.1235727670855596,0.1093004093315679,0.1016089178168421,0.1357174592057698,0.0878102143021229,0.0742205818287964,0.1200344870176244,0.1492057811628436,0.0526386908268164,0.0926101817072158,0.121364945190076,0.0916493475921944,0.1612569113953507,0.0819519664984453,0.1051997281019568,0.1251949128378364,0.1159813862176161,0.1271573481559579,0.1074584791929437,0.1644109485617909,0.1014383633295458,0.1841916190834177,0.0760504468667708,0.1415148452329831,0.1134343094538714,0.1376752856015203,0.0800313236168091,0.0827931015839792,0.1686539696525568,0.1218851426496362,0.0983186647281365,0.1301124774770116,0.1014130181972067,0.1005434106348577,0.1331125809782984,0.0937461613348717,0.1016962351175098,0.0734800507073009,0.1255331279559622,0.1290072264821302,0.0901145474745466,0.1691963817639917,0.1240181298523131,0.1167690591919825,0.1141606908275542,0.1153416189447968,0.1007813871697191,0.1612028515227163,0.0937619545922598,0.1024848191205324,0.0924482949446329,0.0976431005950741,0.0774906339080633,0.1864819806111326,0.1308835883601539,0.1316329144267175,0.0985045409249845,0.1981984071718648,0.0744266591555066,0.1524306585381215,0.0891345520585948,0.1290764841919033,0.0786587897082428,0.1235190210158198,0.0,0.0835711340668127,0.1095865518609683,0.1815954336510702,0.1970053933643814,0.0850844499980425,0.110161503340977,0.1342363563455023
0.0597083629756649,0.1156340742548388,0.057318366142406,0.0611692456570227,0.1283408890868592,0.0938159872946644,0.0881155037009968,0.0847658578449432,0.0817004247931211,0.0951912488498727,0.0928749652773852,0.0851541358257838,0.0767681496225651,0.1153126899012103,0.1017103264960995,0.0693855993198222,0.1220722505107592,0.0709562332143917,0.10455669602172,0.0876400323713925,0.1119648783400604,0.0534599177208852,0.0637792096434512,0.1082715758442062,0.0961953338137694,0.0659006790724016,0.1044500509970416,0.0861058925722201,0.0875564265060009,0.0796621891933209,0.070373479286904,0.1089752814327844,0.0581617746567613,0.070592518898598,0.0866968998615066,0.1218796467996066,0.0589074124058136,0.0645645489194088,0.1061192321632506,0.0939254897865791,0.1108413654851463,0.0594165180378555,0.067720500421359,0.0947663969220655,0.0783623916192282,0.0799688513765874,0.0743747005838326,0.1242059912543951,0.0802753373290683,0.1340082747468615,0.0642844921860188,0.1256724647108507,0.0878772545801335,0.1457893904968157,0.0857882071001024,0.0560423799039908,0.1329501918931168,0.0820453365477974,0.1169766985738303,0.0963122158729408,0.1090054362519592,0.0949936310070462,0.0964741842586606,0.0890442303069556,0.0937455264673526,0.0888165791013115,0.0829032268034737,0.0837443143641913,0.0767138136661028,0.1291567790475098,0.0880825210479877,0.1029103487435901,0.0799694056473041,0.0869887979493353,0.0859645935239612,0.181283095537849,0.0562701626687089,0.0778695473892922,0.0817100249521007,0.1015944534003608,0.0539257872094276,0.1458421943763609,0.0850333442601337,0.1029151495707599,0.0972652340901715,0.1623809294874662,0.0477155749454217,0.1246085430227327,0.0570146105309172,0.0907038605631072,0.0778456335798209,0.0841246698395488,0.0835711340668127,0.0,0.0998586106407381,0.1386747425999772,0.1552501427758876,0.0717274489593951,0.1047143530961388,0.1140444453630222
0.0954382679751689,0.0832793258526867,0.1146423818697456,0.090245167059302,0.1198545824668306,0.1131834209309167,0.121823510957233,0.0845896588035446,0.148119990850375,0.0762436683126352,0.1243256103899982,0.0935397997086188,0.1096634822461,0.1294131060474288,0.1105339525683925,0.0682222187305729,0.1314492813501511,0.1024155599707448,0.1266954868168067,0.090023253164607,0.1572379032732523,0.0897098126284869,0.1145520198834584,0.0951149810721264,0.0814919058588097,0.0786814029557179,0.0730218402591406,0.0781003477333791,0.1077780187166561,0.1486560591619299,0.1035160054900104,0.0765787736909199,0.103962714411232,0.0883791889466535,0.0874411073846633,0.1325018332444137,0.1053210723987443,0.0926498574234989,0.0727097349054022,0.0995663218764116,0.121275308587115,0.133140375888167,0.1162824561798785,0.114892812837261,0.114830095498184,0.0867318207148865,0.1088827720945943,0.1017299438584366,0.0963959989740264,0.124216764353576,0.0947582434908926,0.1364075531904381,0.1220950844420769,0.1520891016631748,0.1209961121231426,0.1061796131370277,0.1475552505427299,0.0834832027612946,0.1103105864264576,0.0989033574368676,0.091075140000813,0.1390085873015057,0.0693705899200418,0.0746524235259177,0.0775840566935921,0.090366035773422,0.1407107106373469,0.130223738974383,0.0808268343561102,0.1461569830355302,0.1389978360972884,0.0657111232682682,0.0826103654432195,0.0743468863987211,0.0906959367425451,0.1108092485160638,0.098193848440769,0.0561821757760658,0.0837855527467981,0.1054852448690378,0.0871836802884039,0.1633507850176252,0.1108499186034145,0.079300641797172,0.0772214268520363,0.1326033177294492,0.0894263853923359,0.1044091846723448,0.1056718307745784,0.0930607544665142,0.1265528366655081,0.1610118458664293,0.1095865518609683,0.0998586106407381,0.0,0.1762879026420618,0.151298478473032,0.1410069750606839,0.0982240344243126,0.0919570705257513
0.1397567937063996,0.1837793563265822,0.1271705435577662,0.1372277734955465,0.1219991787232702,0.0865722233614607,0.1104290488258312,0.157466127457151,0.123642834792142,0.1886476403477629,0.0912536190105779,0.1185765248201479,0.1226688556174269,0.2243646198470621,0.1633247058598173,0.1491453818555618,0.1152999938754016,0.1282680596248639,0.1055959768937008,0.1482941813870503,0.1025250905029654,0.1410824246425415,0.1340009583838275,0.1989495439032154,0.1716799136817769,0.1798270201370812,0.1863621798263325,0.1405546385321218,0.1324494538649201,0.1271524688344154,0.1129822935092811,0.1563565685319908,0.1186492685139754,0.1628074315209192,0.128492135564009,0.1319270916948509,0.1623055046078219,0.1281862109057374,0.1780409097182748,0.1827542364266781,0.096397218287019,0.1490545710958451,0.1006149149979666,0.1168205519449857,0.1020876513242937,0.1113900607233677,0.1153790713087155,0.1596123117643201,0.1378967259572479,0.0969376692425418,0.129438876584702,0.1694120251854686,0.1048089210256865,0.1561552256679524,0.1397379986889961,0.164951599778774,0.1022444493660494,0.1579596446038545,0.2335809704507971,0.113109629317708,0.1901727105599809,0.1217094275868137,0.1352764902170017,0.1696070253492686,0.1516263254374673,0.1896395064165449,0.1027674170360098,0.112492373027305,0.1490175310703814,0.0929695847631614,0.1089444207470204,0.180712021921286,0.1330790572149782,0.1410825947455977,0.1597775327118764,0.2675329801990049,0.1140591253149636,0.1511639929933593,0.1558819892051142,0.1807176180907243,0.1646869496827886,0.0636290369136996,0.0886952447208337,0.1795933661941176,0.1898977591652366,0.1318924763590044,0.1466159911538079,0.1286917541598916,0.1212250853808644,0.1243931417571217,0.1526675948471284,0.087836004215283,0.1815954336510702,0.1386747425999772,0.1762879026420618,0.0,0.0740047915959806,0.1253154951650811,0.155645431482314,0.1655516711927674
0.1491000062422126,0.150560560125093,0.1364701417076183,0.1354943648962721,0.087693566439947,0.0847664179103736,0.1232985184041968,0.158889038619965,0.15721822043214,0.1637720576442095,0.1079324136570408,0.1018319208145207,0.1139001434480286,0.2325249166406287,0.1252355812623056,0.15862258840395,0.0877571384401893,0.143056795151249,0.0940508256297447,0.1270837561876275,0.1027974010015079,0.1475592064933693,0.1566952107719806,0.1868585713431373,0.1559838527574503,0.1850694616372746,0.1620699796646374,0.1285495172397733,0.1270943142377819,0.1605005886230814,0.1265798277493536,0.1366049634752035,0.1303466588948251,0.1716911177319758,0.1163524458391752,0.1221840154611618,0.183029116536496,0.1287479550697138,0.1494668859902071,0.1805021547201982,0.1080133823373062,0.1779654076450079,0.1183224696492513,0.1068677362856593,0.1115927235217717,0.1229758055219597,0.1248525614569277,0.1273173363886438,0.1392031441379398,0.077787701350979,0.1357297911335205,0.1617076390591301,0.1006351667127396,0.1289363880306365,0.1549013729290342,0.181010046922146,0.0819488430002028,0.15535500424509,0.2279068465955397,0.09135613884398,0.1797100974191906,0.1370471509526917,0.1227048350724185,0.1608710953999843,0.1236564953470221,0.1812879948633416,0.1340119475519544,0.1183339998708682,0.1377045987244861,0.0695270865962847,0.1148862862134106,0.1585440583667148,0.1263951029956602,0.1286921537039101,0.1518479654792358,0.2410158135353104,0.1188967181851554,0.1466402470702336,0.1392245892435793,0.1582718606204069,0.1796178916205725,0.0601025529235217,0.0883293131265181,0.1688036139116451,0.1784528462467038,0.09667624329393,0.1543704396246345,0.0885676282768001,0.1447483174820391,0.1006640856376104,0.1800917627797021,0.1219978981416285,0.1970053933643814,0.1552501427758876,0.151298478473032,0.0740047915959806,0.0,0.1454207056218853,0.127917651716918,0.1293528749926603
0.0767097488456841,0.1433130601373463,0.0714292357934388,0.0932771905097492,0.129169395741492,0.0962820884366537,0.1023170314670008,0.1066537651841524,0.0880358641879776,0.1170608679646827,0.0909436891971503,0.0892708513279474,0.0838631032060178,0.1385637000333725,0.1160159544873053,0.1179900424671156,0.1138701613994821,0.0779105303168106,0.0775198743761585,0.1011884336743207,0.1053492662227792,0.078232629550457,0.0931871176212605,0.1352761607015018,0.1220998659046321,0.1026522245646417,0.1381691511204019,0.1093564443190306,0.104837230659453,0.0764274413456858,0.0802447649342066,0.1350075033912963,0.0608803730950115,0.0968633558896426,0.1070140851498615,0.1329682615220206,0.0681419837559465,0.0821281447856712,0.1407414155100328,0.1211330906400721,0.1157083443340787,0.0776581777006504,0.0699851872065905,0.0983772569950467,0.0750323757110674,0.1051312363902199,0.074633277074794,0.144587083006686,0.0950833787836364,0.1444872860203826,0.0760546854724889,0.1303180946503078,0.0781711817865677,0.1410349468910284,0.0806944190697598,0.0962798508449374,0.1303207259578363,0.1166726421776584,0.1485787391246436,0.0996266179781176,0.1334951263676982,0.069903457023175,0.1226967495392574,0.1168702043252603,0.1169431625284273,0.1105148983569203,0.0826601054482024,0.0822111892652317,0.0922659395103836,0.1198690843933443,0.0935791701058529,0.1318304868805223,0.1037575979709309,0.1154270715143917,0.1110564224079158,0.2166989963285443,0.0757583606650285,0.1143108057664791,0.0943117507388573,0.1179600882074722,0.1017492057484551,0.1331629798898245,0.0825489019437127,0.138138020160976,0.1299827887439352,0.1629419631703222,0.0751010749045572,0.1271970128182528,0.085552328714977,0.1161118007978632,0.0873726399841921,0.062234214195761,0.0850844499980425,0.0717274489593951,0.1410069750606839,0.1253154951650811,0.1454207056218853,0.0,0.1073100919684186,0.1446842237145961
0.0770617960856407,0.0802278579545609,0.078819167493252,0.0703764894280896,0.0845373073466869,0.1042695852906099,0.1173753279041301,0.0937593958040369,0.1402121810164775,0.0783735972793933,0.109065647483663,0.0810308258206575,0.0862903728305282,0.1253687730542317,0.0580171526992976,0.1142815594937986,0.0979629910970739,0.1024430816749501,0.0842825143726338,0.0967855092191525,0.1418345126584083,0.081150538473494,0.1335637853766356,0.0880248943527823,0.0732963738095423,0.1011800568219294,0.0950613739453927,0.096655957048168,0.0984757439079567,0.1585313622675852,0.1064238524057771,0.0756893240144535,0.0835539834430036,0.1178366128610627,0.1002168386979132,0.0901870403809461,0.0939124762610403,0.0932202967532983,0.0769334567863111,0.0791248473621266,0.1292876357803371,0.1437624659466185,0.0940003572975971,0.1081154581982809,0.0853448414934091,0.0918853601333145,0.0715557598024168,0.0929163964860324,0.0941629566259323,0.1201816248982566,0.0819776803757161,0.0904911795632771,0.0778996281883659,0.0792481256570106,0.1259690588890032,0.1325351812031719,0.0969993723539911,0.1022465827832479,0.1334744508377808,0.088853725799791,0.0896219240086635,0.0995796380434192,0.1072123980581146,0.1037714836549991,0.0714376314912633,0.0780515423331015,0.132231031548265,0.1040406940696421,0.0612185416015759,0.1194477335296103,0.1152920769499121,0.0895659890409516,0.0920176007217956,0.0849336160707839,0.1036566425814815,0.1541934904499736,0.0810515304053739,0.0850253784494586,0.0631577697036561,0.0714148836737946,0.1078162449848823,0.142229196131133,0.0899427671424401,0.1176187679837982,0.0966793351126591,0.1082085566022681,0.0855689938165702,0.0788638407919731,0.1154683719058013,0.0767558951831675,0.1382679971657782,0.1264101074187609,0.110161503340977,0.1047143530961388,0.0982240344243126,0.155645431482314,0.127917651716918,0.1073100919684186,0.0,0.0651057167477256
0.0807436562238487,0.0789327464929429,0.1007888157873433,0.0775605359591536,0.0755840622894497,0.1123729410345454,0.1406011491986678,0.096972061450049,0.1570703300173833,0.0861348965227031,0.1262587611865605,0.0930330220794717,0.0912855709129165,0.12768744877315,0.0637017289691623,0.1044246972122846,0.0933028535999428,0.1229421087281811,0.0993930607434037,0.0947437841811272,0.152197565777185,0.0903422854955223,0.1481792610328389,0.0786015917587238,0.0636954926841486,0.109801076851518,0.0940101368537941,0.1042835459260978,0.0885778312521873,0.1779182084927013,0.1079770962204244,0.0658700303184108,0.1037382722408466,0.1197968297209639,0.1103856413109526,0.0759416284959009,0.1149933271077889,0.1101643050354947,0.0624910653233152,0.0787676653311981,0.1452308637394548,0.1601216897114836,0.1214528366355788,0.1124702166108017,0.109361466638238,0.1059306318627439,0.0834363412829775,0.0738753072641661,0.1019767166088004,0.1140173109948441,0.0933644866747198,0.111695578912084,0.0959909459904996,0.0902828556133248,0.1396436592177115,0.1424820335489431,0.101458610183836,0.0997216558118345,0.1278845882058803,0.0996446711044247,0.0762364756231923,0.1213279537795849,0.1020954088840526,0.1149252580555301,0.0627393598633349,0.0823738888129147,0.148601132149276,0.11821918050061,0.0767187541887389,0.1196401232578838,0.1285823820319287,0.090602466467311,0.0902182731493435,0.0704576550464276,0.0920925347726491,0.1440096180527513,0.098430498090883,0.0797313093205864,0.0861475561631204,0.0707082626179438,0.1129940339343769,0.1472294514619248,0.1142299162772936,0.1013544346693561,0.1012018204488039,0.1067846120106263,0.0950727077425576,0.0805660173050046,0.121924982417769,0.0762551163495764,0.1610033444651536,0.1570998076619026,0.1342363563455023,0.1140444453630222,0.0919570705257513,0.1655516711927674,0.1293528749926603,0.1446842237145961,0.0651057167477256,0.0
