1.0151139859780756,0.2351647005747056,0.8311979661938036,0.32423840949372423,0.2612763220798127,0.5996333339694494,0.3944527038891492,0.1993462912843949,0.37128753423349914,0.030720066950404728,0.44513137115226303,0.21000703637691157,0.14376160132968546,0.3952670052531325,0.17803759743309625,0.4300992157450732,0.4856107255292409,0.47455009314917845,0.3818244050751249,0.5639718089685343,0.39725287410042026,0.5273702662431881,0.3554398614105824,0.5631624839405353,-0.3967287995665393,0.28814534193741986,0.4499460902419621,0.4341751977775243,0.5322156825746279,0.23328414087098395,-0.6061661111560634,0.4352531691021857,0.4427800247288406,0.46265113684217324,0.45309956038157234,0.13620790900975824,0.36814730146055025,0.7744391480246186,1.0924022901222916,0.996117879271971,0.19674004617080093,0.04569159225126688,0.3777348128337475,0.37116814433007556,-0.0018584215781401081,0.04942442041778739,0.07265594011723672,0.0814569888789481,0.14667971163825852,-0.020704842216253707,1.1124354976942399,0.6469629465576132,0.8211068561485378,0.0941658951689377,1.1962156812538423,0.9876921592129995,0.3350521768339954,0.31923912361452333,-0.4834145725073096,-0.8964808291168317,0.45450764845731145,0.21002372873673134,0.4844312208682579,0.2835231553570262,0.3676957210887592,0.265706446914108,0.655634820349447,0.41272901754332475,0.5580202305614044,0.5045858395259896,0.4171030182770435,0.39011374378358044,0.3974263719064033,0.7029074247221546,0.32691678419546477,-0.4798257054658624,0.7488312303920458,0.6975587565768508,-0.2567294109862495,0.15457609872849443,0.3514833067508225,0.2699177305489748,0.5618867887473353,0.3357428999334845,0.3806732452895672,0.31399243056355436,0.6410806667599932,0.42816364303640536,0.6882286113009329,0.4103301052183133,1.1159443113341192,-0.8087451687576893,1.2437322038811776,-0.011537292434055336,0.6130274412609763,0.2004045658000389,0.23204997472859046,0.30937201626790656,0.5039025912826055,0.2981103110018226
-0.5641559105427675,0.24927736525850835,-0.8115780579406372,-0.23310400946860702,-0.2136455842664718,0.18003512562975646,0.26902872609372536,0.829264449455218,0.5032776898223343,-0.5317827876166616,-1.2631900951319162,-0.17923642021073413,0.304894627246984,-0.006138351116133732,0.6171484331316399,0.07979947860864618,-0.3988935517163204,0.06834375582017614,-0.5595064752635824,-0.8037262979595126,0.01949445923917545,0.40739195665834216,0.4822529704918784,-0.5725036382616271,-1.346254129033001,0.42236114801076347,-0.28274033761213563,-0.3886743083099222,0.5339360162035054,0.7476590929256373,-0.04721086979925609,-0.08307937849852941,0.13947954770962903,-0.13897244386139596,-0.2265300180019665,-0.36563631387112056,-0.8064837089011683,-1.2453024842588112,-1.642742969670361,-1.3637656657942554,-0.4147073028337659,0.9870295724204755,0.10636604261606256,-0.1180019690426077,-0.2526780005181113,0.38355268855248015,-0.7139873353612763,0.4723001480298016,-0.12239216196882301,-0.7014521246234113,-1.1706502785995379,-0.560615077643407,-0.6050007475429408,0.09140885289587904,-0.676676553490055,-1.5927188453740397,0.37609680945902946,0.41746580484940676,0.4675527496700256,0.36622986349694453,0.1885941171354232,0.2928124587157263,-0.6597497631837818,-0.3005185941880105,-0.33199692458320396,0.25418388013189547,-0.7675003686018197,-0.8626987146664048,-1.080936794699913,-1.0021831065578293,0.11144491511121465,-0.08354707548575245,0.13894304105471217,-0.8500154227814459,0.4798444920157945,-0.2295366247171457,-0.5326087974802866,-0.5906328391811025,-0.13927144822178442,-0.17327828966886194,-0.030810613898517844,-0.9014872001524841,-1.3492032820255278,-0.5345729425977636,-0.38680333307561154,-0.7002611358575652,-1.9252293613699183,-0.5592556447791791,-1.7464894146685421,-0.42195297660537645,-2.190994122678871,0.9686210071718846,-2.1147669408019185,-0.228304758221982,-0.9902212126650527,-0.7825555072300705,-0.22224230489833113,-0.31325530442933214,-1.4307980113812755,-1.4903163639626893
0.17387137246067577,-0.03463263253260168,0.48769233199683587,-0.5418287721585355,0.46351701236272835,0.3764739575748916,0.02400117347609575,0.17091553295276687,0.030112169246266526,0.1260427502639565,0.6965061894346923,0.10956503401454747,-0.06483560939586087,0.6244017860138515,1.425812734239308,0.20781050185360506,0.1456242701005219,0.35786553216933104,0.09980131506460901,0.3934745963142453,1.2756598739716667,0.5018047946680994,0.725934407250042,0.36514107711274346,-0.5328514505227824,0.018758881904039328,0.023387451266971258,0.3527863201536935,0.6530814081006187,1.034172835805995,0.7723039679035536,1.566907257691402,0.7641965151794581,0.38811229158192,0.03945323375956363,-0.09293529180872127,-0.5767665262049602,-0.07338559682433123,-0.33595371526944634,0.036901235795872095,-0.12800905309930763,0.3081621071893118,0.9418719299824088,-0.47260322386532866,-0.09304003584602673,0.2901912954927383,-0.2656065015670641,0.28267323121554205,0.27917959817585514,-0.4306183600036668,0.09549848524911701,0.05533076020409322,-0.0487049711324939,0.13769535105703687,0.5063989808670207,0.9144495836802342,0.4673457526112944,0.231132767112931,0.7365451702526329,0.2815586708383785,0.26657029343379723,0.7954636371808202,0.36224973230477225,0.360573678298356,0.4076673984479987,1.4674269194209788,0.6098479586594753,-0.1759681256735205,0.686388068393872,0.6718026586329996,1.5999713674455407,0.666687962882389,0.9551162396331596,0.5452270231201818,1.039652910052255,0.42419132803621346,0.354534500180398,0.7584090055808759,0.037133414223177494,1.2195368140786087,1.0109926294782856,0.027393469614732716,-0.16402914790028164,0.039357370150239775,0.17763035683688264,0.18274970590811648,-0.6879382964975853,0.40590711812682134,-0.351088224521441,0.005722643363532914,-0.2691259144920376,1.4023291014232242,0.1617867494225323,0.533585463469363,-0.15738708856275263,-0.6730020109303805,-0.10700369851617784,0.26626428459581103,-0.005562368104167025,-0.7961254652150584
0.6636293714103542,-0.3869583743343207,0.9508086305690289,-0.3035234803482883,0.3454230465512818,0.1596976688409508,-0.22566748478030904,-0.680118925282748,-0.4403463186143215,0.7350343054956965,1.2651532366233025,0.09861218974716009,-0.7740544495564925,0.25058955214465567,0.6173080904467648,0.2120465405566263,0.3285759112529704,0.27519179903033003,0.5562975311360004,1.2195757134588536,1.156793701300187,-0.260898440655379,0.2749900090837246,0.8767917641186563,1.1989346916451118,-0.3619867129149611,0.2985308580266678,0.5861894727921972,-0.2053159203198376,0.28742120633643026,0.6082812028474303,1.1864876000721167,0.2203527538016933,0.4315711479061446,0.0004980071582553614,0.29038367272223614,0.0728456486828111,1.225384211897678,1.2334303850217334,1.6222792191961606,0.045645598105741335,-1.0656226808021738,0.5623984015406833,-0.31770659730333395,-0.00730126255290011,-0.41857536857603395,0.5759663426655101,-0.3419640380787825,0.3781629649509864,0.1855093201062486,1.5084637434626933,0.47879352372424966,0.4889625522146674,-0.09329530605114673,1.0263899829367968,2.259921782857757,0.009564761758778472,-0.24384213738648355,0.10231233113453406,-0.23357198592032813,-0.23744815245040235,-0.0020851666860713797,0.8036168440889743,0.5561447849918338,0.7488253957207001,1.0444654756358853,1.2495775460008427,0.7010244917012206,1.913237984758178,1.638865689243038,1.2227379499890392,0.6506146370959428,0.5858964339364325,1.5157296795442219,0.40746975717177963,0.6791898119600817,0.686945438332401,1.2838701769227348,0.12359249905954395,0.9398530203853529,1.1082119485060513,0.766411950512656,0.8553104952950944,0.5833641438335886,0.7221232115505888,0.6841710027267753,1.1237912529438652,0.7851775630403821,1.1437169322993643,0.24630970052288184,1.8100097891138975,0.03395928114644953,2.1517742514476774,0.10868021815467657,0.8182971642960128,0.01744239373671596,-0.2403567346640877,0.3141218496651097,1.2897250866971233,0.5125177636044177
-0.32914640617546714,-0.3919898460911547,-0.6167453347667283,-0.009726590511505722,-0.972642249550855,-0.5506764332332558,-0.3991763603414034,-0.700570986234125,-0.4656615366458966,0.21422535287004157,-0.5002333827770722,-0.29269413437066616,-0.6276335694838168,-0.834454058165542,-1.1329086170575382,-0.30113405061182463,-0.391118503653467,-0.5724186035977442,-0.18419221066117342,-0.20332979290151998,-0.9705897739902128,-1.0537644472670102,-0.7018618636284972,-0.3563111919344642,1.2062043015026165,-0.18235595423076184,-0.25421586420828657,-0.49858905965467876,-1.1048537986651634,-0.8097404692893013,-0.17353069454120051,-1.2981524389657224,-0.9342446294497739,-0.6288674489539084,-0.5121173610725966,0.20014227502488333,0.4771879156240024,0.36213901432788403,0.29667325863674543,0.2716031804761942,-0.03724842019050236,-0.9038096775232896,-1.0589269996737924,0.19589546527145943,-0.16564865668457768,-0.5563006275270634,0.4918706312101775,-0.42016917172162194,-0.16504078884126272,0.5660105316027003,0.24288897980920976,-0.3483293752124755,-0.26566032393256817,-0.4928366821218971,-0.7815173578078445,-0.5822959238552659,-0.7991536353022736,-0.6196832166973303,-0.5427784170496781,0.19124273200257472,-0.7334703477279104,-1.1218548548596987,-0.3748398318875122,-0.1667882736377513,-0.26945711983203857,-1.066267223476861,-0.5648218722832475,0.3145810020994524,-0.17017000806908508,-0.4709970697749631,-1.3710293967415101,-0.8617848611224679,-1.0347221513555545,-0.46214858875539655,-1.12186077356833,0.23368027159075272,-0.372952218279991,-0.586136227690402,0.2436110018286147,-0.949866390776861,-0.7197153842690218,0.0919163687213363,-0.14427672277657885,-0.15126665648385565,-0.1430438131455986,-0.18236834789011405,0.9029171012374958,-0.4366842539910612,0.43871024857795354,-0.25431841174119363,0.3727721256258235,-1.185058257231774,0.05528131362255798,-0.7451460670714769,-0.05647082820929193,0.3960677816121002,-0.2547822076082464,-0.36861680797488444,0.417244085569438,0.8332328268903056
-0.6034329852200979,-0.10065535948813105,-0.6164200111102228,-0.10961937925936818,-0.8359833861316083,-0.5851064212208262,-0.4097139526523929,-0.4622206998280909,-0.3189165653770834,-0.3747010120523942,0.021684131782908,-0.030709958037732167,0.5322323094650857,-0.33005923646493224,-1.337855390572881,-0.6190435893727112,-0.19991579108737814,-0.8624315110348536,-0.34358254697428126,-1.2360203342580345,-1.622839072947522,-0.5751967600631576,-1.0303825734713354,-0.897102312363253,-0.08089758353023735,0.10779844733820056,-0.6590016941263944,-0.617517562918687,-0.19165155606761092,-1.3132394548289232,0.23298220826375027,-1.5153553045993,-0.3303948178522233,-0.8771885913248447,-0.25561995994450193,0.0016990591560555822,0.8013078534244893,-0.5430903355402671,-0.6272873676439454,-1.37673832184851,0.20689387031829232,0.49149022120771435,-1.2132745213702323,0.4206597410339548,-0.027445385335774754,0.2185759959515801,-0.16501571607290147,-0.021660631910326803,-0.3519477937279943,0.659692554019413,-0.9389136442489983,-0.5643232917863569,-0.6023978957450571,-0.4945509968686066,-1.2303344283546263,-1.6470116797578844,-0.8590683638587321,-0.4740582638824397,-0.26751132539871386,0.6302644515400984,-0.2644927962220788,-0.14964565483208578,-0.5296751342086727,-0.3673685750850981,-0.9006922157871347,-1.554026675896526,-1.2020369831844249,-0.07491767864453752,-1.7089719071094664,-1.4654373105784726,-1.7921283282671383,-1.3883746399151369,-1.0764472307543225,-1.916527923736465,-1.2564008087251877,-0.04951183934168891,-0.2836049103103227,-1.5894645656348871,0.48018855438181024,-0.9614137483792541,-1.711709674695117,0.014435516071724552,-0.21664502815733347,-0.7553843843023746,-0.9058544325356914,-0.32495589476249126,0.6203233751534976,-0.6546483945719396,0.3297980763963297,-0.052193157859173854,-0.4049683017773405,-0.4784961275790403,-1.229523713086351,0.573828851875399,-0.6501444143213401,0.6426470758882666,0.5780961482172831,-0.03644778670157072,-0.021390405677348307,1.0813782464444457
0.07145966495802021,0.25108746790273523,0.5327677319593339,-0.13823553128350832,0.6779150584505234,-0.08786112921735076,-0.01651339623944152,-0.10219527837322777,-0.02331454236913759,-0.36526776673814987,0.9105474937135513,0.5083860898494601,0.9727209618368313,0.5409512344528281,-0.7641534382240383,-0.2360436998093032,0.5004203408870569,-0.09131477535568663,0.29053949230241216,-0.6316468438032902,-0.555756326192257,-0.07969755440387337,-0.4914440060506628,-0.16491911447783406,-0.041978187524557765,-0.1198730956452613,-0.4544629013516381,0.14144034868229957,0.6223611647278069,-1.4835163055798832,0.9857764852164023,-0.25247862472611987,0.4308411047024126,0.20694517658729167,0.2994920191241409,-0.12608519300366722,0.37469431264131337,-0.2562924265423748,-0.41155970338566883,-1.0152951558849892,0.1640606735732433,0.7188170825905335,-0.14206582497502,0.16171005018234091,0.09874996881098033,0.19467364421490907,-0.19554294543356554,-0.13773639619701503,-0.1117420528854228,0.22417174205600301,-0.3357988836226386,0.18806188911462704,-0.008488359039701956,-0.20617497911541366,-0.01709665690896879,0.18811046897857367,-0.08104648229902972,0.043382316948823406,0.054788518086369566,0.1292773722816616,0.20677667424745425,0.8867769261369689,0.20222441984994155,-0.23160421787720725,-0.39881364501412647,-0.6920247692804379,0.15595572310703526,-0.022979429226768492,-0.5729064663236951,0.3281675514327921,-0.2724908727959859,-0.19982754172207332,0.22810977146479167,-0.5006387790951602,-0.23225020339924662,0.11255442192585695,0.09944428412966659,-0.7805416777234147,0.46122966243281494,-0.23990201465913963,-0.6584748683460198,0.4575263622803538,0.8041545768950119,-0.09342503599909138,-0.24932944706229174,0.256540663243369,0.7198295047615765,0.1961286706016313,0.6813547138125237,0.5601615848067951,0.7482066360124079,0.5580872852929089,-0.025929081174922427,1.7651527681075874,0.1718281504241161,0.7681468165420995,0.6711459546128106,0.5337317937946184,0.2832597475124584,0.9267747203486897
0.1878845487202348,0.35843575861713917,0.05721684029403798,0.049628847396630114,0.5763067217148033,0.05591032142416536,0.2767512215418513,0.3557287599373162,0.17590521692282307,-0.5171899219371676,-0.8624812208352054,0.18991863590443875,-0.018363910616813885,-0.14634124381919375,-0.7414288803712594,0.05433158738194533,0.03412902304953563,0.32798839098543464,-0.07356120177493447,-0.09838869436787938,-0.40885781154423967,-0.16715837821338722,-0.014231668036786506,-0.11617685104382558,0.40654721717711173,-0.7522211086079773,-0.36852311175692215,-0.33793218721154694,-1.0524573515684956,-0.8014378341372015,-0.050205807688290596,0.1353378977897038,-0.22294453761437152,0.71655073876573,0.1682078463573942,-0.16023195667083628,-0.3548828852708878,0.3076233992344856,0.06548315675244308,0.1312922352868712,-0.054679729221861297,-0.2540671692739173,0.2573314473032179,-0.0716005793524341,-0.4001397127002689,-0.571027412378256,0.4409595087838471,-0.36979667023871954,-0.12222349508288681,-0.15705110966914893,0.06957280976721407,0.3405574171169656,0.21117191817778092,-0.02850481263426831,-0.08446768585713581,0.4973523903831187,0.29026830860964686,0.10631542873567511,-0.5528724531161654,0.10891823157499517,0.2093232508737891,-0.3717681151669162,-0.18313383257506974,-0.3481514824838917,0.07799520617690917,-0.5391207462008878,0.44745956158022687,-0.46418722005286084,0.22511023354533446,0.8678734669065725,-0.2159708831744204,0.5377246380177004,0.3130332734614371,0.8105613604483562,-0.05713969280176317,0.013342995035999354,-1.1724036894265761,0.013665027127583348,0.06696098129810543,-0.40739530458796863,0.34632889666063654,-0.10420240641243028,0.3486751042236564,0.5358136875774091,0.12718888454832264,0.11329161070236558,0.11814419839413204,-0.024938543163756374,-0.39187883776104393,0.2118636307663875,0.425479692064223,-0.06335030702153516,0.4395329562196528,0.24590077395105428,0.20448157254121,0.21993172116704188,-0.4844885935740102,-0.045428564133257285,0.0583433335975524,-0.21339877228590537
-0.13592529839581247,-0.20582539108829587,-0.8737148763332067,-0.010320013018918765,-0.9857543715184214,-0.15083540098594872,-0.3735741956291437,-0.09770061218235299,-0.21170617079917894,-0.770428258853815,-1.5529633095287558,-0.623194982241741,-0.882293808270504,-1.032863524142399,-0.5495207875911178,-0.45822909568362447,-0.7207911198151356,-0.4819686282327977,-1.154649713481912,-0.2743168440693453,-0.9789090496735724,0.4390124083433202,-0.3512568805978943,-0.5814699254686658,-0.5161535693653702,-0.8362477226369981,-0.24118358186414268,-0.9582373854663983,-2.387141333241026,0.9477477447490492,-1.7695663726953466,0.28036061014929897,-0.2754757857306546,-0.09854189415145105,0.08150717156779415,0.150366735310148,0.1615304900921002,0.20118100417600573,0.6591874428413976,0.4568570512426001,0.32849717725872674,-0.30159411807793335,0.033865752544308514,0.20854600023381684,-0.5312729019581465,-0.12738875346537967,0.6444743711882741,-0.06482402539114719,-0.25600043089971464,0.2445088757739168,-0.47831037652377545,-0.29996967530699586,-0.12051305896822773,0.21918715824340523,-0.6304824722134756,-0.7142137150225898,-0.3062702079321614,-0.5151632242837617,-0.6553951221374066,0.6830333146801186,0.38992646521345886,-1.4665225036346603,-0.7097036107203574,-0.3494872677515901,-0.19048212338067444,-0.6450582613316477,-0.8317072321210904,-0.9385056448827809,-0.6407177338756972,-0.9410671767483378,-0.9941461031145228,0.21167471298248763,-0.7095258404482055,-0.020643464269872562,-0.4908001239609156,-0.44598079464710716,-1.795059479244624,0.40854927258364576,-0.4992452371671476,0.302540769182688,0.04084078973139457,-0.5215849100082722,-0.5926281463815547,0.1554628127291462,-0.5357702127749323,-0.06280119828592858,-0.24655819337941876,-0.5217512602560579,-1.0711186961666208,-0.3479742412993304,-0.9415862412125232,-1.2560618010851836,-0.19384155730331942,-1.3118003174086978,-0.6314460336563936,-0.34607602580316454,-0.5235254650145007,-0.5582109981993786,-0.12925848173857873,-0.7188708661470754
-0.15742221394811093,-0.763674482274351,-0.3460760525540698,-0.14364226968438273,-1.2820925713905869,-0.36269312000737947,-0.8759168182523077,-0.820996125360048,-0.48303414220458035,-0.09128671360565034,0.4497667403406258,-0.4640594870563817,-0.41763520201116355,-0.6935799814016694,-0.055594273699688466,-0.7504641071835164,-0.3840839363585044,-0.863577483573414,-1.0068670348369197,-0.1493625287004383,-0.4745529613698996,1.3427742543749632,-0.6476113664498574,0.13106374938856183,-0.7289087015269236,0.2854598322560946,0.7810916741431605,0.11275540875103413,-0.2980173267216345,1.8306431693442744,-1.5513019547600428,0.04871729782218064,0.4960898980642386,-0.5565599875147035,0.6805702585713546,0.3474413772764321,0.9472861900575744,-0.5746441086259849,0.8738487320909828,0.1357973836237044,0.5160137044330473,0.514043038252997,-0.013299406476077705,0.43355169841925795,0.5357483761453194,0.939729675315748,0.12074766874911087,0.18831604546677194,-0.28026436720510833,0.3148359962436058,-0.7821797020675063,-0.5656613071987614,-0.2164613213215892,0.41278101118625476,0.25082155782347626,-0.8987606588026542,-0.6509465684860313,-0.57268182059706,0.5204782360726887,-0.1412898995396438,0.6236512679784743,-0.5996976986477554,-0.1410731254501176,-0.36603278981739973,-0.5432066221772472,-0.35112327828273604,-1.5838865449156068,-0.40270149831564894,-1.0704577875299157,-1.4956544803355818,-0.5630936512927075,0.23446618665623734,-0.6915510534190752,-0.6479688774124907,0.10594399701292609,-0.36133712157905146,-0.17648552200881307,0.7292102296672361,-1.0377758317528327,1.1194880172049335,-0.3079239484501022,0.017964112116616936,-0.028911109372923325,0.11271489977963974,-0.27855308485361907,0.3515328772580911,-0.06839527584339969,0.19784071097929162,-0.3410449251970585,-0.16570455871477172,-0.8206874167432311,-1.1313643182953144,-0.26581593384002083,-0.9314960248497458,0.16976582902724702,-0.1359772624705108,0.5934025660740622,-0.21003623581448122,-0.5430825240894034,-0.24264043982079517
0.07728593178995156,-0.08068287098996674,0.5160677842587131,0.31684040890130827,-0.07327374132566504,-0.32312350299437714,0.22509038992335398,0.038256391177125496,0.0753582874907151,1.373107357331571,1.5783538574586242,0.7725313654997262,0.6502797654088458,0.2556980086075065,0.4490824994101515,0.14969411720849662,0.33016265575559356,0.43194447126912894,0.441367389780089,0.6822978153428552,0.8281823118074848,1.0941836820856143,0.39590483402170445,1.3829577541628166,0.9070074765813031,1.433186992061583,1.9834113127362265,1.1435574738226268,2.2134240094924755,1.0581582262453946,-0.07446480458947012,-0.6554200799408356,-0.06711567709551595,0.09330398627247938,0.9941092415085078,-0.17168742711434973,0.20655906044014347,-0.5441783966811539,0.5464716044227133,0.48035981304800707,0.032407506555087034,0.4003104271412032,0.20826000415032586,-0.24981861197098842,1.3942022325664871,0.608262321577844,-0.17334427015537565,0.3289392787732079,-0.29096266682734745,-0.6267076912386486,-0.641422098651615,-0.1330618098624709,-0.01522515192834223,0.16019352293911168,0.9081644528899582,-0.25361733005172116,0.07524776848782305,0.41015195672282667,0.8319747328487749,-1.2196901158494553,0.5701222272929151,0.24401028920023063,0.38398289973951616,-0.17407437509792434,-0.09248964651680537,0.136417113931944,-0.7793125602510844,0.6052824392818479,-0.1607993574266836,-0.1528080002649528,0.358882427197838,0.5924744039777824,0.42518415777761775,0.6065741332135305,1.189961443568776,0.2595505930329181,1.3520107677916375,0.6810322494097308,-1.0258720447101446,-0.007964280464014003,0.20113784015985248,-0.10141511205764134,0.5842728705541985,0.9189616480878003,0.8057666655987072,0.2904428287604617,-0.4494365556885823,0.7147164012473,-0.011385973193042903,-0.1360327499219366,-0.2610239828448028,0.021774230316754548,0.3163860460759325,-0.533334262700854,1.6105723009265542,-0.01265963946513962,0.40466011854514594,-0.07672158416188958,-1.464234740754621,-0.2787680484203525
0.28090391227831135,1.0232036246359173,0.283063752054814,1.2229438290537014,1.0083914528952038,-0.04909285221368997,1.2684261542598094,1.2241301828038442,0.39181338669153304,2.0021119854951883,1.1651795984526678,1.383975124623966,1.0497845829277133,0.9746480017478523,1.270732262147979,1.0158090549506196,0.6417992760707791,1.2673175242890047,1.5844708873620923,1.3122009862477149,1.5228418313680074,0.05160581057169163,1.4984038759264273,1.3266323010164722,1.409245457173356,1.0635415039253937,1.6516376670353103,0.6219263480485242,1.838686192733568,0.19759737574353725,0.21893927727294402,-0.3640940039858266,-1.34094653556744,0.08480347647801002,0.1286202297138569,-0.6468022189603638,-0.8919379290727882,0.4380406587421614,0.3479658965548033,1.4057607045500449,-0.18134262089107983,-0.3666928936595623,0.11731180311883797,-0.8521675572206404,0.9831274595655409,-0.576165729834124,-0.18815418928257677,0.5895622212282249,0.04535910372943987,-0.9128708437468421,-0.3589183359281486,0.2986966492145939,0.09996379920545398,-0.0028961315210504004,0.11470001565980288,0.23371969606933715,0.5869143328219338,0.7639664469082754,0.050750903659774645,-0.061629211914805644,0.4215549469125381,0.45347619908863196,0.4971899957801971,0.7935502575691386,0.747238364116262,0.9201269032863829,0.840361124408988,1.1063719764954856,0.9329470159417906,0.21740912845090704,0.6658409903018622,0.10650744465320176,0.5904343309896884,1.7237599939996109,0.9504940786491406,0.13748286273299207,1.7037518864689583,0.3028497037762703,-0.4248533780971675,-0.9700176618869195,0.4529384281299293,-0.832990923986926,-0.1089227444754586,0.7477588954850856,0.6334208756663245,-0.4687010765549643,-0.8053941904660484,-0.03836735987602944,0.0902406908721231,-0.7082747766408999,-0.5413958285704993,0.6230552432213293,0.8678845058276745,-0.6531245610984391,0.6425873812827666,-0.2712685566751331,-0.6675048991708938,-0.3561634632696124,-1.0496588666190703,-0.2605313095276256
0.13208297587303014,0.9438965850541127,-0.28234876295191746,1.5890459546270557,1.4396062860162673,-0.04218474868488369,0.5375661417012161,0.7345307158937034,-0.08920550352065212,0.8285328805993115,0.7494370943558617,0.7067651840018262,0.5962184675829695,1.0226376620959476,1.5830219705323025,0.7397949721427844,0.6869686029121179,0.21637885124778333,1.51475328914557,0.9725322227380543,1.1024471286295447,-0.8881495283354051,0.6600245111834517,0.26040721165180153,-0.4518064113690304,0.02866542872848354,-0.03606906577297838,0.06567181049047272,0.7521234727345639,-0.26875824201037485,-0.21193245369615413,0.6080086047753698,-1.416784631909228,-1.1773097152558287,-1.1273063941529973,-0.29185159495250235,-0.931162817020417,0.0690003352330996,-0.15077769501017924,0.8016908751450252,-0.19614017348827717,-0.5272606493715292,-0.5601569803591215,-0.012790077122848844,0.36516861776108844,-0.8567086873576233,-0.8760214614794507,0.31698493512418574,0.8193473480212525,0.05336168671124526,0.4619657209662494,0.5393482783885024,0.20213849134983147,0.32227579656873306,-0.44768216511172526,0.449673705479518,0.16035161127532302,0.003921554963554233,0.44960173417881305,1.100871380024413,0.3185713881435555,1.0875693764547292,0.885575754116516,1.3783509760162767,0.9478230196127955,1.3817743792718327,1.4860552837712713,1.1462040310122013,1.1806143200173052,-0.5985680533735855,0.6732436084115894,-0.952385677957787,-0.29881669026456775,0.5028554690486773,-0.14448113795325523,-0.5472015668916961,1.6878787407479163,-0.006774116011964395,-0.023202714608754355,-0.015917239989191586,-0.33190981718661133,-0.6909575201631065,-0.7844270570030167,-0.6096192786646748,-0.0011004295877228463,-1.08013076606616,-0.46711016982803755,-0.6359764542030818,0.7158065233801801,-1.024313004730601,-0.3668892230353371,0.30971723053062145,0.6484666666053837,0.010335971752664897,-1.288295398559198,-0.03129156707892755,-0.6740018679014692,-0.3611926986313569,0.6982313225873387,0.5901811171648239
-0.4305033584757903,0.303703163408652,0.0076953503592967695,1.0788344699201515,1.5249199469087982,-0.08717031886447013,-0.04162101690822518,0.2893459977336271,0.05864012940170781,-0.8294772474783388,-0.4368415771200031,-0.1685782713048011,-0.03272576727466006,0.30133852474275796,0.5286982805524398,0.31949727838936015,0.08654448311952016,-0.23394742881579475,0.5228001239764689,0.4591590002864018,0.11512091614300941,-1.486022749556338,-0.6772399565651196,-0.3898870759438008,-1.6432922925119111,-0.11838114582230283,-0.9401116879834098,0.30268046389667713,0.83135712444172,-0.9336002486636095,0.2246629363497655,0.8472475037425156,-0.8684767526085381,-1.339722580516409,-1.2375952175177403,0.22176912187989392,-0.6258262257079711,-1.2844726853307369,-1.1045435027837955,-1.3889510733640218,-0.4330396338031275,-0.6070256740746304,-0.5914569359541366,1.029865083095266,0.29474835566496677,-0.05907665800299365,-1.3886002160416835,-0.10105207446490129,1.1581027407894051,0.6249007478417776,1.3879555913764556,0.9868953193319412,0.655442994659702,0.5207651668810521,-0.06138928689813449,0.3988299674504018,0.261252999811865,-0.0029670694347362914,0.9895508202002089,-0.40798830038553907,0.023779677879029716,1.0410007158415444,0.6740828411694559,0.5872928687340736,0.6374910938432491,0.7188105749051416,0.6510152008430513,0.872993563119025,0.5045168381838218,-0.4639539700571407,0.5934153752823694,-1.3045547573959746,-0.19250024501685895,-1.7833216767763027,-0.531584409548791,-0.3452623587412011,0.9013789774596048,-0.03422096537078565,0.18646192810879844,0.6038758583804309,-0.8616402799205791,-0.29104008438610174,-0.5327124568396562,-1.1048089912637107,0.6103366575790575,-1.1845494358588056,-0.4272064629037987,-0.20887588123863607,0.512347389935824,-0.4651444215850222,0.7830449420955173,0.2697457086500333,-0.47965887915715677,0.5282025898609123,-0.9102718865130943,0.2593776940430794,0.07138764628944888,-0.09775656063521766,1.3717934615140681,0.6137631071123156
-0.8108681750121368,0.204761112092861,0.5138989598820092,0.31285788451822516,1.2381930597410136,0.5648717570124963,0.7493070760079583,1.1124816107961975,1.1127467697646503,-1.0371649965239944,-2.053269981251099,-0.8623893839555371,-0.5959907796116517,-0.46668248084365876,-0.5536718777843654,0.28633219488521827,-1.1857072590837168,1.0178229316081382,-0.505910623808332,0.5269815684503601,-0.3955198423779839,-0.9685462086833813,-0.18919123605538357,-0.6327876118238449,-0.31796940194003764,0.005391011490331476,-0.28881160167607417,0.3112700392550228,0.1898201380386168,-1.1356310373647056,0.7067813823090097,0.6939667989312626,-0.25756740569101266,0.6588004003495538,-0.06457492818711186,0.34497456505703245,-0.2061313604957327,-0.7581137285893147,-1.127257290468923,-1.911711117123546,-0.1578467411231646,-0.7194438571991224,0.6615251764309866,0.5641129447483207,0.20957069999810407,0.8091613585353916,-0.1385393398651918,0.26825501521137796,0.4466899111799234,0.2754738019508694,0.9726664501700325,1.2269735133291049,1.2226605413593081,0.4950681190283131,0.26282679928518615,0.36450131431980937,1.1766700499045204,0.9363521463568543,-0.31296176887646476,-1.779598197339958,-0.8867233291007436,-0.46542658847049145,-0.6498022437609139,-0.3155461784496174,0.42466746580401443,-0.1863461920929974,0.3013275470677884,0.010780432894781374,-0.10679216662746646,0.8013048147348959,0.24794319093179182,-0.6263357529225742,0.7532682213552202,-1.7876343031449036,-0.5731170306520403,0.13371534019287087,-0.4728653931866718,0.11013778274624869,0.6933126500843091,-0.1782312004051825,0.07932024723634754,-0.2033885725482708,0.09031910894623926,-0.5847621589125545,1.0696143668004057,-0.5451711318481529,-0.4297838649658026,0.5548546309832684,-0.33643488616291567,0.871425551932837,1.747219818847828,0.8910124824949022,-1.2178746810457286,-0.26051655743445673,0.598659935529455,-0.04897231520492451,0.7517524141175752,0.2292634815772624,0.6266885927565593,-0.48163604727530834
-0.4402975139260198,0.008625752693837169,0.13110145739375406,-0.5608578538962471,0.20483903335210019,0.9956887254829705,0.624491767804505,0.6963127554423008,1.1215818106052824,-0.1991696848790523,-1.7100647409397531,-1.372998213568807,-1.1844182318654388,-0.5641533216749882,-0.51317213884768,-0.23687024394647807,-1.6785501015984654,1.0774544312039425,-0.8916502846496969,0.0919506819863318,0.031566451671006975,0.7126078059012866,0.9563789970354148,-1.0317396995200103,1.1805225793422618,-0.43694227202039443,0.09498649643479794,-0.027700054978951436,-1.3006277656314185,-0.28992753397713233,0.5958022949764531,0.7420574608556229,1.3267272818159797,2.2072213875983637,0.757911560735965,0.47951720685894605,0.6299133904171753,0.9557701650558604,-0.22558390186988317,0.012204338286726272,0.4061583373765704,0.4685223216401258,1.3241126450680942,-0.7151844744412206,-0.17187706233610717,0.756585360281601,1.4108309740767917,0.30484808241181977,-0.6810650787283637,-0.1022501880593726,-0.4271605813540678,0.3721345808497135,0.9050615857077292,0.5684301861787393,0.07324092092246934,0.38292354661447714,0.9536782711019872,0.7906421487963058,-1.2027101263694824,-0.4409688398480517,-1.9385613388421026,-1.437524113052989,-1.4556594422243283,-0.5145478245805933,0.08146515663407061,-0.29622679091348786,0.9335137050885857,-1.0951223808109212,0.18662003413245956,1.6578366191281404,-0.027504227515961353,0.29863391694431507,0.5687467190988033,0.5319117892071263,-0.9650310305606937,-0.34595307120689,-1.1148026728989915,-0.09226813188710124,0.9036855272712209,-0.48972683219914864,1.31816485059541,0.7255810534217584,0.7317290181081016,-0.4240616713431135,0.01476383092756915,0.7840914339727627,0.5582816255181182,1.183975968511631,-0.10091128479358404,1.8656319331688558,1.6998685294428781,1.0335889651003052,-0.7837818227891147,-0.4664328335672527,0.38170372457882695,-0.14655214030536343,1.1093609895844103,0.5223162278147857,-0.2593253804961959,-0.661959663740462
0.5144568499376289,-0.7260918426272676,-0.4622527449995138,-1.5893513694108727,-1.3178008258750757,-0.014745761468465185,-0.9990202432283439,-1.4903024529313773,-0.4368658479801331,-0.22783424246377262,-0.1640438363724378,-0.9426938699518527,-1.1938760399084107,-0.3362117570223803,-0.31902884365578965,-0.9208355174586877,-0.6036364840381268,-0.9027042602471195,-0.789617540702803,-1.3259087568813892,0.46651988685534873,1.5322727059622432,0.5958292326003836,-1.1504476189791562,0.27467839906325126,-0.516194646615948,-0.9160883241442048,0.02754894207904968,-1.3781902360990936,0.5942302795885875,0.6178650040923407,0.4364454995631203,2.7319381689265527,1.287147458719486,0.30701746062666635,0.6195341442710343,1.0066381342115667,1.2744595212866423,0.16151022628510647,0.9708781928065803,0.06203726643940491,1.9624043194187613,0.4865159944596448,-1.2585780640075197,-0.5792484590037114,-0.18024001872573475,0.9748295475180081,-0.7203965809222542,-1.1660787568726232,-0.2894392898070523,-0.6007956403933808,-1.1359234759655912,-0.46454882307674356,0.19587601235773622,-0.4956285642414114,-0.13472494982401917,-0.5010582949662212,-0.5521860368935042,-0.4052267147598702,0.6707924606103783,-1.7163979939606477,-0.8770622791664116,-1.0229423473295767,-0.760909130202694,-0.6493763466300859,-0.17828477654954833,0.5133622347917187,-1.4213022251323661,0.5027031638659376,1.319881431055209,0.057825951505623335,0.9974468700815996,-0.17116623549375995,1.3717957744921645,-0.9074091958769065,-0.6087377683803419,-1.1242486553219428,-0.6697031243552386,0.26908020293825635,0.09865066092866913,1.0642208445680281,1.984370627352611,1.100784474187488,-0.20092812078692426,-1.0158728336324534,1.8256982597915756,1.4330795003843322,1.5108151768593447,0.6114220681070894,1.3854840618610378,0.6409010524179207,0.22311226645601367,-0.11046777084115204,1.1216857658021573,-0.6235404683017288,0.19486534407702089,0.6073325075048719,0.7616439677276419,-0.7182593299305872,0.18042045983720703
1.1848793471153858,-1.0038658992515068,-0.0886004519663606,-1.7922227439451455,-1.904494024333236,-0.9621783442371877,-1.404774609975687,-2.0817898853873245,-1.3032650549949687,-1.249230605273498,-0.03268749599410386,-0.07442310332013023,-0.09881366051320427,-0.21125965770111593,-0.5393027194231236,-0.508906583094159,0.75636222916017,-1.705580806280675,-0.40674396817455305,-1.975397511783155,-0.10262708217796665,0.5955448571100911,-0.5271080497079228,-0.5728851823980968,-1.7964620198588965,-0.05924025484022925,-1.7867913324862843,0.10755924587993612,-0.4682320512017101,0.547424780836399,0.0846995056688861,-0.6831086428669824,1.6425895790369112,-0.26302675867443326,-0.1448252245459758,0.3619719150071423,0.5710188793587821,0.5145426127514108,0.08936995694713114,-0.12365573746138803,-0.6534781164044678,1.2852663646972051,0.03374276647124362,-0.5164455358722773,-0.9232135639034929,-0.7326550230659565,-0.22723682050228045,-1.0352247151903944,-0.7873011215987518,-0.26002698351609094,0.5000410672459445,-1.6261723230706273,-1.345792783744559,-0.7739489538864547,-0.5846239411640869,-0.7310534207544999,-0.7459347472376108,-0.9082967352117164,-0.43987381152862387,-0.55538594213723,-0.18244209732156894,0.10981362931971048,-0.22368078674436806,-0.8878998069022932,-1.0997167385199833,-0.3569502797353378,-0.619438639612026,-0.596095097618283,-0.054195611408825874,0.6808905292366414,0.11454601188691117,1.63918695939123,0.36230187003964365,-0.016276930071664083,0.04837561486595122,0.20146795387271668,-0.9240814710912582,-0.7320717097067728,-0.3691207733160693,0.05076308969521549,0.0020040958835574286,1.706323189428612,0.7964826204701535,0.8254967668117806,-0.7337051040338387,1.8565574992329879,1.147816322164687,0.9273304156479899,0.5335453372803198,0.3472830889412065,-0.6062562924797509,-0.733812800104051,0.32295942844171216,2.0653974960456143,0.08431697915030446,0.4014391481313904,-0.1813884845755611,1.1524874015546411,-0.37803566229505553,0.47598140051243715
0.8775939981692128,-0.20576403167662716,0.8712127759439923,-0.8113349006918774,-0.8741528156132454,-0.09507318930142451,-0.01392655047356684,-0.15966849516896975,-0.24133479260816695,-1.548749173345112,-0.5123229267413156,-0.12535628495816034,0.9961319558197432,0.1371221578639611,-0.46484919146987397,0.6329641424129318,0.9368279705918423,-0.10314284905725657,0.25861843371509385,-1.2484644498543218,-1.1242250934035594,-0.4422114561681788,-0.7239461368162622,-0.044398860370456934,-1.953250679624028,-0.5576708516941934,-1.3523295825315114,-0.762214792257732,-0.6986584526924968,-0.14470424894829828,-0.9415326005526166,-1.5921502183609735,-0.32027269000373004,-0.2374721011048097,0.2769156946165645,-0.16239464135633735,-0.02658887047305847,0.07207692190733131,0.2581238020725502,-0.47929106159308793,-0.48211067473434865,-0.644659822763691,0.5095758831593121,0.4867612004365018,-1.2174636471162914,-0.43091650603700227,-0.23096360540299846,-0.0925654030194123,-0.19525625669326238,0.23309383942902326,0.8059193934727749,-0.40280571700323314,-0.6716031317829071,-1.157495950103884,0.6461742921712146,-0.13322357846960792,0.580218492330138,0.3184453726550496,-1.1764656325966154,-0.9655496896450552,0.8895647993003625,0.9820360808205337,0.697654137193208,-0.03767248401226835,-0.5459772027748258,-0.22406835939141936,-0.3581669946173982,0.4747875876197032,-0.5361291815443774,0.9769279141502747,-0.08302386333891505,1.50620530307993,1.2257988521734737,-0.4463535946803955,0.9479818094189569,0.6723454793455281,-0.4069382787501972,-0.2050338044655775,-0.09097530536895591,-0.5223311360176702,-0.19095456303716823,0.3831886287967807,0.1269040354797062,1.3468102039910705,-0.20861281558496336,1.0266986379414211,0.4355788773520043,-0.9708408518210783,0.15037700363000384,-0.1965810875638573,-1.059379325217042,-0.9759764504717742,0.754972102405358,0.6297936489156403,1.4340375893545603,0.35561467751369574,-0.32679945421496237,1.1771546035670069,0.4667858431734954,0.1430665877603801
0.3113913602695384,0.7602171862238365,1.1162537834385986,-0.11986580788736675,0.29295334165517917,1.0177393919469202,0.771523516114882,1.2301142058390326,0.7815666024961125,-0.5351182997719746,-0.06112611236595108,-0.47398089755867884,0.5326993617141214,0.5632121724697767,-0.21573056076997302,1.145111553409914,0.12155864514407087,1.0917381603452847,0.4032842413195734,-0.8871147014397893,-1.4207801434424467,-0.8259177883170972,-0.7142756942091975,-0.2456156993411827,-0.11343623027234304,-1.7252111051485703,-0.7740416804413673,-2.0729733875272576,-1.6356012993685582,-0.6552920340914674,-0.16081884705663183,-0.6414653975091571,0.07023381155634677,0.4997346108205458,0.35046265652780073,-0.6502321017037757,-0.6468967376740079,0.3245821452924458,0.36417479668691305,0.525519854207588,0.28167869117251215,-1.4584982881646296,0.1892586558618,-0.06638585501680586,-1.2698159216467149,-0.4255946772434248,0.05784602099003558,0.21979885889358594,0.11092233181978363,0.6123485814395383,0.3922565861526703,1.043894775900376,0.46114776339414504,-0.38561248038698126,1.5365008949837373,0.8611711894007213,0.943156236043451,1.0893476437954301,-0.3131800183049293,0.8607476830915808,0.6692859211223953,1.2333430574788948,1.2083295093041306,0.9243661375353285,0.4313652771515586,0.2990912221538264,0.5309635698730488,0.6344595146900651,-0.16755025627658576,1.360663250389052,-0.2402794804806866,-0.09968318770105183,0.36318587595910906,0.4360097603353623,0.9266007946939895,0.37351814987158366,-0.4626403606669823,-0.07264655447313541,0.5142110486983262,-0.11273956929749235,-0.04693728309157505,-0.3037311693206727,-0.4342652249549983,0.479608098328984,-0.5694142327531831,-0.23495804854589686,-0.32576728174921693,-2.9756936353231045,-0.19801023195021691,-0.869484167871747,-0.8735750261071247,-0.14562786986690548,0.6484666666053837,-1.3562303852879734,0.5919230189663494,-0.32654887043616154,-0.7685933278940823,0.1607700856982662,0.6513407612767892,-0.10014233523141827
0.26111469562502726,0.6599865872630026,0.1915393633579054,-0.3924841077929193,0.2744733121507289,0.41178818281414925,0.276941430789342,0.6306480760028343,0.1333363837815963,0.3619260004974914,0.4088000991353657,0.13328801061162418,-0.6438636351378055,0.44944647416205435,-0.15239982577042546,0.6787340240089905,-0.22726068801591698,0.2385616053870598,-0.26429937901273765,-1.220326209090208,-0.8155528374780394,-1.196280738372,-1.5933257856613177,-0.3209229732768964,0.9373874618810057,-1.3664270117235184,-0.8120394193242929,-2.160353759073885,-1.3443733921943024,-0.5025915220835493,1.6941458501483757,1.1185468439925683,1.2679670319467777,0.27882761253677324,-0.5369702897321975,-0.8678015602600034,-0.7761787663177233,1.0139251570687768,0.14316857613561387,0.687596636542334,0.8386835223077651,-1.4509576223427405,-0.8529253272900977,-1.4779344774960304,-0.8320319496356062,-0.9565847329060547,-0.3243600756975142,-0.6183740145130424,0.19130415060309375,0.28358678755231675,0.3504821275040936,0.9347509472599457,0.6071116093146843,0.4479686468635611,0.3294148777032417,0.3295639971266177,-0.46070933408059456,0.25038122788017075,0.998444484410141,1.5577152756945636,0.2715106520888869,0.33215944054477203,0.4120954546302297,0.515949791936546,0.6792380946921991,0.3174484673315718,0.49149213738169395,0.08379950119388019,0.23972038777273463,0.16004194526541787,-0.3385642411942938,-1.3545955411920587,-1.5655382391305617,0.5925580975155774,0.4348909085565504,0.609867397221852,-1.165489619818024,-0.3149963945563444,0.4085479138274171,0.7891996269600139,-0.5018012151096729,-0.3222340595056546,-0.805954337717545,-0.24911187945717042,-1.1894956228632805,-1.1451898485755467,-0.7645239577685582,-2.9576637100958694,-0.6638299797126647,-1.083790480100299,-0.7016340322602536,0.8901583901470264,-0.014529671249456427,-1.6921900524058795,-1.329335594356893,-1.3756998454696077,-1.8343164359365856,-0.9791500150641186,0.14421043743206086,-0.15783960396961477
-0.24602165094403267,-0.2016222713889894,-0.7012933383852391,-0.42910487008371984,-0.07749592946732474,-0.37543166291449825,-0.06885898114890564,-0.26283305229561627,-0.6489663233798165,0.37266218024740483,1.1076759644673027,1.2362345167481759,-0.30384959783985377,0.30204699680694896,0.4834620412670487,-0.054565602690844546,0.5984811511491672,-0.710672004856925,-0.3205821882615334,-0.43805745787754,0.1920290027592844,-1.0333569217114569,-1.526387119104614,0.6276434430039202,0.4266735606253996,0.3148214047719172,-0.43284710774468454,-0.7180474078533992,0.20230484494532752,0.021688328047293263,1.3881963062396725,0.9418390536433234,-0.0567859158552587,-0.699156039316927,-1.06615427706945,-0.4490348420557552,0.08679735809858578,0.992989359944127,-0.13456879487806947,-0.031653009377866755,0.7521161068796645,-1.2064048362842301,-0.9898703196478554,-0.9472397073766776,-0.18977671461392615,-0.7245805242067357,-0.3852525002927241,-1.0699014372257258,0.27525206926048357,-0.18582924727428285,-0.07612757310709657,-0.19396062563277056,-0.02022671028506001,0.30836687176811023,-0.7845745932111371,-0.7138485165850303,-1.4798104596674213,-0.6046019484673281,1.1424345448396542,0.6105395519769418,0.5983382963127055,-0.2427085257617114,-0.4539874864259825,-0.32756824585890293,0.39327651864504237,-0.08373839207800993,0.058183522921042,-0.021680972991324265,0.1073221625671911,-1.6019825663981913,-0.457656360919026,-0.6316725993751051,-2.026930395363551,0.3515900991699984,0.5935380378158089,1.2688070894890455,-0.9096203536705544,-0.21671331483103334,-0.0052244550019484755,0.7651992366491577,-0.6393882408833508,-0.5027854991472489,-0.9401276950433349,-0.02782546094200925,-1.2061948444583248,-1.1418823202324158,-0.22801010354035503,-1.02482362497918,-0.7617933091881993,0.14573788545664065,-0.4135653514696841,0.6954822743211986,-0.19949965858019306,-0.3582627067688628,-1.160500215999877,-1.3624392843751099,-1.7505716101806108,-1.3266861443872071,0.17103896111860314,-0.11334824960201366
-1.0437681689747724,-0.4507721624697766,-0.36877641436357167,0.0038430041580058928,0.1142211160001979,0.6702617844479647,0.030125911245299036,-0.3843486133968403,-0.029115326759451512,0.7319072628500907,2.666976575358036,1.729259856461335,0.9758735645178219,0.5960256154428333,1.4343810101510115,-0.2350105196378346,1.3695331964571738,-0.13739924244208024,0.4173639001577509,1.6213795283822794,1.1510968059952777,0.28629235446055373,0.861663527245653,1.5437786076848095,0.3499140993352419,1.0715980329693693,0.6892899744177453,0.8807270722712722,1.4247247692362546,0.34748178927881335,-0.04548046124114726,-0.22423805695694782,-2.077837442937751,-1.0729659575287172,-0.48593641332431475,0.37151814037673686,0.4522578119138476,0.07072622531864421,-0.11761343223987572,0.1532751880147922,-0.19877392992243875,0.09861461384525855,-0.4679789185969847,1.2573332899947538,-0.22041373700793604,0.4019955779922915,0.1876677628359169,-0.3382226022802336,0.5760574126929906,-0.31826116318362263,-0.4529905901367755,-0.5261707380269349,-0.31904430394406613,-0.5276531774932147,0.4287750283102506,0.05696365229054199,-0.9906662678966237,-0.38408092297637336,1.1483272794081982,0.8384223948400338,1.0937493131998932,0.5334730429397382,0.15983933709163503,0.30714226759042046,0.3962622899686464,0.23994496680786861,-0.38489061631895255,0.29090327074723416,-0.017317566945181325,-1.764541851820835,-0.03545704021492499,0.2958085276459163,-0.4078440869986372,0.5296476603636108,1.36154408673664,0.7388422521786668,0.30550303471693424,0.09226813188710124,0.11392237457406502,0.611687306170285,-0.0423442443973499,-1.088651050869801,-1.1910121208174385,-0.40310991647773814,-0.930510342067198,-0.7605243022694119,0.015416316208548319,0.4795783556280166,-0.4430420388274681,0.676751714695033,0.15311975652301427,-0.13873819159404055,0.10462328505176484,1.070505745302761,0.09861574083526348,-0.6194562009412061,-0.41346240999399214,-1.3642457513348385,1.0233392143404823,-0.19802331484014074
-0.016085016835569125,-0.2938147874212226,0.07257934629569128,-0.15735692318903977,-0.15209499231192516,1.629217083902736,-0.26781785402426705,-0.5788160642114933,0.5032776898223343,1.73584430422185,2.5760231150674584,1.118209024485701,0.6877023268628271,0.17605083339108735,0.9599859078098629,-0.10653456531571485,0.8364928265426389,0.4798297523446889,0.14042811690301413,2.770600018192001,1.458638725550776,1.2711236564079385,2.419907896270555,1.1893717979214855,1.0877953723825635,0.8257843801387326,1.3918817743686995,1.4106826630531544,1.7122170948163764,0.3626304569247499,0.6042213981534057,0.12752150921246616,-1.305804584011389,-0.3201926870422397,0.18338520737089092,0.6096837913675411,-0.4523447242019859,-0.19945061176845968,0.2125362704509915,0.7005150137009641,-0.866327221912632,1.7625420849285103,-0.3930804001004653,2.2501105776322765,-0.8036955095092785,1.2213278230310773,0.4752459298704528,0.9339568237580687,1.0245185671279329,-0.36438053416327876,0.6578273431185838,-0.1466331090454316,-0.2426429482297139,-1.155498861790707,1.4810605407801267,1.4001635056343615,-0.38325788042657555,-0.38345726150821535,1.0425308689599881,1.2683744660253664,0.9736527595019402,0.697598722111226,0.8530300655699592,1.2765580668664425,0.20624887888811633,0.9400175698990236,-1.0227489653792483,0.020098765878557582,0.13624019196901072,-0.9141443600850488,1.0394731340833614,-0.24446869263677315,1.03726985641548,0.2657149266052316,1.2534630573019294,-0.6433361837071214,1.161581709770181,0.21204151068485103,0.6158699348386285,1.1655359358791824,0.4213995624295832,-1.3573284354308925,-1.555458677701294,-1.681694715277359,-0.2751150098193453,-0.5557882978296034,-0.8341598384794847,0.7586944384484492,-0.16681014634414326,-0.6568287683128714,0.2226613364951127,0.13531157309437974,0.19332234330393094,1.3998009022387758,-0.2895131460554989,-0.3676733953494773,0.4963885075717429,-0.8880649746236352,1.4398540230787478,-0.4013629534940464
1.5785541697764032,-1.0105847548292304,-0.8080717918649658,-0.380470598809513,-1.0514847175629527,0.08923501284712682,-0.9952160582785282,-1.1999842509219745,-0.48273666608200017,1.6840917484370732,0.07993944725827785,-0.2133719662458652,-0.7192341918259333,-1.224747589528023,-0.6676139816785094,-0.707122198990409,-0.3561043416289163,-0.4845470664445586,-1.0117752110731293,2.0910914380373358,0.7824715090038081,0.17595716134701322,0.7621471285020291,0.27037505221707336,1.0385270994618336,0.7487400912811574,1.3754474906094176,0.8604726414880127,1.6919663103850189,0.11131794495241785,1.8523118477770537,0.3850869689680505,0.5782608128548277,0.1952569756198963,-0.11073940126983108,0.09999983650172095,-0.5219031443015347,-0.2661600155097277,0.13922298860345556,-0.36253715710479634,0.05964609283470557,1.7128013626721965,-0.5412786181436605,1.5385421282419662,-0.22080651934632078,1.4453951663744578,0.44102432243429435,1.8887529886414167,1.178535529257105,-0.1407376669233815,1.0862865999142148,-0.6217432674844046,-0.7886804263779131,-0.8020142303583595,-0.13550860374869123,0.8456705446065296,-0.6221921365905272,-1.101263263109509,0.044530794948533826,0.10853768688888925,0.12915701867676707,-0.5794844430818407,-0.09803929142510232,0.12280390064804271,-0.7562992386240138,0.31963906938142206,-1.1745531709311852,-0.695465189519044,-0.10397089546631333,-0.9778730526930873,1.397949917815892,-1.1454539466816998,0.5685109841869458,-0.7634394484317816,-0.3672178588506037,-0.6050330378825561,1.656960190033617,-0.009985981362464754,1.1097000384928464,0.8600687040099949,0.5679174967753656,-0.4390928579335612,-0.5767975795795146,-1.9995597519377013,1.459148268183628,-0.30974126438408867,-0.589858943030973,0.8966741926355098,0.3301273648987685,-1.0124442812134669,-0.5192505487347242,1.0076814972147385,-0.06886408498178707,1.1619291542081933,-1.2627226132380214,0.42130201390584904,1.2110000088779864,0.5836649163147958,0.7044438273348124,0.031130742142952535
0.5060690347571759,-1.6154351553535153,-1.5455443740902142,0.37632771847775814,-0.597907139209179,-1.5737389334353493,-1.0935922810807623,-1.1129632581613693,-1.178057355000962,0.47027802816773423,-1.3260807797956486,-1.2168096719979915,-0.6853145222397193,-1.5364752977720608,-1.1189652115366295,-1.458347501665224,-0.7669653848414691,-1.4510111923576126,-0.9511216171468331,1.087479929689328,-0.07170107909417354,-1.6580290363817154,-0.750214076663821,-0.11183678649148236,0.4772433794158136,0.6202533725279743,1.6360931374922953,0.6405370946582731,1.5267651296233862,-0.13033243605343542,0.16612853916296882,-1.0391296864245514,0.5376165764170315,-0.47723960549506117,-0.6547213155952429,-0.1283830454820121,0.7168256785810175,-1.6858546882689174,-0.4545346162359335,-2.092731234031241,1.0626567832812697,0.10069002645678764,-0.46189110798027255,0.6758915265722041,1.6807088925368434,1.288768239639343,0.5911975505206184,1.9268061283486093,0.8608875925003973,0.42375993500589465,-1.012194335832532,-1.5760540886231302,-1.651806497080067,0.44010400704618224,-1.779928417134333,-0.2799927727643513,-0.7302821331009453,-1.025573439473971,-0.6330791180769023,-0.41382331890582974,-0.931288420061604,-0.9197967494972956,-1.2183246038200355,-1.8525492814731188,-1.407681566303249,-1.1179654318533279,-0.6380925462264591,-0.8525783940077953,-0.8636989152911217,-1.5201917309654147,0.3700863897422899,-1.0274782468663397,-0.4711978445603262,-1.5214913483726165,-1.7889484329873147,0.540670566568293,1.8982709574982906,-0.21986678262970644,0.8984554881128773,-0.9289226539489912,0.43645452259398787,0.6609395460447383,1.6008929769571807,-0.9478555429774981,3.0108006465090296,-0.060287476745149025,0.8724025018248426,1.268400959635005,0.9245342728635567,0.37744570960881035,-0.7745064063539929,0.7100018442350874,-0.8605822268855023,0.778378048996525,-0.7877012514925082,1.8816982380724523,2.1898399249133047,1.5249701348546367,-0.09408066823218335,0.8500232037329197
-1.3821939096088542,-0.35176875174231687,-0.33201484117843894,0.6331214181856295,0.9514661725732292,-0.48982985735153006,0.030658497138273236,0.19461226417211258,0.12491780951257661,-0.14559302088433868,-0.9358954463590048,-1.3180375286575672,0.7365092868870523,-0.029368777220922664,-0.08779183224987862,-0.7826476695247632,0.04322635819790832,-0.28293775483925226,0.325577421930243,0.5741494705215116,-0.19196886886448009,-1.1300123449470991,0.5077664786466876,0.07540599848103943,0.8958967191571695,0.5834320508973594,2.1405837781156003,1.779875337251678,0.8206419035532834,0.40695973115789114,-2.931635550728392,-1.5734041338918359,-0.20934455045383185,-0.8359079906354528,-0.02479759453090585,0.13842128161757572,0.6412062699647798,-2.4187201456807212,-0.3853801969222942,-1.5348527448026679,0.15501579950329364,-0.6650680467770604,-0.11261066047597827,0.22940489757632984,2.19441207938146,0.4896681195830368,0.5166942593314818,0.7741701388005285,0.23462744501927826,0.2593571701765657,-2.2608360937284626,-0.9606052279288089,-1.1504768262837533,0.9425926346590267,-0.6443891649625992,0.1660362523083109,0.16104728301473037,0.20709345234029575,-0.5200804764893607,0.3039473832042765,-1.0563253324146467,0.3350257769694045,-0.23633143644518914,-1.5519672374848972,-0.8143200381286435,-0.9574381136402987,-0.34272927879855714,-0.4254626723252007,-0.9613350494038856,-0.8221296702231751,-0.4189926866026808,0.13890524194150713,-0.14476392536572585,-1.079932316057485,-1.176649623801059,0.17007193270504023,1.3137399317893708,0.7090630742868248,-0.44095209238144367,-1.9106461665818555,-0.12272242154629011,0.17123564956240458,1.827730972145907,0.17562293957693811,2.487181818789129,-0.1878588449397115,0.33363342079238606,1.5479985538116545,0.35799340441764954,0.7845964693601195,-0.010944359333489731,-0.5702256457409031,-1.5098493484067521,-0.4032054292775145,0.46646513399014644,1.575642249942062,1.7284450269283815,0.5778773041921533,-0.4603414576755982,0.38555232972712206
-0.9838480281946507,1.2411522548831666,1.3486794624753766,-0.6597616051317545,0.49063237138303534,0.8930066746307941,0.9477714048398437,1.2222950824063865,1.356409461770093,-0.12365160498767092,-1.1528808364737158,-0.6207391875629545,1.2922430817083441,1.037254559420309,0.5235892464684427,0.37699375493158743,0.945925305740215,1.3786814984826787,1.0163763575987856,-0.36249473533925847,-0.061121130670770636,1.4187978935324637,1.605121668100844,0.5176156526494607,1.541685685669029,1.371658981362776,1.4669874979182838,2.5605722975990948,-0.046062178675181274,1.4336218381236874,-2.9922331273498575,-0.24600912796586388,0.08217273158277474,-0.2518698395691922,0.9727976970853894,-0.09396594622915537,-1.0113851461611214,-0.5746441086259849,0.32951760890444154,0.804621935508748,-1.3396756315733314,0.24050365605346366,0.6491650760879649,-0.08207831250827975,0.506177477241211,-0.4364218461682892,-0.32128142730126885,-0.8262518376616869,-0.5791661843534782,-0.917419363976225,-0.7542450259025039,0.7960560925112659,0.29247275962932606,-0.4817378196380456,0.7389725716687174,0.7809492659501525,1.1580608308753735,0.9684423637184382,-0.9021806633737418,-0.06676656517723549,0.04588396299561648,0.6875479320508263,1.7350074126605364,0.3255700325334414,0.02747918324241944,0.5151722083510588,-0.6114274007211882,-0.21675492742218028,-0.10084734525217949,0.3833763653499163,0.014460614335802749,1.1033675755571253,0.8883443258495376,-0.06188295391961931,0.3663647563630297,-0.9549102977751425,0.2985402744773361,2.3051265632781943,-1.2835876721949786,-0.7715049995751915,-0.4901144833210333,-1.0848555862164715,-0.4481491759477459,0.7624304014109656,0.802279475206801,-0.4848748901528748,-1.7693425616555043,1.42013053810515,-1.3720472263328536,-0.24664389879026485,0.14884373704252926,-1.3594069751781575,-0.43680708272201085,-1.6126431424143306,1.1320449928063634,-0.3009789277349571,-0.32911193461059085,-1.0143546625963298,-1.4031780858160743,-1.212489079727973
-0.32673553714156456,0.8871084495547238,1.2731682270931326,-1.1183453316937237,-1.6690911226663299,-0.05428774606735228,0.16506035141526212,0.7419243087994029,0.33062254827678567,-0.36928080480001074,-1.3835217736568466,0.34934882645125237,0.4025085472954345,0.3725213231922637,0.17548308039109767,0.10671382207540307,0.571453603121153,0.8099107710407497,0.7725080682566131,-1.5602087890190488,-0.26557637328029177,2.3760453972014632,0.6382831614923913,0.7228863980701775,0.8345018481335281,1.7312188886957662,-0.42227473411610195,1.1911712927843208,-0.19509222332536585,1.427843980912577,-0.518547539357976,0.48389583586957124,0.3681877287376363,-0.2166989802945752,0.5508670609101805,-0.699298010506081,-1.4730494978945838,0.9257171659575727,0.35985597790171275,1.5765763890803348,-1.536756853166449,0.694050492092953,1.3217144166433288,-0.44295655032759024,-0.5657816359733774,-0.590112591500051,-1.2685329285881164,-1.4276192013796707,-1.1860778304907729,-1.4748973745899632,0.2544327615120989,0.9631168740029227,0.4346599186274458,-2.066277172686892,-0.3748677658113544,-0.09179384460869196,1.0600870609088375,0.3304650300413672,-1.2897370859697377,-0.8315979601357731,0.7856644729458994,-0.45645532771287556,1.683647937379425,1.0457100856032935,0.20791660701481407,0.7663466393868927,-0.8109481824404519,-0.16458753866874462,0.3261721969252128,0.07791031468500466,0.228936468758168,0.4992993435594778,0.9302462064321989,-0.12193627610238778,0.36401284474328327,-0.26426062412859586,-0.17122693385582985,2.0353298738361643,-0.6513794491429216,0.51115736939651,-0.48052013582642966,-1.145286499993704,-1.6130556042938884,0.8050199887569554,-0.2747220869582854,-0.4190220008411367,-1.699384505686827,0.6275628457720297,-2.142788127353604,-1.1088218857135028,-0.7998924588486618,-1.36037494650575,1.2860015487142924,-1.4696979432565846,0.7166934634769291,-0.9147694560330161,-1.451325635174876,-1.5709632905290816,-2.261690843785427,-1.6832484843864353
-0.9845009718913327,-0.06739855836369153,-0.015619511690271174,0.4828140906413211,-1.841309721389203,-1.1608001368974257,-0.8562491820617605,-0.12312606116741978,-1.072691312383055,-0.5097371369651403,-0.5836073880434348,0.2685531815191795,-0.37542535500456686,-0.4070962514448583,-0.15782817448467237,-0.6502456305510628,-0.580893146167195,-0.8228954584545195,0.5055677679938649,-1.586550971862049,-0.1770936422349948,1.0923896139049063,-0.04920986470063774,0.05766419613519683,-0.7247818487693882,0.2563966497048637,-1.4871011770542846,-0.6490656946360676,-0.05279605602250162,0.3874898089591073,0.17341622135961945,0.16638265016144416,-0.24651092757958154,-0.39892865901351215,-0.19516347190740663,-0.5127495604075091,-0.27074378524911547,0.07530358598030602,0.03541138150734471,0.6442820778339859,-1.0854141716069685,-0.4741300865163846,1.065411440376093,-0.7809962269362326,0.14335882009896178,-0.4906035686270387,-1.1888445453631982,-1.0629660928186595,-1.2825070987074416,-0.6604061031303746,-0.40872879730912326,-0.37531905753126493,-0.3564028826901622,-1.4404815967462892,-1.6235992946220672,-1.2140892208331908,0.23887555886092837,-0.7242032091108989,-0.6146370413716444,-0.5436524809822977,0.3397589056746617,-0.8952653767202463,-0.3128840859168244,0.6536267507777322,0.3662162848473338,-0.1011317723538212,-0.6036500666154841,0.5225631391061951,0.01109666403500382,-0.666840681283445,-0.5144264389902444,-0.5394393353896,0.15067085291962018,-0.758426020278283,-0.968131277695814,0.45791065477029796,-0.14955960304029722,-0.09483762416750152,-0.2951375110553348,-0.0005207631860008194,-0.7406902609726501,-0.2697202477787268,-0.2653390500927226,0.783857133086891,-0.7780071566183383,0.18556110499977782,0.13439103639212086,-0.16479084151388304,-0.8431275692905761,-1.4474374600425641,-0.9494181084715168,-1.3681187171264908,1.0228166319679497,-0.7564244689177545,-0.12060902365192057,-0.0962515309215936,-0.9439013655055377,-1.0046155084037454,-1.405868852203515,-0.5965589449527515
-0.8806829241189006,0.2939470169533275,-0.896704414726269,1.6413858197808862,0.05721096757487327,-0.9390776460368595,-0.31894609974979016,-0.14259408277523242,-0.7593002172448131,-0.6345582559022407,-0.4974145771895543,-1.0238824420325314,-0.10862175774295288,-0.10267699186300139,-0.41759062619290066,-0.39866625879846,-1.1475196080539198,-1.0698934681049506,0.2947311464603429,-0.6871108229386332,0.25067085363600905,0.3163429964874124,0.25592346266695865,-1.1143440050657076,-1.8309371128949226,-1.4268211405568771,-1.0730514355903396,-1.0498595226220853,-0.8113157291892722,-0.3694580391182992,-0.9851255853818967,-0.08360930314783366,-1.3047145087046281,0.43289935256153045,0.3351588175058582,0.042654900387731905,0.444881703247311,-0.7445317240030723,0.23498346438394613,0.20538292781430867,-0.745174425941199,-1.1352181837087825,0.005455969666318379,-0.8355094100373834,0.5988179973373837,-0.8413396128244471,-0.3261748579100377,-1.1093233949079973,-1.4040436376591852,0.15620635324387816,-0.5977661949188657,-0.4940965971410082,-0.14133587335129766,0.5654080436871173,-0.9306880754733765,-1.5088449375478759,-0.31438637822524723,-0.9445824933590904,0.06744698493731578,-0.716356344360032,-0.36635586127547404,-0.33223500759601127,-1.5464846195635567,0.44196550335970564,0.6467442950623463,-0.32772764839033497,-0.17455173828724338,1.2702447913864026,0.06752208725806652,0.5176496535187247,-1.0408626255096929,0.10110781177181753,-0.36700301351933445,0.1878720206519842,-1.5663720697004033,-1.0764128996940503,-0.5062671660843244,-1.4343606679816334,-0.49845528333593947,-1.2828152016458614,-0.882513089097669,0.3861241834895903,1.247267313836745,1.5018637450350827,-1.065872267702321,1.0756500574197598,0.7042730423159101,-0.2962969430229157,0.8490448836794683,-1.0295780775690289,0.35395763991168944,-1.3551365134387783,-0.17337254386051187,-0.3556994336219815,0.09174133617903318,0.6438220623143613,-0.27141004283395603,-0.1919150226856559,-0.20190917419948082,0.4077194002777643
-0.39012130215792123,0.7493258906526409,-1.1209608552774621,1.2517314142466498,1.0521409601720997,-1.2263165907646243,0.47034619363797253,-0.032434867611899114,-0.37460409552409707,-1.0358099447108984,-0.8441903045784226,-0.9825268596417682,0.435727638508095,0.33314519162459577,-0.840788949483995,-0.01143033053203072,-1.0136512635159471,-0.4752974309547496,-0.1591497640253311,-0.40179419318457865,0.029667486569370554,0.5806316653579561,-0.29824090800739034,-1.4087529993691659,-1.8986492431397142,-1.1850655912446875,-0.8746885838461413,-1.076211491468368,-1.6165793246721132,-0.990164985226161,-0.7551476325917023,-0.561248053720727,-1.9684665538260826,1.0742628165542438,0.620303487546928,-0.2426167264091423,0.016581377924113194,-0.479870231319774,0.027093656439551538,0.0009686068924555337,-0.0815024592224017,-0.09398367650464054,-1.2553357583584255,-0.7704219248112086,0.02799303613910031,-1.0927042676521255,-0.18721439135109136,-1.2738553155124774,-1.7550153320230024,0.16423186730245276,-0.6171227570560307,0.45482393333631627,0.4410904936575115,1.608471363646405,-0.5618438090736995,-1.7626578516517242,-0.5979015983562204,-0.5027183431691545,0.3865276493525465,-1.1323551103881477,-0.9865491328530709,-0.4028511140574112,-1.3131504139706345,0.05042862614365724,0.22776795149066786,-0.3827555718825742,0.40126336651627076,0.7277956040849384,0.3936811854242343,2.062928451285476,-0.978290495406526,1.2298194432676814,-0.6320279881750698,1.7342720207730757,-1.1254955460715745,-1.9430686680065912,-1.2929616918968205,-1.717413601688456,-0.06076638127206543,-1.2686923304605815,-0.3649286620217633,0.7163592603968716,1.3927482188782778,2.083340911550715,-1.0631218076749018,1.4715942753759712,0.31927360930407866,-0.5128165495351432,1.1709655558761727,0.32225168332800275,1.3391975389468105,-0.24470258222050018,0.206552315407209,0.16208174204803652,0.8730861694061683,1.0513744969655063,0.1508378655963993,0.13865741593313574,-0.5579213093142609,0.7298808256137651
-1.3029365901193053,-0.008493523161732248,-1.0960916690912563,1.2054180843347695,1.1433529542474516,-1.9561715447900645,0.16487014216777135,-0.295120181027699,-1.0513920220063124,-0.4153525664452703,0.46993686032242055,1.3548493997335593,0.39462704059295795,0.08540369717801848,-0.7305189638377239,-0.13644513127973068,-0.4013794514370967,-0.2580947073068891,-0.3478100272361259,-0.7247425127143479,-0.5402481111955596,0.2898804908219697,-1.385994239553823,-0.3014165292998813,-0.7081157126331877,0.105232293642712,-1.0783899608879406,-1.5563793584139132,-0.8340732854798512,-1.7916363212244772,0.3782699729695799,-0.7292562477438937,-1.1800825652983082,0.6113038018729562,-0.0904396809142792,-0.6909345033238699,-0.2683422614972198,-0.6912917667989895,-0.876499207175133,-0.5332442838438373,0.5966205131943612,0.534797164368288,-1.822547527333709,-0.8952373174741626,-0.05522070783583868,-0.7816066723999834,-0.8590078782370424,-0.38759130391474483,-1.3712499759793035,0.13073026638219046,-1.3036588793806168,0.18657095765509052,0.3794896677742629,1.6417149310542467,-1.2742169413994477,-2.0226385615899107,-0.7698194769572634,-0.23981668609200923,1.0212515496846906,-0.2376945533531422,-1.3550387706837281,-0.7376540985138323,-0.8222619554943295,-0.7872908892397372,-0.4742648933268228,-1.0950079223708968,1.0451447637937659,-0.37787807028509757,0.14893591219419983,1.0655346525357827,-0.9037641374099485,0.6352947484557364,-0.8615748585962593,1.4743284664056526,-0.450122743446665,-0.0580515570992969,-1.220510032900163,-1.9652528116434291,-0.40842778636549487,0.22666217670225708,0.14321451884934636,0.7820089380724324,0.7507944023579366,1.1300096775755488,-0.783164269169749,0.7655031246843664,0.4469470614469143,-0.9104914285085524,0.6546000229893734,1.2005372235959226,1.0572953283544142,1.5232116383925816,1.0617576819323153,0.43438679268505753,0.4864009074932143,0.8324913113044302,0.4938557909479593,0.3373920418547686,-1.027103913077287,0.704317948510684
-1.5374940565427488,-0.8853808753192325,-0.9692154430540726,1.8080056726956375,1.8658351180655217,-1.231539117032402,-0.12401966292123337,-0.12437605709032577,-0.6025303006450471,0.8862268174107396,1.6711865214742136,2.6939451221822117,-0.42954503436157254,-0.5342110549620741,-0.3118442644751687,0.03433955106402802,0.4294928616198024,-0.006963010999507917,-0.13435810011688637,-0.6022684678079312,-0.5555302589182526,-0.2841091977432884,-1.473439731213451,0.8681116350139698,0.647460183153541,0.30939070741634844,-0.1056792485750321,-1.4046301937498065,0.08399504366795474,-1.4909935325589672,0.14948999533499932,0.3971869151271641,0.5786241712904145,0.16693965236707023,0.2810262298910532,-0.11099708812747622,0.5034903186209547,-1.0178226671140937,-0.9460801764922488,-0.2674405319706788,0.7377690652514683,0.02293123394483125,-0.5722711085560134,-0.6393778336362543,0.9440175610149459,0.02584321352210813,-0.4571632454639699,0.554337972002862,0.02083011946043217,0.6229107702414226,-0.6736936651801338,-0.6150914194341647,0.7127057342131444,1.9059668289181764,-0.4371309746345082,-1.2551943338607205,-0.3507642129317569,0.05256714947987744,0.6405154217282132,-0.3033385117064125,-0.8149607997706266,-0.35386281880005627,-0.45896124613741646,-1.1736060604093284,-0.4744531852120951,-1.5441689666721998,1.3641908907164806,-0.47025941244802644,-0.2269984700294554,-0.9749194947469036,-0.7070445629129424,-0.35999572172685435,-0.6451112757831581,0.599673931023769,0.40912678581296463,1.2978798050903138,-0.011326901500303629,-1.2386704718084205,-2.0666498372205067,1.5437968043987496,0.6659023222521689,0.693853341085331,0.3860615784433026,-0.15659695180225092,-0.09864352984583401,-0.12352741866581365,0.7320721645560949,-0.38056143036088413,0.47929505650353216,0.8046751369642936,0.521487582083955,1.537958966265904,0.32212735472452486,0.2717898327345552,-0.121158976024419,-0.04550330766121625,0.6829836518761468,1.1652600627908176,-0.26870349275830585,0.4222144634321559
0.30144652550469003,-0.810338314848403,-0.5711638757829994,1.3500681173084068,2.0473467741052134,0.3481783655209011,0.2635887416154889,0.36431915745005317,1.2677615772411932,0.43629749808548396,0.4773283949741341,1.1559791466454359,-1.7704520413429181,-1.0889819692270015,-0.6068909828260021,0.3763221878201328,0.5352229369779246,0.3986703400602142,-0.2645501617401352,-0.09864527407089561,-0.5405193919243647,-0.2532736508873701,-1.0642634149457324,0.6653686194973651,0.2830590846631692,-0.48707178607179885,1.2573718722624754,-0.48968135187565365,-0.6157875241699997,-0.17752636218116083,-0.41129548584288467,1.1176415560500068,1.2220281440190004,0.2476944954145292,1.5423281691168542,0.663446780971169,1.7957959928255598,-0.042619730082014154,-0.02387906897589889,0.16765909535528373,1.0062042933964115,0.285125027201339,1.4343696595707702,0.3969037746160928,1.581110513874998,1.0593790675023853,1.2201816212861478,0.529973012046458,1.1917879274378067,1.2997874368764613,1.1612255142837988,-0.03248127986142987,1.2721657618288618,1.9393164364134436,1.7513276071029062,0.22446800231782998,0.439315978777673,0.785794598293805,-0.8938871850920874,-2.0980506754962573,0.14336691625171571,-0.30986269342452927,-0.11631245210406609,-0.8651610985953365,-0.2608763896317711,-1.2791499306813119,1.1879436351180455,-0.11398593537569761,0.07195551336845002,-0.9287985514334213,-0.35772101643770937,0.14731862340785,-0.036207998455371294,0.4105113569310091,1.0866911424471832,0.4978463936955824,0.6556373625697324,0.5211397525066401,-2.0670311942424693,1.0794401961083986,1.604311161245637,1.0062082212273173,0.5970976335330664,-0.09321393519440245,0.649334251539249,0.1422655589881931,1.24897935309834,0.5814447580988051,0.48044756626206786,0.5278126203334034,0.5636176266495757,-0.3375708901795306,-1.266717408244623,0.7110494076717767,0.35262499288297283,-0.340089190203539,1.1491136287664048,1.9300630688732454,0.2931127009017638,0.366529524502812
1.5150177254454276,-0.09163552597283103,0.6497035129366243,-0.12794954115501556,0.7130504532374,1.3906388204318827,0.6677073088344113,0.3275107668691615,1.5644345142904277,-0.8537118279817842,-0.7056303499208763,-0.5566920623402051,-2.31865461864851,-1.0291720118079302,-0.6058266007251694,0.2884502142367289,0.11193239516149046,0.664904317322195,-0.48645704938306394,0.36969821050140744,-0.56425645569482,-0.46598285956255947,-0.7243576450123075,-0.32588304705100296,-1.1358163834199095,-0.6893205040720485,0.8690726645869592,0.24610591508584487,-0.7178278845571313,0.17006758550236412,-0.1952606327805287,0.04021642323959171,0.7136377842849327,0.7547499046546267,1.1990668541949365,0.4582451754601505,2.1796395391702132,1.0695288333030621,0.35255130909217647,-0.6543404999820885,1.666098898913582,0.6946039354560275,1.4503578490692062,1.0639539292152063,0.7195705105093788,1.1523275600522804,1.6540766042053952,0.8092118789625475,1.5036529995338446,1.505957863427527,1.1640955152596553,0.9689659128057199,0.7672635493491781,0.6833246209040875,2.463961722938692,1.202875194143888,0.5965667782062108,1.0617081014566103,-0.5224812202024712,-1.3827535138458398,0.9369820560827179,-0.8288184868764936,0.2503401387975089,-0.35252314335999557,-0.26415804820366023,-0.594148669693127,0.9639798033522834,-0.2825942965370581,0.828257703926144,0.8101654885734467,-0.030055129702421385,0.9315839062144827,0.5341526207837228,-0.5507730606301464,0.9463247807777719,0.10401470416824896,0.44831265557526506,1.557871490096329,-0.31532219343206686,-0.710768162774369,1.7359782704800917,1.5927261184371606,0.6206860368691985,0.5120120718487333,0.8377898787750861,1.0259709817059324,2.133028260365675,0.8184018466193526,0.47279160858036645,1.280539559183221,0.9554360432561237,-1.2120475754246498,-1.608117254406572,1.0419679709341496,0.35784954042170786,0.08995584174713386,1.6056082706748773,1.6481065720846504,0.3548816175311037,0.8345219756741019
1.314262651934827,0.4738528119659781,2.1331070924562665,-1.0511830910213986,-0.3250774039649478,1.9353013350570845,0.9447660987294892,0.18378783139290528,0.0454619371714049,-0.567066252134581,-0.14637932135732568,-0.6776645082172235,-1.2163529293932511,-0.24746630898161362,0.7253960927863288,0.34413862547888613,-0.0006206815579112274,1.182269990891557,-0.07216398372229091,1.1480755028849958,0.22480875748991305,-1.2674828192938479,0.15764158851147075,-0.6960285524437033,-1.2047983145131738,-0.514941408764663,-0.5769872907799146,0.7432938665377417,1.0423191797314932,-0.27332226367293266,-0.22254784465839866,-0.930495133317181,0.6982729132943993,1.621217493642132,-0.23766008274519745,0.39750414855096056,1.3578038037893545,0.5738607046045855,-0.3042823775113108,-1.4944692464580427,1.7723848329079714,-1.001008168163235,-0.35550815477914066,0.48415383826868763,-0.6177411281654162,-0.08554816846759858,0.2595136943567154,1.8101828368718895,1.6344903124814987,1.135122257418514,-0.06678412548569736,0.7261734589719641,0.07102621157015825,-1.0616533844192872,1.6197919180441718,1.46391092179058,0.17704773302109958,0.2814225600453071,1.4369621485526187,1.7511588244650704,1.636628518401963,-0.4701169571653446,0.5612001207621294,0.17189400923595852,0.2679279207351797,0.584833353536298,0.9874872342582458,-0.33205020315177197,1.2197090775361414,2.163917413368446,0.5983171088955671,0.7443547753739272,0.9420918857530357,-1.523216398920057,0.5902239805334389,0.4950835438328269,0.5960887208003023,1.474246195879665,0.231298617976681,-1.3001645403965156,0.7045348810469294,1.643431154040236,0.25500853175299615,0.3631860045430442,0.7037049524384077,1.255811126270105,1.9515515401785082,0.8494325784644456,1.248389515012089,2.107646806691168,1.1772489274648623,-0.39883778126715586,-0.09990043463287333,-0.30041817608757526,-0.5597459930919116,0.08284997145598952,0.9039907068297844,1.1964333391203608,1.4899893320917994,1.2025896747745533
1.594174592058564,0.25360320378115225,1.846749980585449,-1.0725331141214367,-0.3191578537562892,1.4246819546218399,0.9209138590941448,0.34660644926589573,-0.45893857627558404,-0.14835524188795718,-0.13554257987642354,-0.6914660743120031,-0.12263332521402232,0.24645058376964513,1.490101413129605,0.7038403021756774,-0.8379986470755652,1.4426922502794102,0.035063545292123986,1.7319653803822772,0.7064676914835505,-1.323995966986149,0.968175565322047,-0.7155349964207185,0.004909208805286233,-1.2073254826032276,-1.0882819342334955,0.8247887883017989,1.2965353376901854,0.1554044520758486,0.2209026254446444,-0.35276686460694834,0.7966911409905186,1.4672520099898057,-0.5561317080117372,1.789631038997635,0.6975563094289026,-0.16572071640096817,-0.9964663956529191,-0.9812622883284299,1.2687828789443372,-2.6412067550546707,-1.1062151447672435,-0.18323430772254995,-1.0847032167422483,-0.5716697020602396,-0.14019208795159716,2.0695282158834996,1.8214696031764885,0.9770830473331774,0.35944290832871195,-0.18535909798159828,0.10940551651150285,-1.65676802839816,0.4936853555923528,0.9917499196303272,0.01426054599977813,-0.4703446433220444,1.2134201714477622,2.3214684607091347,1.1344945392212513,0.30297492422124145,-0.04203043206591156,0.5515606128231416,1.0738171897007347,1.460767489189434,0.7144033976143532,-0.005717599273215846,0.5483473008660222,2.1808435723677286,0.9768509862902641,0.28883923404319944,0.7474337822867484,-0.4584289485124782,0.5601836548448597,-0.12078080739231446,0.22545563727707885,0.7177643095090894,0.48408384396328485,0.28589898910865097,-0.1039930304265053,0.9866378566085865,0.19589438989727687,-0.6090915266529525,0.3545438750290863,0.8290407441559129,0.5222440216868852,0.6015612325363138,2.1353280963309214,1.880088573843861,0.7380342107219908,0.17983825416363897,1.2304190244061808,-1.5760737788521577,-0.6021610698208526,-0.20490979946806856,-0.5755562739161418,1.1851774314059802,2.824015908853451,1.1302715722689118
1.8487724073263232,-0.12522980386144844,0.0088520566935389,-0.6905140781825816,-0.45276146545493795,-0.23389843781631534,0.3434385837121206,0.25692589071187355,0.3493337963870803,-0.8879529449511684,-1.0180792892661932,-1.105611288942543,-0.010891074632243517,0.24305737546220404,0.8049054357185338,0.5876591918940339,-2.37269793001267,0.3867604111773185,-0.7000164548140453,0.9704795851139244,-0.28266705919501955,-0.19317236683365285,0.6343052489306199,-1.2906173961147245,0.4658469168007736,-1.562648252439016,-0.6106409355481255,-0.04726519885073878,-0.864203700179905,0.8752089323675454,2.0046876321535985,0.5487895252156203,0.10241698727976131,-0.2607422466671696,0.04425939808050426,2.7877438133045853,0.5787094732785432,0.9980544721517035,-0.4883920227618865,0.30650451036274534,1.070280815064369,-0.7128025368422294,0.23500947504193995,0.2009653361533202,-0.8960554707923193,0.6863922736076918,1.5055885310307,1.3881306278892378,1.4069827786229812,1.1486147429066353,1.4769256216280044,-0.3559369485572901,0.09531949501707318,-0.6892582707294221,-0.7683563322302557,-0.21121373369064655,0.12017656832454816,-0.30683194567044053,-0.5371039319095988,0.6563317625383536,-0.5135479902776301,0.24855175730159634,-1.3251523124047468,0.7581215892190472,0.9275412936848906,1.2072710199807586,-0.14917306910020925,0.02827140218400065,-0.9795725522670541,0.5787655833282161,0.20992974658454422,-0.3552867395628565,-0.19279491365668078,0.6557380738155816,0.14918709929417276,-1.0786106211757878,-1.6689020542040733,-0.31528838231548073,2.3012500536148304,1.338519881138561,-0.9576347886298848,-0.07200026099433676,0.08499454217376286,-1.8727937187220043,-0.562881890188063,-0.002273429606631375,-0.4280349135665857,-0.8277784777628385,1.0332406397311562,0.4433483586118442,-0.2795233934393222,0.2337030115696738,0.4986933975116698,-0.6388556739141332,0.0003804982977325904,-0.039460520327014754,-1.4086548659698264,0.3622189021325866,1.9544235245828712,0.7399110320047649
0.9904528048187797,0.5545404383103286,-0.5188590612314881,-0.003726429603218273,-0.5200194373597682,-0.9092346387924164,-0.043865486028616445,0.20902711077243288,0.6455902668647026,-0.9338162370867209,-0.6919121627282891,-1.040925657103309,0.930686259423623,0.6421881636253834,0.613476314883767,0.2280091742058161,-1.7804190986668713,-0.7064973906093122,-0.7171413324849074,-0.23655686444212254,-0.798010017015303,0.9106280813469294,-0.05058155868745544,-1.6273300965492645,-0.305176158391678,-0.2822569143760607,-0.023612506745242456,-0.834748984172651,-1.5636422012920839,0.6647298482485231,2.349604645707406,0.5902782092173986,-0.3673535615862091,-1.2531767651714678,0.37392432709449774,1.2871447691007483,-0.06918732750073117,2.551805781338087,1.1775523345663024,1.4835966408755725,0.9135029978519081,2.334249078984389,1.9689286261473247,0.6548394912913345,-0.45602702827615504,1.3414359935619886,2.466191644309685,0.5987789289270892,0.15301676749557583,0.5271731665672005,1.1292409478528658,0.487165677304724,0.18713381627967812,0.773494041911429,-1.3215295234333293,-0.7998730374323778,0.2549629678347235,0.3629521228826879,-0.8845570220252262,0.2292972006131662,-0.6649674364795022,0.3080747695481849,-1.191725801884976,0.8945234803047032,0.1597945809073582,0.7571461107775216,-0.7193744590605085,0.02575086949166774,-1.9362857549509476,-1.5023567849057675,-0.6674305524879159,-1.4251047007943203,-0.8473128964288836,-0.021991160010060365,-0.411690369478536,-1.0483448567701477,-2.7261217261089277,-0.4608150814690607,2.770646068076162,-0.19979758886847546,-2.0722121784285226,-1.201921949117607,-0.6592711111467433,-2.27214366599227,-1.438805178205764,-1.2774248317339238,-0.6429258104861603,-1.9987605948206895,-1.2131243628433412,-1.2814091885867154,-1.0925972449707044,0.28933289316131866,-0.6446590972753982,0.440624090675802,-0.036122590426850266,0.06617635455235947,-1.4719177225073774,-1.2828200359542135,-0.17848367859117253,-0.03411276337844134
0.2169656564416853,1.548348149402551,0.5615046549506618,0.5504115078190825,0.010533510732404277,-0.018282710475213997,3.480829225680165e-05,0.7836263004401819,0.43152644905598986,-0.0735668052805505,0.036717761583003446,-0.8268785929002856,2.3505250964919933,0.9296040936666564,0.8512060571047577,0.41243183481296025,0.7115102512193558,-0.07862722225019639,0.06300790634499522,-0.4045738066339212,0.11439750086619555,0.8843898342040752,-0.3479648150295318,-0.7826390714223329,-0.9965827203849091,0.2840872384189728,0.2678081683238065,-0.44302193017599817,-0.2848444863633728,0.06878514733113447,0.15967278415771666,0.12582133429594836,-0.17503313246483665,-0.5172982579014981,0.16542533017158648,-0.6677701228252608,-1.067392110803545,1.9843256173410802,2.181917636502327,1.593674241202051,-0.010044488600806999,2.0025981436620413,1.9071896174687488,-0.001443223244398487,-0.012800215290286502,0.15067680099904057,1.0732166688969635,-0.36997917930206337,-0.9987130154850715,-0.6654794526169939,0.3397355682944979,1.3511031145884664,0.951249446042725,1.239522552797863,-0.5304139377935086,0.09595872990106132,0.6891490921923399,1.0722819981667435,-0.8734263011735321,0.2930384355359069,0.4123363395252058,1.0096943660608184,0.32548716052460847,0.5159194331804619,-0.1272429487699261,0.5877687602830973,-0.4417294791065037,0.37705966095788634,-1.3896644674775276,-1.830996905609966,-0.5602926606565944,-1.8484108041233025,-0.832049060886114,-0.28193471437748363,0.07103949047441672,-0.4463575469011193,-1.448138733040871,-0.17215598278681926,0.17946130277705738,-1.963288532122177,-1.6270446614315666,-1.747727557506969,-1.1183861751089832,-1.1975350197233192,-1.581681753558657,-2.1926509995617014,-0.9829127574865666,-1.5365096928524056,-1.586990296299762,-2.1250701820527707,-1.4099229011540662,0.009759997956634731,-0.23120166720502916,-0.5032585244441137,0.026984444317343825,-0.3368999413327104,-1.3409322258121348,-1.9725437427077417,-0.8130297049000101,-0.6679337678604932
0.10139462212897789,1.4857922292063037,0.9377956843088049,0.5082521354590935,0.30549260392513333,0.5605887328246363,-0.16803408279060109,1.157082529151801,0.7412288402742372,0.14532617991185925,-0.2816819895581847,-0.7090986801056895,1.5028836460234214,0.4060432382295113,-0.02052288347724994,0.8450243726068608,1.3145789451829921,0.8239898622287776,-0.008214388235912494,-0.38695533369347296,0.245245239059905,-0.40789990221213873,-0.7907476339742839,0.24128231181125614,-0.6848466120849307,-1.091251786377059,0.35631254360070336,-0.08199465477491415,-0.09147898647754622,-0.27982842221317467,-0.7506552257581506,0.23304275500517405,-0.17274916515543304,-0.35116641960583744,-0.5733959561645896,-0.5726964765337416,-1.3041137377761154,0.7642714042597796,1.5577683439152323,0.5210689847663793,-1.0262932705980254,0.04105650408551859,-0.0005703479138613462,-0.7347879751844156,-0.4271855822861897,-0.7851851434853199,-0.7049134242986586,-1.3162886727399226,-0.8430816703047957,-0.8587259587086115,0.5936987657580588,1.4620437067826972,1.4828436485281575,0.6810801057202513,0.5129235686179501,1.1110886535039353,1.2975430146265485,1.7063472735435505,-1.3587584677216644,-0.5373100695471991,-0.19665199489651755,1.0488924472963768,0.9069845459179056,-0.4220446947924799,-0.161592768411749,-0.004701470119411537,0.08057990609761821,0.3922974267797171,-0.31979813929452816,-0.6831988483700003,-0.19396309960496128,-1.3295437560795902,-0.902415932075562,0.521777117240914,0.6436765173458576,0.13446884470089512,-0.05665787900426067,-1.0060146253285398,-1.5948567214782676,-1.1320769011793281,-0.34829165519601435,-1.4523040079669456,-0.7579759833591017,0.05228729443743617,-1.1346337683877972,-1.9252373330195605,-1.115372813458838,-1.2212267570538988,-0.5140037111030235,-2.026952426360373,-1.2560312105879792,0.00520483876796371,0.33435883836717817,-1.0809348493129243,0.7482469808490262,-0.6346191210112858,-0.8463367164328308,-1.5864900568443085,-0.1867933983170927,-0.42585678038617447
-0.04923446605173031,0.9853141879304903,0.43914681303161146,0.33961464601913777,0.17914521506290476,0.5983069780919186,-0.15947466665351576,0.8107804671909697,1.2152867892180457,0.08471366996453247,0.005648259996139526,0.153376411084097,-0.3043750316200189,0.4583583069695095,-0.6872518314388734,0.900092875746137,0.0818371410950715,0.14168599828804235,-0.05041753864653085,-1.1097831203740463,-0.611549729416527,-1.9390249651851021,-0.9528818632161355,0.5175202666153433,0.0934143279438137,-1.1802913518112204,0.6182143140830167,-0.7366051323930348,-0.43510334074846985,-0.25040504851625944,0.7525706549235818,1.2563714131991142,-0.2862208137544398,-1.733721209490064,-1.5156571190858448,-0.4362107977096981,-1.2158005607570006,0.8501156763407813,0.5795825484425822,-0.10742634766966362,-1.2772278803317632,0.5071249962145667,-1.0200634005852864,-0.3947686347076181,-1.1874999658737981,-0.29979765524351715,-1.1086052461094782,-1.676835327375697,-0.0894780239418441,-0.6830612327344162,1.1055474953521844,1.3389462888414763,1.127937150440245,0.41509621976170785,1.0363819230353628,1.2270594462311613,1.4071113135832072,1.9261312445721368,-0.30357704345248737,-0.8919142928835607,-1.2344838331930348,0.5316117855211456,0.6626215687909343,-0.7716257711003652,-0.40300986417162404,-0.3773666908399425,0.2899246887925081,-0.0007911035563833426,0.07477678452960315,-0.3143449002446867,0.1071934114671146,-1.0553554212772072,-0.7897935779356664,0.11509645068184286,-0.22572899390813156,0.3384173982061214,0.31572806723662383,-1.298586359983209,-0.4365664866288744,1.0188448710428997,-0.45178812710588784,-1.0658486108822192,-0.4492656173677813,0.382396177769736,-0.1611673801119848,-1.1937112893692783,-0.9239546853182276,-1.8933096078091747,-0.8119686447473072,-1.457610651628679,-0.41266513684221356,0.9363363164221787,-0.1321016874880218,0.7794888006935068,1.1166463263764075,-0.6100003577978723,0.06731327606857962,-1.3497567637450507,-0.39299315780171185,-0.16705230137576824
-0.09283101441480292,0.7553697927020085,0.29029316664382726,0.2058967743487318,0.0258522033870691,0.7837757416333093,0.3454548017355229,0.4581752342997401,0.8661688117579217,0.7133013591087358,1.5416467446967246,1.39772757482517,0.08841590981896115,1.655228639411749,0.15797399483239924,0.6050682777832797,0.09320881003053737,-0.695078592814371,1.4173779387074878,-1.6644656750113127,-0.3416706177101511,-1.953826027675943,-0.12437869517824746,0.6564977183244438,0.5877160532329139,0.7316721853065126,0.5923067648446584,-1.1937083988393185,0.3085723108205581,0.48882080055227906,1.0128640345683366,1.8879974347823327,-0.4899091710748893,-2.7774244276922553,-2.1098508027642415,-2.392071864185614,-1.8762767716652522,0.446745147869256,0.19622073281801258,0.2568935997619557,-1.4964534487857921,1.3121775482266989,0.021259680055157045,-0.17005264342971188,-0.4945196974378598,0.08112600400711496,-1.2160014649006041,-2.028530292439295,-0.6637164847463545,-1.8350177165970647,0.6407030039626406,1.3973219898340987,0.28818570960928225,0.4506196490491944,0.7697686258531037,1.0672242633926226,0.9999984144175271,1.4337505154614039,1.6488823435917357,-0.08991636691534531,-0.08852435134233852,0.8853251453504667,1.1856232149693235,0.018157268426307514,-0.31825161695832416,0.3058382764673653,-0.03736658180617868,0.28360900189517985,0.13865842439285628,-0.6159486059030506,0.6503355064233797,-1.2804447687163056,0.17006004941989525,-0.9937336965150732,-0.8992844102814188,0.24843640153956065,0.9561559373865132,0.3061783642304252,0.6449075480823484,1.7656022983447166,-0.30675017189491127,-1.1786450760483589,-0.5873035796090783,0.37411047118569585,0.5847966716101664,-1.1768759701027416,-1.3991171654633736,-1.7456996264977749,-2.3171875504577386,-0.5356874737676874,0.22185114333038922,1.8921795326749342,-0.254666146029711,1.8416237503228787,0.6418311967705812,-0.8488583127025591,0.39552031507670954,-1.2553588142964343,-1.4629289276548336,-1.163029786144767
0.19556919376579945,0.4811852616603887,0.24669979667207698,-0.3760924594214879,-0.3394413304569257,0.45124727017069066,0.41617459995259687,0.2547450467612716,0.10254760509454548,1.6223326561863576,2.02291081867228,1.5373149443673895,1.1188499342538598,2.134454058831889,0.8095354978571562,0.29222132186258926,0.7849765216908074,-0.044698249590675684,2.5088201944455935,-1.3092738394691699,0.6648713130667527,-0.27637227871398523,0.5410986425263575,0.7657624204059638,1.0929698108400887,1.207962246787773,-0.38333490253359975,-0.6145483269923452,0.3146180547163274,1.0410188682998316,-0.5375820334971732,1.095914645428533,-1.087633797615403,-2.0301233603859674,-2.045094062439989,-3.708842710121861,-2.4954696456956786,-1.1627974342998415,0.2244796705483355,0.6087836800955654,-1.996070113408261,-1.0313091922915596,0.5722987804224072,-0.6172152552098342,1.0312713518989851,-0.35154785247761483,-1.8199350597682638,-2.3601492605350693,-1.7099812734780364,-2.769716755849527,-0.3364047727175416,1.1249402808803102,-0.30511139137892374,-0.20585685885313768,-0.38329380484969733,0.9399728967052255,0.7835865308168886,0.6263073519366754,1.6632322435132825,0.6877901232564425,1.216392443524181,1.6957166254056466,1.6920817038466391,1.0824441804649994,0.42660418233824404,1.0145418516349303,-0.48155176877555955,1.4357215816269857,0.6752037434335864,-0.025009819901239298,0.8714136959165827,-1.09321563787575,1.0646740399189083,-0.3135786103570932,0.16998013611420362,0.7698615210923312,1.5464324575588775,0.7512261067061204,0.05105294552481053,1.2377352232412038,1.2148725137386132,-1.354452184873291,-0.9262151173475095,0.4119502904261849,0.02173821171138173,-1.5003191667775215,-2.2135301920197823,-0.471139066591475,-2.4957854019679675,0.06412925646100838,-0.2589984999329941,2.1577453133744546,0.5136707244210412,-0.46686004575839957,-0.34712065707470874,-1.1633630127539163,-0.4213358551505368,-0.9046694342306646,-1.7753348192554992,-2.283991817635472
0.414305332154257,0.3465320327534099,-0.06098408823632973,-1.2561644122486955,-0.5994559820953155,-0.08719795127858536,-0.008714817092319322,-0.24809905780008593,0.011103445013391675,1.701342600365332,0.8923818577051026,0.788641378592565,0.35691257148332933,0.9762886738965051,0.21364117870595112,0.20398773521917127,0.2658995033993562,0.6784104222409427,1.526790860060653,0.024726799796077926,0.8314376805531473,0.7891920913652583,0.22999844631610417,0.45590088857548133,1.71933082437032,0.5879675783591531,-1.205467798364171,0.19271269048180734,-0.6988550622500828,0.004451863257846224,-0.736745403117968,0.029264647153970633,-0.703823472939714,-0.1367941882265632,-1.1871304921478636,-1.6447291375521538,-1.4664453075768709,-1.3036450730201563,0.5088818853663403,1.0419835460746705,-1.4526845754128175,-3.281540726131778,-0.5406636877783361,-0.13427384034915138,1.2112217746418235,-0.64869858606383,-1.6027121102942392,-1.201581726428313,-0.7200753199184654,-1.2269811542028786,-0.5300660607883861,0.20442390615774583,-0.1906369485818015,-1.2814744856520024,-0.8420282487778916,0.7193524628151178,0.5179848579756549,-0.012095205468685052,0.4817389625202239,0.9258208244156922,0.8639462384394335,1.4267277032706567,1.087878024118535,1.543047227772271,1.1895360026209556,0.9955712378832269,-0.04169382033115685,2.2077683832664112,1.4067190516468635,0.7983512567887123,0.7540221776494904,-0.005880262994214178,0.9261797792026579,1.2131450319572565,0.8825024518237441,1.5609784624754426,0.7399208449106021,-0.7766290417509869,-0.30488935490266283,1.2850850498804283,1.4592221722713914,-0.912250900692786,-1.5076807102643954,0.07967762384582364,-0.6372916570012747,-0.8088142160791245,-1.752957648547051,0.8240194791085504,-0.6246858089852557,-0.11952362322517117,-0.37269560738252205,1.4594394097511871,1.0253128531195115,-2.146487496471471,-1.5032580321595195,-0.8112587470675275,-1.1461332820089534,-0.4932699987266939,-0.6065133846639273,-1.481512421048959
0.45092040560665325,0.04630043145842363,-0.2599014306530311,-2.1556478746517254,-0.4076328514986054,0.3810056734897885,-0.21318975814491353,-0.9807296469126747,-0.01834669112204823,0.5960893772759431,0.13399787441445438,0.5228261625607242,-0.48611673802601546,-0.5032993001613196,-0.34329675555477596,0.26448043425865747,-0.2248276797785615,-0.0467037015331564,0.003894834886998375,1.9217060707627838,0.7340478989120794,0.15588602357534273,0.3334927576214993,0.5762780636316823,1.5279718365055268,1.7859436082018827,-0.71113082350297,0.7177372287431576,-0.07157226877196418,-1.2117142495479831,0.37564108304476074,-0.12094691073006196,1.1281778509416884,0.9494647071341905,-0.2133763051236027,1.270840154088963,0.5332234698349008,0.12347843097681226,0.3796905530633734,1.5255542271933082,-0.019158672050603023,-1.7865518416269937,-1.4084534193242164,0.8316572738568034,0.20912180589709292,-0.6212636410762499,-0.42336292675571874,0.8957211749875322,1.2183650096074683,0.7561080621508989,-0.04133678349977048,-1.2217476074183988,-0.45740373971000386,-2.1393741396187544,0.4046526953111006,0.6742707445786069,-0.8530392087838684,-0.8518837205919709,0.2190212130059736,1.150659309789937,0.5517868755833039,0.12239572946939586,0.49621686888013394,1.1915839085871744,1.2188288402011789,0.8342114908912547,0.45354108599370974,1.4967108348035865,1.4444031735851233,0.44608267251504513,1.085639461889295,1.5128606645383804,0.5166493035783074,0.9760583973434184,0.06772543319204677,1.1702863750648766,-0.3215836025263125,-0.6124151260126777,0.2278936445663011,1.8156125456080219,0.32958982230834927,0.04533297051523601,-1.8158757956003149,-0.6268767694479941,0.2641716169853176,0.7981153541476381,-0.2606878796836187,2.171448757589017,1.477903601211913,0.059042660667950934,0.6912230500935234,-0.4365317235534085,0.8250327093925286,-0.13491617323727415,-1.9718174535281763,-0.3037765144637541,-0.611785133447655,0.22930339614362547,1.3196400777104358,0.37904370050161434
0.2916021436162543,-1.1918404568985925,-0.4543003889515992,-2.6770684511653204,-0.30975871131028293,1.1221622848883557,-0.4791783698360277,-1.4634408384178654,-0.9477810885116285,-0.19015337858422207,0.1726468310255331,0.2564706716995504,0.1615095867930401,-0.9427384199766288,-0.11142111488836526,0.06641979538812788,0.4917461376060504,-0.9528814863998002,-0.561512737082763,2.7514848303172914,1.050677722882552,0.26341798515652703,1.6032698812186401,1.333261630387634,0.3584852550624308,2.8605652266824064,0.2523159772641013,1.4035246835878663,1.7856507645747457,-0.3760127510804833,0.2742457969571146,0.020918333927428766,1.826137497356256,0.5689606374592557,0.14613743388360104,1.5438621996593662,1.213683789107141,0.3598128146473674,-0.582659573530209,0.7879583145520277,0.13190112132453338,0.40134813344696774,-1.135485830156688,0.2846906324309071,-0.47134553947316,-0.44059672910118186,0.07272075376768398,1.4077503521987016,1.2314969314410726,0.32023736401599795,0.054266137895979866,-2.426190852653214,-1.8379869550933983,-2.3994728007251918,1.420214099582889,0.6109291044641213,-2.3668788863792267,-1.8487498809454124,-0.16002348187990323,0.5275808104058524,0.2011232741369908,-0.898801765815572,0.5400075793829762,0.47748524797804914,0.6493803814561588,0.737605940492857,-0.6347009268420166,-0.2658671250333942,0.7550054134204893,-0.32093360643232705,1.3830446462165766,2.3888569198996916,0.8630028228248621,-0.33136819412757224,-0.33803277375102314,-0.09830125623625811,0.264262070220853,1.1666662904053853,0.37828451015596054,0.9860990554890546,0.2009337051067758,0.6927858666515821,-0.7430328443524743,-1.0934623230116811,1.4608181903431325,1.762888296555518,0.5541853972410049,3.1324919233362727,2.046090912170014,0.9023467000432652,0.937161686318472,-1.9153072146655972,0.2526491993393854,1.443205660859299,-1.06178376513641,-0.36750554014574943,0.4424306316737447,1.355812202608025,2.3598191369259767,0.6997902064407656
-0.41282365222717105,-2.1767203735930183,-0.7982397880239077,-1.5976065358473297,-0.27116494131189606,0.8342877946359408,-0.9357566475129088,-1.2437075125657504,-1.566799151988769,0.5727929095661795,0.0011381710561108923,-0.8477037317763945,0.8211625070247636,-0.5926040682527635,0.030514238257679564,-0.623951195187187,1.5241878939795095,-0.6345466862239836,-0.5264748074549321,1.6139387169948085,0.9641843838484931,2.284435790724062,2.334177022094449,1.3101305171141564,-0.3868243529484544,1.0659883016350455,0.5418524669339969,1.9466297477578332,2.0783532434308967,0.9670720066820068,-0.5544535169387342,-0.3029760277660703,0.5916531666236033,0.6632100398054347,0.7489948611405356,0.17937712284925206,0.26822675964060655,-0.5038075764192842,-1.14506575311407,-0.8463249538059321,-0.8386381246640122,0.44790655636560356,-0.2779039426751936,-0.7027753619018089,-0.5481625425086903,0.24270773686038805,-0.09044761123331763,0.36790496379711973,-0.141933425468003,-0.8754986270544608,-0.3521897780847519,-2.3460628439560716,-2.273479786296182,-1.11566313561459,0.7211511262690363,0.03245477936988261,-1.9020252328427363,-1.7586591470451356,-1.2585819800564175,-1.5566624353962428,-1.3692486682586766,-0.9855363615219831,-0.09641741325833038,-0.03563844735463671,0.2065447661364014,0.3253346347110328,-1.8090199006070387,-1.3993430387976478,0.0900922565472916,-0.200405722551527,0.6829970579480542,1.967936700867135,1.2146603775882092,-0.6770251975709397,-0.15394223696905332,-0.8223562964052126,1.2523897366712335,0.8114339826400454,0.1960230934451452,-0.9935652146447407,0.0043516489939391745,0.6773371394298264,1.2897779679073227,-0.7706364174411492,1.0404398443667109,1.5881184989044763,0.575356914178894,2.3263884117672755,1.3378736655498251,0.7366307634168145,0.11017951879267002,-1.0693002743496718,-0.5112776804102741,0.15182864946051142,0.12356982973737944,-0.2603579684328249,0.8312026334245256,1.6621165848780814,1.3734554054592523,-0.4120848982568393
-1.4326212535679843,-1.5792944618806466,-0.7809614871561659,0.7659953111788258,0.4191522113365453,0.03222934252741746,-0.9557666603489393,-0.5008907864643745,-0.9798490145257742,1.4950620205101992,0.25338995107687906,-0.9119473205734469,0.5980282950479827,-0.8593997324257407,-0.6736277405482144,-1.1936984007435436,2.3117949735982175,-0.0019289173479746893,-0.6255339847769693,-0.14162237432611519,0.22449226330630698,3.0692284905225073,1.171803537665134,0.7889412266965001,0.22169595866073963,-1.0164752612503807,0.032180316463020144,1.157025079631391,0.9119670430519783,0.3602027858276447,-0.4704288706074882,-0.7798419715587283,0.151470376083998,1.7842678971372974,1.8050229926587933,-0.3388561949139395,-0.5464044044845653,-0.615877873930627,-0.5285410418391189,-1.4721606203563746,-0.6306753304350162,0.1507766508150229,0.4435323619234649,-0.5663716929374588,-0.4973252855691794,0.5540347212846671,-0.01902296844042635,-0.2946029361410536,-0.8216127852520592,-0.48625026127073423,-0.6890960037505632,-1.3735167841968607,-0.7656630506750588,1.1471969833462066,-0.32207453006669223,-0.5611144144768152,-0.41491094456961025,-0.6414263233372021,-0.6300781884355141,-1.9810331845186888,-1.8894124099538394,-0.4797954957420256,-1.1932395548406296,-0.6521640659096115,-0.08576493632850801,-0.5512566815570583,-1.0356722047578992,-1.1535147215166335,-0.2476542053164694,0.36042949207572067,-0.3914329394509263,0.824407472161891,0.20035198559357723,-0.33147600978678726,-0.5500789872858879,-0.6819532897433634,0.5676047016383099,-0.9495441927115609,0.6399771465841183,-1.4342044560948823,-1.2515892650602947,0.6446012567948584,2.1478347659622035,0.04284053342760697,-0.5778129589083377,1.1135874075154724,0.7154571262635341,0.3187535626515511,0.49872307814741973,-0.28055453741064784,0.21933054237347172,0.7925071650398913,-0.9573524001943853,-0.09954300381031252,0.16536621004725963,0.2747644210514628,0.5380131546930558,0.42532383155257086,-0.23827409052386483,-0.826121756428268
-1.4797336526054983,-0.6553137612674134,-0.24880427925889567,1.7161438685480983,1.1928310585004689,-0.17918625786816966,-0.5010904751469661,-9.454756394804923e-05,-0.5114431119109896,1.2397911058739082,1.2488668043398659,0.9809301019415407,0.34009869051804603,-1.702928944853566,-1.4651554898324757,-0.6529835580054546,2.4552366766353497,0.0653560417017865,-0.9831859801498072,-1.2473526044745848,-0.2837069686554395,0.9110765983921064,-0.574637246351156,1.2904333010689062,1.1120168235671748,-0.7353919146050059,-0.7819447914211495,-0.5243577857297158,0.10876784792379017,-0.8837844377510105,-0.3397164702949599,-0.8388623293749885,1.5756797185409734,1.5795649956492321,1.3353469082952925,-0.5307944607521585,-0.30956841923809497,-0.30319161364956543,0.18001183268590282,-0.7595329997023624,0.1635755079143188,0.1873039127779348,-0.1330263486047504,-0.2846317253597659,-0.7759201870092145,-0.6386054624898039,-0.6087299670349102,-0.6149063423095092,-0.887441061306017,-0.19497002350448497,-0.5401429531036153,-0.6301536500766619,0.4588000931450734,1.7361082822106972,-0.10501081643291889,-0.5335216436389868,-0.20962980879948948,-0.11970515697449093,1.4670260073236159,0.4701185628038593,0.05056966398807266,0.01273044236592502,-0.40230363551151693,-1.4073684822565464,-0.5488284798946639,-1.3115708410190963,0.18431667830452733,-0.6906532634700449,-0.18024597650177485,0.49936031392889546,-0.5792493651402877,0.09589653817699322,-0.9984189749295075,0.21558064507024538,-0.2439028564243539,-0.21597354357270948,-0.09327323355095851,-0.4492523662072594,1.5103973094263532,-0.024351339414468882,-0.8165774669539034,0.9115291693673058,1.2165794881373109,0.6067435579528865,-1.4578619369671675,0.7476093963480278,0.9271722956424253,-0.6709127781597125,-0.12449657378076108,-0.012258918957538603,0.7996539019723486,1.0971903752721242,-0.30392491008719913,1.5847837810053749,-0.08651197655701831,0.29602608019031995,0.09280561947753184,-0.8387704851652668,-0.28318614713776674,-0.47195171007020503
-0.36505830949297513,-0.8081293760283296,0.05844584077417025,0.22662700060769414,0.40164816502061945,-0.019581433938629576,-0.12287840743628867,-0.07006772358875006,-0.7194681644313242,0.5408970745809998,0.8810439952308639,1.7662441243238585,-0.18194896084154963,-1.3818792357649101,-1.338866553568672,0.19742704113034568,1.2971247556541377,0.04554708782095656,-1.0500374900532146,-1.6249096374629763,-0.29862740873972565,-1.4703246529751433,-1.1611735951144027,1.785772976240738,0.5852081965571808,0.21873983617339204,-1.0691260493421033,-1.2170381096891463,-0.2325954964348945,-0.9145673072623046,-0.6319558540894161,-0.6729738339490386,2.551764293223372,-0.016724487379683437,-0.8983179598618655,-1.2607005421087663,0.4158061121082888,-0.6572241972843262,-0.15029782625626809,-0.2924088239579471,-0.5320480829136494,-0.2890032815679902,-1.6156849524385601,-0.1141874947600648,-1.2391788992527049,-1.9031362128119975,-1.9516039906518923,-1.0052019742703313,-1.0544212783828573,-1.3220845891912734,0.10589426656166359,-0.1006436078704972,0.15304156135837735,0.11894392893065715,0.5361138176526816,-0.5156674978027448,-0.7285139674299516,-0.37325189202926645,1.3899293967184994,1.42687132778848,1.6482918393505768,-0.365849316575792,1.405658019594716,-1.2833833224092686,-0.6758717047719776,-1.0496186478979987,0.016139137793213562,-1.0599876826753716,0.3458203353689579,0.29874557035350163,-0.07482096219029846,0.10914447466504057,-0.21972762733639414,0.9598860484611648,1.10849977746665,0.361838829997208,1.2569179653585245,1.5122046045673967,1.9683526132288085,0.13037759198818538,1.4855555941182823,0.9064290137393941,0.5176299057890099,0.8821245576695836,-0.22762045898873426,0.5213744576778677,0.9096827816502561,-0.12289935352300731,-0.2993899296385538,1.113841998807233,0.39496241619297207,-0.191521098692766,0.8544049116092403,1.7915544815204645,0.4063828372946937,0.2667073712725275,-0.1980713788583095,-0.4822535784104917,0.4122978238278188,-0.5154997848399065
-0.21538352363818672,-1.4836658187949658,-0.3100012737548934,-1.3864272462092744,-1.7532590641636365,-0.5352299137428449,-0.4238274788162092,-0.6394009729855333,-0.7975853942208849,-0.23591243596492106,-0.8347316458291959,0.223661254790964,-1.8019780681528244,-0.2032054489713657,-0.768144871102161,-0.7903448618022042,-0.26105834592178995,-0.17177841859889253,-0.7069667189733492,-1.0960988695465137,-0.4585021849155918,-2.1651896852156014,-0.8215421639783412,0.7895612359182634,-1.028422976660355,0.2586644134357606,-0.4079339896892127,-0.6761069503938225,-0.6005994358464816,-0.5100201956406913,-0.2055099757785579,-1.1991669305144335,1.0640191328866233,-0.39760045435812635,-1.9724956855920963,-0.9289987784700412,0.8638618292476757,-1.638767904413298,-1.627813719548681,-1.2523310930771645,-1.3557900623876094,-0.1900752804184372,-1.8587669258513198,0.22872891479208174,-0.8656990072114413,-1.4361916140100062,-1.8587260295609547,-0.1479569037442706,-0.8284076512283463,-1.423748389895124,0.18201307022132204,-0.23918554657204516,-1.0152816417230859,-1.221066982515371,-0.4518206179137433,-1.0766934531024743,-0.9748687221475817,-0.7794539455399863,-0.3455354960748048,0.3096555534958652,1.392564614534028,-1.7342457707250072,0.33078529586939676,-0.6488853202525336,-0.4699610788063125,-0.34647920193705345,-0.8611207588516853,-1.7177703355957052,0.6030598094555276,-0.21244715110135245,-0.10958325669205776,0.2703800239603278,1.0158769131644168,0.2613483924070231,1.2305853715462143,1.2944890348042049,2.078621054893196,1.5506885912215735,1.1813134392599565,-1.6365379352603433,2.249786199074079,0.625772193866231,1.0531210135629008,1.0042463731821243,2.0455856383154747,0.6837740993255996,0.6697542646997865,0.6406706549134915,0.22166796440799796,1.1803693174690633,-0.2427946366385246,-1.2944390172497369,0.6041171374793006,0.9318326680564841,0.5062679369497198,1.0002346115630976,-0.12203482108776305,0.735300353928028,-0.14132736038812949,-0.4252908126274347
-1.4855599194374296,-1.6865813931833817,-0.7884800783287397,-0.9600597682164177,-2.5911618485376295,-1.5750929217269953,-1.3125611667921544,-1.4218984207246914,-0.7501974478938589,-1.6606973000578016,-1.1751180805530235,-0.9990789157767886,-2.905389006499543,-0.1682665898057361,-0.21998808917330395,-2.7529222565153733,-0.8040952062028507,-0.7731684357991303,-0.6220946788012313,0.34220141899483414,-0.7650946219202718,-1.6481616613878214,-0.2669662851079469,-0.615093502495061,-1.6981159441447078,0.21503980061245506,0.8415949608493064,0.23497128036206347,-0.39199669524774033,-0.2019487334180393,0.2422332386321013,-2.159059192147911,-1.6073401772006068,0.5878742717519501,-0.28730270106017636,0.9169877683979574,0.7778644072750318,-2.3135158891618715,-2.97512522427987,-2.5052508407774132,-0.34363053380132613,0.7593568089357349,-0.5729475319578703,-0.24397618933570123,0.21939025845772261,-0.04416636181409139,0.05149428324620314,1.9046312771523317,0.055310449999675805,0.4456278207240816,-1.0936385857473907,-1.6123334208051858,-2.348860415815286,-0.9516191203676001,-2.372435551635866,-1.6257895927752606,-1.4944195661949757,-1.6443590088809077,-0.8703162468179116,0.4615563073664762,0.505286386386429,-2.055014874245241,-2.546210321561776,-0.9330736359553661,-0.9200593811294311,-0.5589676007725314,-1.295014135275172,-1.5802485443064505,0.3695996208701057,-1.0046822709738308,-0.5983561226937727,0.4245834932240449,0.2671238993771992,-1.7481198640425972,0.20932120320814374,1.5707112290374223,0.3916854516686034,0.13980373907450655,-1.083075598004527,-2.3928049511758958,1.5668013452427985,0.6055494837602091,1.1755860493298582,0.8539426002436127,2.827060093605911,0.933095585830814,0.07465053859781635,0.9043248730731794,0.4408917849066104,0.7820085522022482,-0.7407033470924745,-1.4472076685397914,-1.2432529294199413,0.7758147758496436,0.05730056885131942,1.1185725301912102,0.31662068634014684,0.9783002339462848,-1.23081075664413,0.28267196824953134
-1.4552733771990278,-1.1487354702013255,-0.801167700932458,0.8025369504686379,-1.1543660758489218,-1.992701596250392,-1.3287289528288713,-1.4906216008265873,-0.7139648561635904,-2.996830505147756,-0.8499531960017925,-1.3237840882059275,-1.6226300045231357,-0.8469828273007091,0.717892198975458,-2.465956463889971,-0.7912425757316032,-0.890057634732292,-0.7152425489774688,1.5359384872778727,-0.49964642878438087,-0.19126616939165064,0.36949972477546383,-1.5347579504382953,-0.860301344322607,0.3212666280070978,1.7296220071669346,1.2279155873727994,0.3408162782646613,0.3108725091344667,-0.20361318178216936,-1.8860596769813407,-2.2035075533028907,1.0724564582229192,2.0638602369431354,1.9079028577359742,0.36831883887139993,-1.390427328843302,-2.2802752686165335,-2.0147867399144643,1.0463690790173756,1.1656534178527453,0.7420195612519587,-0.6417920578657118,0.27578257989724636,0.8686649097877185,1.4892878979432118,2.683306195908865,0.734411523317665,1.7211597267802041,-2.3973843623797646,-2.1994928127800963,-2.495334624833449,-0.10333376766074492,-2.3462253505564186,-1.908453183446309,-1.488187506862785,-2.1943433790505966,-1.376764045569993,-0.16691324173744207,-0.8684898404561858,-0.2803059256172801,-2.4374363591769383,-1.3590980600829001,-1.634492591534142,-1.095577478903858,-0.794925704658776,-0.7056237000669312,0.26400347169551697,-1.1924603973215804,-0.42684546392178324,0.7722319497847946,-0.8432464691993427,-1.5553993731957416,-0.42211361415695764,-0.30507545164657524,-1.2288848214400994,-0.26179622484169296,-2.780141585525153,-1.447704675644739,1.2782054139556511,0.45998748389149724,0.16652339253942314,0.7396842897057344,1.7438699963791318,0.6127945410820085,-0.5547418399361699,0.6147225429395774,-0.43456285988966975,0.7496149684675139,-1.5537321878924832,-1.104887455511164,-2.3365977938040525,-0.19916888678576483,0.6278761553184338,0.08956417960510228,0.6614555605739864,0.1928214824877965,-1.4269201421758462,0.5778870397388649
-0.01708954559969522,-0.23095207016663163,-0.5108705581106283,1.7041567338983548,0.20246272645830177,-1.6518281357249753,0.08760714583701436,-0.509560970950914,-0.28208902140165454,-2.713259854568732,-1.7970718734078055,-1.6451002639783412,-0.05963965312533928,-0.8887081030812208,1.1946821610434804,-0.4231526288622657,-1.37310178484351,-0.6462110495629021,-0.5994167550237088,1.1519241984302393,0.04797893576372174,1.069290986078291,0.353313735731015,-2.0977740168164463,0.21512473926989487,-0.20019967411334508,1.1414944702145453,1.427066482718147,0.20628618848644395,0.4235164480401487,0.0660976136692162,-0.40717246193551754,-0.591960983126878,0.5013284564070088,2.3494475800137655,1.2554986096011898,-0.016153677979702408,0.5837658129216242,-0.14891153874496924,-0.37393572518594054,1.405946141660279,1.3690438537825957,1.2407280875300972,0.7296321579199285,-0.6792957317665679,1.1191578857612765,1.5501155088879743,1.3617580682360517,0.8087213342072719,1.6965364874615259,-2.188065624540637,-0.5390156859860189,-0.9176491811475644,0.3200312813848969,-0.6520695368294074,-1.9502481157447844,-0.024175317602478322,-1.0349850579934463,-2.0494087840978596,-2.2902257419797447,-2.2489890295923245,0.7243636037905863,-0.5862246196234542,-0.6771189634107042,-1.547878324308872,-0.9623012501909664,0.4610260391179963,-0.4195814293764239,-0.5900356126592677,-0.5110972988135327,-0.14039415368930053,0.5485239037804689,-0.648529432005091,0.7617747746535578,-1.361274685951153,-2.0872391972085613,-1.1962134080081388,-0.15282639313198984,-1.6689217031008512,-0.5962002618565083,0.034869839428901865,-0.020880096444803417,-0.42338707778542284,0.6183541022107771,0.45414982030776174,0.017373288751566733,-0.5128130313917851,-0.324010596636292,-0.9865327121026612,0.17942542777031062,-1.8307282287651652,-0.30716520259515157,-1.2450834915977533,-1.348198796094412,1.2336486936254472,0.05935024293409483,0.754009835456165,-0.1087330663850568,-1.0562275022119405,0.5952433843402188
-0.052448958096933826,0.4598015066938441,-0.2830717044108188,1.1349986134550882,0.3282160385970807,-0.8242649653880993,1.1696695129625938,0.4348242466335386,0.3566517090025533,-1.1048654698013611,-1.9285534940344737,-0.8352774107017352,-0.49866876721884845,-0.821850713023618,0.2153441900672835,0.23327839308030593,-2.244964997551507,-0.8251464759409775,-0.6330574665988962,-0.36801119895410755,-0.13151847979572073,0.5708764196253565,-0.4826651645350295,-1.518828482740684,0.7147278831013674,-0.903385464670129,-0.35941621566101434,0.24822679789037466,-0.6979703192409458,0.10087895923486542,1.1376863903657637,0.6112764734460793,-0.16636443835869114,-0.49301867680104494,0.8090719151522935,0.8512286371794408,0.026416189479495346,1.1102373277121036,0.8380185317989507,0.35231589826982024,1.528831672127871,1.857734343377311,0.7088748145609701,2.1401185217381915,-0.5307117843318825,0.8870619213931025,1.3662715893942938,-0.06464151632780334,1.0643721427477155,1.9973073876294682,-0.5214241689610851,0.9987845419964504,0.34325388784294025,0.20789388893260727,0.15817241176028032,-0.860374245254734,1.0347530150654196,0.6057832199845671,-0.4356179476735644,-0.8284267544182239,-1.7225607093963782,-0.48299685850200474,-1.129770055914288,0.0914433056132146,-1.210728254308396,-0.8720922577781315,1.3908560362217515,-1.001595341969659,-2.484619957057925,0.005548145003506422,-0.8126819240463461,-0.5317793910694968,-0.631910120719141,1.0460307601739691,-2.061182202972963,-0.7087654918205591,-0.9544157342330039,-0.7166547560243711,0.5064749491099431,0.21432235338205272,-2.142179467870552,0.18926410666572027,0.025594133287265286,0.04120450219126783,-0.3612142317490879,-0.051985580603890226,0.20181771533561554,-1.0691226697511405,-0.02727414343571365,-0.5110130222452245,-1.1458449401855864,0.5625855049917216,0.5424604750357217,-0.05648001494270707,0.08259837798624689,1.5062620990678965,1.1178400843683813,0.47976730007177293,-0.38377332591533375,1.4743485269294483
-0.7564227159965023,0.8190915417199615,-0.15333985961097485,0.5181820720831385,0.44847414104395084,0.45561319160089625,1.1013463512639037,0.7602753127739803,0.8028956404851129,0.05688299041864037,-0.43690421724417017,0.3818635479983844,-0.6322457104430438,-0.48901799486736436,-0.48097458029748985,-0.14595038885724174,-2.145317442786774,-0.4994447094458439,-0.25763572368474524,-1.0793784255666223,-0.5411071668367761,-0.6442683850204146,-0.6440449620841314,-0.46037735515658407,0.5091153807124712,-0.8835723710212406,-0.6307389131390944,-1.029446025628486,-0.7877225822789528,0.13224446980946483,0.772670015867769,0.9809430767232326,-1.3442167614877225,-0.9649032267665255,-0.20079174328324498,1.1104973598279857,0.4972006135564661,0.21442533461507637,0.5918991797929682,0.4679299459499974,1.4573737015062762,1.1604648863239226,0.016278744096028905,1.7119317124016054,0.9589994016361925,0.6994674564194984,1.5926008567561598,-0.26795661289285155,1.6451163262954793,2.3364126914613923,1.4382762751531382,0.7119522665886925,0.21295818901946584,-0.13263617848594528,0.18665689771290878,1.0660880904757708,0.6206833985056659,0.8320022434346015,1.1070781374283907,2.328825657973849,0.08637453135434109,-0.6654373106724428,-1.7720338099559734,0.3758744913647194,-0.8145083300139158,-0.7597581846618088,1.439976041099882,-0.7166223881789294,-2.6233660423760625,0.33475625762043243,-1.1958174289146573,-0.978316473074202,-0.7805409826452616,-0.7199358299385193,-0.6257143268754602,1.0200250177563772,-1.0136235415851111,-0.8893363167776359,0.7981313515494439,1.4008699517220706,-2.669154107387985,0.8976520017285693,0.4505575404776539,-0.2864767218871094,-0.8353247789754459,0.19105160204937527,0.875854379586455,-0.9819691142758703,0.9530588893873153,-0.37737833452410985,0.03069056718702226,0.045517997587702246,0.9609935547809333,1.2703556083212715,-0.8015875488980934,2.071990087365223,1.5769225019576762,0.6743508110916485,0.6998536964385897,2.30908808576413
0.34464126236211223,1.2674754424890422,0.18246644804869366,0.6455305421739779,0.5913071589819059,0.9735827941907904,1.1097916418524945,1.0061255747174505,1.0314465454634814,0.08007522337355046,-0.13973946819561683,-0.40575892138199243,1.0426036545987902,0.9646548168424214,0.6161372701358487,0.5700951289790678,-1.1337149308810985,0.8112204539419616,1.2399312460217555,-0.4174883183524051,-0.04217669310920731,-0.8639296078958474,0.15750441911278898,-1.256898433054212,-0.3298420398732547,-0.8604173097689253,0.30580590720673206,-1.385277138158472,-0.27855298052062094,0.2732921605512779,-0.43379079709829943,1.1424376135987013,-1.3219999885689782,-0.5229829738265495,0.07221103794702739,0.7269418516595517,0.678029634160513,0.3637523463643714,0.7410850435088995,0.9573627477960807,0.8389261051372273,-0.6782123266500779,0.6560522961795989,0.6116248775840448,1.7830006358047557,1.109385907028242,2.0555971687262313,0.084012115765762,1.5877213945383317,1.748975677413738,1.815872736876647,0.35890734277279973,0.43481302755673307,-0.11383173631585289,0.3408608687863005,1.6594949739057756,0.6783951665540012,0.39526912623269284,-0.1080801179053308,1.0796877258311837,0.6048575324761228,1.1540162662984819,0.4892968553685737,1.0407008908494246,0.44715489667368075,0.3654664642642901,1.451086518393745,0.9183249616917396,-0.5242395387938035,1.3841781155759751,-0.13274144712992042,-0.47181835151459056,0.2943512816967344,-1.010768570671047,0.9315718806175444,-0.47241624447029074,-1.0930866514524127,-0.1976757129353403,-0.03126569164453396,1.675034787737712,-2.145700797536125,0.43267792962808643,0.3402302268156965,0.12543372326214722,-1.016462217924043,-0.027642171998446107,0.8521514856233834,-1.2079049428652295,0.5277416274248365,-0.7068469602779364,1.5784295761971037,-1.347620500777471,0.31796698613858837,-0.516758429684355,0.22916068525707675,0.8520184666714331,1.055182877458257,-0.017049307449127745,1.248572189006852,1.8176708579116652
1.274031274931577,1.6258757660459633,0.6477877180705357,0.7210006979500857,0.10191524101445606,0.08130450999605722,1.1512572578054858,1.043226517535618,0.7357850272310196,-0.3478084453001839,-0.7858723489788857,-1.4271239282892596,1.4799397042895452,1.8600516419697033,1.5847782009986766,1.4150298732060844,-0.8565106662728352,1.2651892895745354,2.0048902167921487,0.07249338784093388,0.4792248676543924,-0.34364983549053435,0.23281041898908045,-2.64543293170169,-0.8808403730466483,-1.4893039991423778,0.265400598091555,-0.8805600527504945,-0.13006361215379783,0.08247721231880789,-0.3057072867105902,0.6861504103540249,-0.503716791627193,0.08538788652637978,0.618975468458247,0.1727201090516941,0.6452659886882224,0.949016682112425,0.9150641261769066,0.8522788058670558,0.8056576028109756,-1.311489894847986,1.8054186420075504,-0.026840862138291628,1.164031782273028,1.5078348990301378,2.39794287038871,0.3216389162394539,0.9556542871271234,1.2481136229243857,0.36888202264930636,0.9677043554168813,1.6485075100169935,0.39881906634191927,-0.10929840266924386,0.643675231031956,1.4943021715889293,0.35657376695834486,-0.4336537028173831,-0.9022524235227714,-0.07064738342546767,1.519120521529589,2.120581915507784,1.4840298059448696,1.3459258627599988,1.2973485762706025,1.7793134081329676,1.8309105558733636,0.27740450971099434,2.088601685740764,0.6872985792820848,-0.7144251126037611,0.854693167181887,0.3904576443170146,0.06825995856017096,-2.3815454996343606,-1.2372596099800355,0.11317445544126721,-0.28797344699989547,0.761435024489554,-1.9885168066670862,-0.7757624335109403,-0.18658698992561182,0.07983594944934033,-1.382666324431836,-0.5296588239188685,0.4945369495203433,-1.6990465262065313,-0.16495789851792517,-1.8004650557852884,1.9251472399673781,-1.2340262185099875,0.32978243292264803,-2.637183419222777,0.41036999199530727,-0.4415856367242937,-0.2165161629662987,-0.2754162955171594,0.788411566660539,1.0879812036297434
0.2408734410278864,1.0341562796187815,0.4636183814154215,0.33167597158663437,-0.12701646777201683,-0.448325971350462,0.08935707091392958,0.34572879255406813,-0.09461956895161179,-0.41123529362855593,0.10361741419342818,-0.05349973265687003,0.03330374443275468,0.8625602635921612,0.8383802527897233,0.6793539321118717,-1.3385107546863255,0.1153695574918158,0.6355090468897162,-0.31036629234312646,-0.1368084540074222,0.47702422792207044,-0.606186208047963,-1.3884834671192112,-0.24511457825893268,-1.1941963241611933,-0.5323949029999524,0.45151341470455536,0.3429298310087108,0.12054309512141768,0.2419670219308538,0.16894395263308135,-1.0843635716951205,0.3633014286193125,1.005745218285522,0.5717354335266397,1.2511647133777979,-0.18620628132938905,0.3955795406928757,-0.025899446441670144,1.5565207693764909,-0.2732301457203692,1.5216897714468436,-0.09231462324117964,0.2727525447154212,1.3011093771003113,2.063083145352891,0.44811769713674154,0.6112846965842373,1.3299869870532772,-0.28742342272959215,1.1616783612037616,2.203578414993142,0.6066222909997634,-0.6647831621040753,-0.06432280658338334,0.9045174681838674,0.15053869647778712,1.3799990477233606,1.0099846241594503,-0.14592418849992675,-0.03566225051748031,0.9430983664313606,0.7477692533943846,0.39002175891390645,0.6813950918936986,1.3016213606931477,1.1748846378598075,-0.538446654283896,0.6424942759362546,-0.04245951680520744,-1.6805826797984182,-0.620830579861841,1.1455446136294363,-0.878117205703701,-1.370656410077514,-0.5672765267851387,-0.08718754487812794,-0.6119362371570808,-0.04187049224751132,-0.5953971369453277,-0.8643331594444995,-1.0952557990220966,-0.6972788878117492,-1.6548636364310567,-0.7831808714198593,0.8777414060961364,-0.5196647110457844,0.04800944043435059,-1.6372924170553664,-0.13395868817733758,0.08406603222183076,0.6561217448035068,-2.1510159456976283,-1.459811794732144,-0.4389559051992245,-0.6904094668990237,0.44404376317684197,0.3482338417503676,1.0035576796177228
-0.2837919324751739,-0.19705099521967068,-0.2195612972463368,-0.008684804331825044,0.37584826160223656,0.10559340200334007,-1.1233410073883212,-0.28493404403891176,-0.3776086043621571,0.18644679070157624,1.286137678219269,1.380193200818635,0.2280061507494905,0.184925378195164,0.03721984549292578,-0.42485737614518887,-0.5340312918563915,-0.7488983745360474,-0.5342848981081705,-0.4944622292572759,-0.5083726255609482,1.4895514574091344,-0.6739478909967571,0.9257247996208996,0.7341875811042071,0.7979744354387868,0.07551658064354683,1.647108073688113,1.0339141211446918,0.9643530150532489,-0.2650759626826887,0.3751950421810379,-1.6489706722492818,0.32951190218629683,0.9225226887281816,0.6667077039735261,1.5334581124994358,-1.1957394233239322,0.3286111901470538,-0.06177779644946221,1.4611164080179795,0.5125210690045424,0.421763826990979,0.49221734719507576,0.2678147096042987,1.1107622420610637,0.9356172889974099,0.30411804615844434,0.03348013590564734,0.6597581576765675,0.49395028739718255,0.4509628031462345,1.5382180446203901,0.06336124977187847,0.025853772171434312,0.0557057465611704,-0.53546505974441,-0.004441178359473358,1.271474519419343,1.9461879760943517,0.410451872821718,-0.45321673980452454,0.47188869637855496,-0.04517109676502976,-0.5535088781857188,0.08401791289952512,-0.40173176084859735,0.586874912649962,-0.2040252620029227,-1.6393564342556683,-0.7309030010098333,-1.540129438453575,-1.6016056806447512,0.3962796899146259,0.17206478504988795,0.7633939407317899,1.006258596732992,0.1805068326981202,-1.2855761766666405,-0.18021236469971072,1.6179882098017744,-0.35236056019145845,-1.7119608634277914,-0.9034188235904803,-0.6825760167384239,-1.1548809066209205,1.4775396859538994,1.429439757658678,0.17902510334217697,-0.4114674501898633,-1.763077099510755,0.5254040181141943,-0.11712436057865043,-0.6006629040256022,-1.9224592280964428,0.2520480168136313,-0.22042535601605162,0.6030633955672388,0.2366066067655066,0.4228747591506857
0.3499150383737742,-0.3051969582857678,-0.045802317599401766,-0.0643082740266744,0.6054376981896715,0.31112329819238427,-0.6105749180026622,0.2530429246534847,0.48123470913914146,0.7507737534785793,0.5042636483659718,0.5800952944700233,2.0037388015830246,1.0352037192344932,0.38011053927619043,-0.08917713843504246,1.4297765960734325,-0.05427530580578768,0.2683273078757709,-0.16343164908249525,0.4992996415859774,1.790282136200309,0.22478600916619693,0.9659300130013978,0.5357494535091802,1.9926681756710076,1.4569385091227993,1.2395274207276,0.44841085865359737,2.011359005812787,-0.5581472736685434,0.23911480827845186,-0.09187595906336875,-0.15538905340196493,0.02446558975873561,-0.6799352241812043,0.17576809519262435,0.13465919718316652,1.059877852357203,0.643413615503994,0.1760511962866632,0.00390661833914797,-0.06649088307664365,0.6800922767314602,0.9634883426463038,0.8822447487782265,-0.3674287464197249,-0.3286408764546815,-1.3450343228509338,-0.9390029671800755,0.24432398029713798,0.10755159029965462,0.8080415608493567,-0.40316211485587383,0.9813889691346731,0.26248921742819065,-0.17759992246427575,0.8735040793156605,-0.5827180624586981,-0.7745162572198859,0.7190460284009789,0.3250866623541205,1.5343270208252893,0.08977357402859162,0.28858623043362913,0.5751947045169566,-1.738848465066852,0.8645917874779153,0.7390853832968395,-1.908925396036195,-0.07041940547640664,-0.30825970435173106,-0.4720818504797916,-0.8131963751595153,1.1223974370378789,1.4458806488747407,1.5862613937546206,0.6837185367937857,-1.4147744877500954,-0.11296598807400986,1.8170709203148,-0.7140268287591257,-1.5084822579505748,-0.4296558426673699,0.7540481940117026,-1.807158571169784,0.7083692705930235,1.2954190968449568,-0.6861392757528915,-0.20987762744395486,-0.8807317323955154,0.14840765576180892,-0.8650754249583138,0.3465519661852591,0.2259297150686485,0.22189003187719977,-0.1505554126338478,-0.548471844006794,-0.3819531015944179,-0.979656232313071
0.2875338021215436,1.0492200151834492,0.916649646635941,0.11317780435715147,0.3902970561975645,0.14939077837597184,1.1096014326050039,1.378092446584756,1.363548888712018,0.6725455699610062,-0.8354206871950336,-0.1108179804597448,1.866308677304285,1.3234399853500924,0.3738306848812773,1.1485210479757604,2.154548593388264,1.243579521704539,1.1428783305188988,-0.19751398629981862,1.2049912441179114,1.0056015656631578,0.5768998555822994,0.18757997460314113,-0.4641869696416364,0.9973586097789561,1.168187096702551,-0.41211006329997646,-0.8682341961104179,1.7212523097087133,0.044334398342232094,-0.613158589158822,1.9431908219631913,-0.25128542952082245,-0.6642071662286784,-1.9271453447252025,-1.258541965627048,1.4120804959339825,0.9458290451776544,0.5965709285800537,-1.126410669786089,-1.2168510797622598,-0.4891325231641462,-0.6300106436259592,0.8255656301106329,-0.42178681698595133,-1.5121350337941797,-1.3292468162373359,-2.227523565338563,-1.984462847595154,-0.5922494152652751,0.7018598074779837,0.7614454100362615,-0.0991628575553485,0.8407188572246377,0.49503946694524187,1.3981835262608129,1.8713340801198917,-0.6449191495711063,-2.105598145104025,0.9558267231175961,0.31689712971231343,1.3382960130681216,0.4942129225803631,1.3265586974177024,0.684768619050468,-1.42839833899781,1.131004455079648,0.784931039665578,-0.2765166388570275,0.787534029902985,0.6220468119676891,0.7372971810768781,-0.7190193968351916,0.93942940352897,0.8776754577821322,0.6283706091838935,0.517986284707967,-1.2500827338368403,-0.17378773191602634,0.869271868879805,-1.2951183975974117,-1.3173417614999028,-0.07928128208493368,0.6270358791741018,-1.894874222829618,-0.7614863053383393,-0.23840857775327642,-1.5487928300168643,-0.6769520551783882,0.3183991621266035,-0.13543570118225406,-0.11862209326958757,0.4735194293941117,1.377255006894098,-0.8352060894660298,-1.0329869197942736,-1.4544526713153345,-1.347463393558476,-1.8894808471405664
0.6089327802036882,1.8304787242552687,1.1401469986552877,0.3334694262757049,0.4380565813577452,0.5625782666409326,1.885008450925939,1.6816286905874414,1.2456888489457423,0.7070993911949509,-0.4300764437099601,1.0577964753875553,0.09664770570821446,0.2942910921042265,-0.754095027371169,1.7942069961350586,1.2144553670674718,1.6325962709551352,0.4703148817425505,-0.58802829429053,0.3559729898672286,0.08625375231161442,0.08370728262199695,0.839638903829916,-0.6953224690848282,0.0868514718238637,-0.391447367446621,-1.6057959277594573,-1.044592969265056,-0.01161931940499031,-0.3900314268307396,-0.6087204702208989,1.8806412626942968,0.6381866640979655,-0.5687795088563177,-1.8117965295071108,-1.0623889363204289,0.6437217337194567,-0.26503977719146615,0.3300615510637767,-1.8233511388311379,-2.078562396069136,-1.2838070342729482,-2.1346517523930655,-0.7130189011050293,-2.001268900652188,-2.360156836246257,-1.9853668989584743,-1.6482010026865475,-1.9576528197046568,0.48224706119563476,1.3130270188526105,1.2321532949751195,0.31999593468908843,0.4392889354288909,0.7992497654323005,1.6737564940335519,1.57223170964103,0.6445530361548082,-0.5619820500297326,1.3813596773781547,0.06618575542790198,0.41750171518613616,0.5496480111898462,1.1894015084171896,0.05794974850630669,-0.2530852698959688,0.9288271812431267,0.9583384563921689,0.8494705289341977,0.6466842150584466,1.0353070866801426,0.8085480581857917,0.8770836221840261,1.2045539861185663,0.36416213556361604,-0.2518099282371928,-0.07977105579606347,-1.2333847442323373,-0.03428546323417469,1.1682786878738625,-0.8986406016624868,-1.3309108187587944,0.15963205362175237,-0.6604249904461741,-1.0909794590316297,-1.0930506706004115,-0.7130717724595977,-1.341052946040804,-0.3909872092336057,0.7767884504345971,-0.30340719626449797,0.7612958626559815,-0.2656431037282193,-0.0602517507702186,-1.7877284188868279,-2.1407751474144,-1.0289633938852067,-1.5186831900063646,-1.765848334509183
1.8084908038848666,0.8292158446452982,0.4431952852014589,0.07831093525492726,0.4972520834443309,0.9481609732047834,0.8647640892348649,0.7268179750927941,0.48766019338687383,1.0489893871145242,0.7858936466210932,1.7775898957398515,-0.5997271976039368,-0.4927467952052117,-1.4596739220131871,1.426653150135106,0.11579347345120679,0.5334448961130509,-0.7201865513175921,-0.537995252202364,-0.88753265752102,-0.4045360243733113,-0.3178561320188834,1.2385909915260813,-0.3181916170885203,0.32240050987254626,-0.9527252624610753,-1.3474193800976153,-0.1581787788885952,-1.1636463618253,-1.8492317205436646,0.17996196929986544,0.25201684604569796,0.5957372433118342,-0.7839186012226338,-0.9595635956268492,-0.16436200095383346,-0.1502252249807524,-0.5415508169451543,0.91594795043459,-1.4422881684358637,-1.5775577916460148,-1.1988236577851075,-1.7863274805669342,-1.3875945113995112,-1.7094858736939778,-2.00329287688359,-1.2347983759568937,-0.4790985304544713,-1.3537274198254896,1.9052254339249768,1.0711138322898635,1.4268057804090135,0.31301496226692066,0.6147444208910238,0.8093130112672732,0.586740414887082,0.5714251427387723,1.041330497103433,-0.2087097330947417,0.9759956099981684,0.4251850863260258,0.250448264008627,0.05261445658170915,0.5348720163698315,-0.12014619814652171,0.5123096632586159,0.2048996400936931,1.0285679563680166,0.3905330634502843,-0.13134095181186395,1.039890495986434,0.38805590916006977,1.7717918701799042,1.3423546260209815,0.40083268828746216,-0.4399505265994807,-0.45929674512155144,-0.5442453657587284,0.4581470733443477,1.4837694124038614,0.31611565187622126,-0.24029068489962116,0.33864553599795716,-1.1320306544332754,0.1373042664734966,-0.3672358399253867,-0.31994450073934877,-0.3543399484830239,0.41604137067016733,1.4941694870658622,-0.18201220388641526,0.6411444178941355,-0.47848021735759466,-1.1114169667543927,-1.5497656917353562,-2.0588472705407046,-0.026389315978081772,-0.5397586361990353,-1.042069899040766
0.7735750446439555,-0.6751328512364059,-0.24226165905583863,-0.3560479658377584,0.1086410382049391,0.3999615095728329,-0.9459518631784148,-0.7895600576818587,-0.4992168432729433,0.6134965813364823,0.6487117746952222,0.40617591531836983,-0.4073016710012498,-0.6244480231379798,-1.018115007482728,0.401221829952526,-0.26185171817310154,-1.177041900460349,-1.0762621981182168,-0.21504693267259475,-1.2473865442811214,-0.7476515639337117,-0.5825244867753577,0.33032517465988026,-0.32933411953386577,-0.03507066770830211,-0.36182378589326586,-0.1639137530998774,0.49254970433165335,-0.993418064496282,-1.288745733154684,0.02895552444187649,-0.5028862580601371,-1.188732275292147,-1.1898497693294483,-0.05503762189013629,0.30084745727052237,0.0906490000017788,0.5400733543705647,1.2232750574604883,-0.1279050890295381,0.13500351496740184,0.2351939541515373,-0.049920845771905545,0.30423124354882697,0.07195043712163665,-0.4232332994548242,0.25046038153535266,0.1636186860401371,-0.5325445753361359,0.9064650943269446,0.13553522692480174,0.6371719957647535,0.6903055933262553,0.5965128585469984,0.14680246793017754,-0.6381925865968964,-0.2386827561499038,0.2604886044142457,-1.5316733343419544,-0.8234154341700584,0.17276135521650923,-0.5996321458021021,-0.8817066206611461,-0.3576315198209935,-0.11506400139086903,0.3953572706916384,-1.1853650891742948,-0.23687291909349134,-0.7534026487831336,-0.8303381685918441,0.31866278774851936,-0.5437452636844556,0.7491064346957925,-0.36026902906498925,0.34030115947618195,-0.5051959722013093,-0.6686519684223476,0.8521206099444276,0.4486091823835475,0.44186410150051975,1.4017371509989098,1.5930206336107775,0.3315736590408783,-0.5476561293219933,1.3360848391578943,0.34794720724387196,-0.17907567841498626,0.664890288690585,1.281565802194101,1.624700608049089,0.2370624414713187,0.47439684496980067,0.8875734850536674,0.08149847324125005,-0.41747043912206366,0.01621847113659765,0.646809760301143,0.5788879192855518,-0.169567713636834
-1.885663726188854,-1.2538441423898214,-0.8164940598611663,0.007733218373269184,-0.3009112115360513,-0.9500753468547192,-2.0822999495378642,-1.6551689364652988,-1.5088210556978878,-0.30095492299352283,-0.16210199252325883,-1.0493735907983341,-0.7597509744297758,-0.7576407712058868,-0.6678800772037177,-0.7402356234859774,0.012496406330440097,-1.7357444405992115,-0.38571404517707175,-0.33388609845294814,-0.6471779317996103,-0.8242358493976835,-0.8256572459387943,0.06882436212693653,-0.20076678362603353,-0.9041612785780675,0.04845758477237256,0.528766570859553,0.43686004714542015,-0.8252290108888326,0.8922678689032136,-0.7702150070963677,-0.008303518878372922,-2.0434054069398258,-0.8070640767682163,0.24104742833424322,0.15681321129373374,-0.13480477225990808,0.7761687812948477,0.2714946226849452,0.1678380347748698,1.3349379065331344,1.266616655910257,0.805825074601608,1.8963463963100669,0.7325912528760752,0.19609353739406196,0.18402708247819147,-0.2653253001650447,-0.2745253917472488,-1.2102244031666247,-0.6915494430001404,-0.5233936882328211,1.6526193867111518,-0.1385285557934071,-1.2307666161484077,-1.4795495827651437,-0.9475590594571172,-0.9417383722829488,-1.2426496452445122,-2.0335486470043938,-0.7869774201065339,-1.8366926862046145,-1.4211513575187071,-1.292097247586794,-0.7200644755185215,-0.5931828274807396,-2.0778246117065335,-1.0125209690419497,-1.2255175266423277,-1.092180775378477,-0.40545309621664716,-1.6142174984291247,-0.8613360669990235,-2.018206363375778,-0.21930152181648319,-0.24080584562076499,-0.5495793602465252,1.3912504798503398,-0.5654639129442561,-0.41249212938862817,1.161407143067374,2.0731190709290668,0.381024022539258,0.13892745502248607,1.5068194522303164,0.27614814980233493,-0.0005419677820969399,0.8892180809769984,1.6889842775134658,0.42475952036224657,0.2919521096948045,0.3399337322723331,1.7678869261309273,1.583074682301633,0.37055379064547167,2.043052478847934,0.5199213538330026,0.3620833746269012,-0.02329649065585845
-1.5142894420914361,-0.9329344193624808,-1.2549580546848238,0.5965534045621546,-0.37621043623328876,-1.9568070903147148,-1.7804378737699882,-1.2712340185276167,-1.6642225821337848,-0.363912714925054,0.12121928908437327,-0.9991280316703643,-1.480179068567263,-0.773413596634981,-0.8077398852531387,-1.2388483742367211,0.10495071934994864,-0.6185030706841379,0.5597726632156523,-0.5060510791768426,-0.06066899612276196,-0.3655150414429128,-0.37313539968763654,0.6451944732815279,0.10392192996492296,-0.7736455080656609,0.10974594872816572,0.3590429244270564,0.01778677515087076,-0.8732968986115159,0.7254498284839914,-0.6565020094331651,-0.20171402330650615,-0.9887577823772551,-0.4512814390101639,-0.2788247989171796,-0.316744400925307,-0.814467791817315,-0.35162942789721036,-0.7974196688482609,-0.8933232253627883,0.8584231709260566,0.6558678170700015,0.2619969246740064,1.3662585747785438,-0.12995791219331362,-0.7594217043248124,-0.8359248180189109,-1.0860824624000243,-0.7423232030307026,-1.9138529757474223,-0.7271406529701021,-1.1393509107555444,1.7233127783280404,-0.698077201313103,-2.087035219412902,-1.2992256706462617,-1.158498376937281,-1.3618139597201686,0.5363333381862885,-0.9348026958059461,-0.8225646619500228,-1.3921899432979867,-1.1786759726753653,-1.1264003885471472,-1.2548342479279737,-1.6075694044104196,-0.9641692504774433,0.23579076008398564,-0.5622165709590181,-0.8736034703818034,-0.1858261680877863,-1.321788340269961,-1.739440703475788,-1.286975659781891,-0.4913794412555673,0.47587155274738074,0.2111655474074418,0.6163330112224402,-1.5215454991365123,-0.4089197659597864,-0.31007671178795815,1.3336913304287141,0.290461777327711,0.6809154264969356,0.4716953819640402,-0.7984904349428238,0.6245667751111242,0.11559590555990853,0.7635361780064079,-0.8409872565926915,-0.10047485440920398,-0.49347130286246593,0.4777915513055805,1.5852057477450643,0.38163223409150776,1.4794679709990468,-0.14070463404186095,-0.9170594818497441,-0.6843153902106842
1.1802082883621994,-0.1939830246362353,-0.806589761874218,0.1968503779023907,-0.026638718534871025,-1.1302386868859866,-0.499606843016538,-0.4459175615144445,-0.7086697811816629,0.2901082544034103,0.6899289763971506,-0.753106520749542,-1.7619283377980177,-0.4903230749856109,-0.45468434240692135,-0.830225616420892,-0.508008682013372,0.6134992634496281,0.5224060368334156,0.24239191452151826,-0.40659713880419635,0.14893400937509932,0.3425459379344961,0.1760859574919904,-0.5126298720108592,-0.4204114679820146,0.34286155339008095,0.2836985627961355,-0.2665106451184787,-0.47588714001539195,-1.1827582089705184,0.3968557122213489,-1.0481834531802496,-0.06044898463498522,-0.43186706471373265,-0.05454763864107746,0.09651781138006814,-0.4217152393068576,-0.5532276232903255,-0.9805566626853115,-0.5410583022936758,-0.11349255505301394,-0.19126025420097692,0.1408511528398279,0.5368706113978472,-0.24552417711591296,-0.6737704652587454,0.1394036164906203,-0.4210289311535788,-0.36249989599151466,-1.0344527878452852,0.002421807896438039,-1.3393111724047306,0.5835232252889451,-0.1644777733628173,-0.9829591874622042,-0.24012342004351192,-0.4982393198978381,-0.5219901589884259,0.6821453770792048,0.5342664283941199,-0.17819734363329492,-0.47874815977203405,-0.6349202924538687,0.21044509804561387,-0.8980289860483589,-1.164963074740693,0.9177139234632952,1.3133148242758292,0.3719029287128185,-0.4793640383489016,0.30390797696799265,0.19775890156314532,-1.322679272780112,-0.05933124681107234,-0.22225274780624477,0.6332883629195538,0.8428518655231216,0.16200059912862924,-1.1646246003037204,-0.630049062205093,-0.6722174134372916,1.3522986874293037,-0.09812202890341987,1.0012457889759894,0.4402407874208644,-1.2987365601556864,1.241917835043072,0.06365064430019225,-0.07530593523464543,-0.947122561171467,-0.1444890800697377,-0.9385475341859523,-1.2396014571048752,0.8792731335967756,0.5440041678308849,0.19846394993493852,0.019672093604879537,-0.9390604540764661,-0.3984387867405574
1.3186323520587755,0.49759890428176795,0.2430127952316802,-0.3065037800521849,0.8906793935488321,0.6719197292948782,0.4202831196983978,-0.018551934170262224,0.143272086275775,0.7235684824618084,0.379860361770182,-0.9309060554936779,-1.0530014052930332,-0.4683604409956901,0.16494569759285363,-0.34850536147365974,-0.8387920193268767,0.5651228512861136,-0.5389422916169824,1.4263789540899399,-0.7617036128102067,0.15588602357534273,-0.06669896303256335,-0.8541309039933492,-0.964615484024616,-0.7719745242639474,0.5566119192273646,0.26408039685423484,-0.23598701130325292,-0.2782747127110273,-0.8286234421360156,1.1949443142672638,-0.261304806742764,0.2873281223312426,0.42438905246437436,1.4468624123198226,1.36309287395722,0.9032805948454927,0.7224767996072341,-0.48607592354615,1.351503623790965,0.07626933806112873,0.048562588275563146,1.0075093667304895,0.9271840322270284,0.8289347051735974,0.8758266964598035,1.925984837563562,1.3744541649067137,1.006189203224084,0.0674043645854559,0.6496772063942053,-1.1432807066072512,0.027926187223913043,0.7718937772919778,0.5951444164407166,0.16496043654889675,0.15371370031568232,0.15611081525105552,-0.7238403898534483,0.10684900743007353,-0.36655659439485716,-0.7903650182144815,-0.19429330664990452,1.1074676394829746,-0.13180020105172524,0.6303731035549798,1.0627973128295485,0.6480993883496509,0.5620666210940242,-0.12713946585769448,0.1683520770737072,0.8723143518432313,0.3136389871263099,-0.22503411092957012,-0.4305339522326104,-0.15223758774783497,0.30115617477327916,0.9234071332641413,0.036470404427547586,-0.9647284817242993,0.8692156688962013,2.16160421014264,0.061470179441404225,0.7418675853188469,1.9048804883261317,-0.024901616047084,0.9783706194069879,1.5365169546460145,1.1152698151701965,0.7122880723763337,0.6251620043460897,0.06917694469958588,-1.287278337636867,0.5877296321260488,1.3105988832558353,0.9704469886755842,0.8622286749625314,0.7034545749864886,1.0319818381677661
-0.8259863329122346,0.4083823197154671,0.42635074920905786,0.23459204937386033,1.6220090571411336,0.8425222540422779,0.35648693808998844,0.30793636262961216,0.294151975648453,0.5283367866211496,0.16387721364214408,-0.370248130326741,0.39153281944309676,-0.8801691503075504,-0.05862776268706175,-0.42661378243668546,-0.3787418965330065,-0.1987906284363879,-1.1711655473862372,1.4159019495501104,-0.1496038617160676,-0.3250363781156891,-1.16329972079397,-0.788839163639966,0.1847764989914041,-0.9431906859466609,0.18903875094253517,-0.6557994975404497,-0.2706394458277846,-0.912430956696852,0.6706757422023158,0.7739633407824826,1.5182171773702964,0.5359680338194714,1.149930147913741,1.8312120312712141,1.0004913769894528,1.455677980268827,1.2954400917771403,0.30471330680713693,1.4687057851111558,0.5933238000134081,0.14283141327980314,0.9533824595060518,1.2619468080560816,0.8501302646790523,0.9615751560015414,0.94682371272381,1.4697750507300875,1.0464042450598299,0.1317242753443713,0.4333009997024941,-0.37589875301940906,0.6641490384280065,0.6772313298656379,0.17415177314296634,-0.2949075695218413,0.22123922836806104,-0.19477970336288922,-0.9433512496222102,-1.020571396580905,-0.8051805176603687,-1.0094266959398106,-0.28297123317142714,0.6004782889668605,0.05838786891627675,1.6536480623197503,-0.22202513214251274,-0.520712949842362,0.15231725525232231,-0.0002445865037903927,-0.20692240818249677,0.08731709535793118,1.4121188310385837,-0.357168781929869,-1.4024291834992026,-0.8441314549134951,-1.1849447241273237,1.403916980936953,0.36197569801853474,-1.1117567537027735,1.4417377901968915,2.020989844624338,0.7149854955571306,0.048997235197409776,1.827980454348336,0.780398453218668,-0.4238439511586089,1.8514814072286998,1.9665160830644952,2.690464705511449,1.4046066810175597,0.9774686143812418,-0.24778563413827973,0.43896751536522527,1.5275237582067536,1.6668890011590325,0.22878450678090578,1.486982004952895,1.1086075841704828
-1.0436677160983598,-0.2987848997663879,0.0011888772291847852,0.5737659802774937,1.0731670327770484,-0.0196090663527448,0.30475002277249486,0.7957805161160977,0.5916280982286541,-0.01999014128583687,0.5685950558855469,0.5327475730630213,1.3389483066119088,-0.6650919468205158,-0.4958759297091481,-0.29204206510290104,-0.16987342850437995,-0.23951358114594531,-0.5955475358010036,0.19586546170790745,0.19971529007543182,-0.7751232329508027,-1.1870300267659162,-0.2558696980088068,1.0354795774255,-0.7059109861033466,-0.9044168423661161,-1.6903131075199695,-0.799175089008337,-1.552316504471845,-0.1354617062628063,-0.20365931640896628,1.272327333173821,0.08023445246348274,0.1536628753861265,0.1866085997663962,-1.3638945254572319,0.5567518811478824,0.5040298790767943,0.7240720544019955,-0.24340917054349306,-0.3255305435309021,-0.9223509655352295,-0.683268430127792,0.24671668685677542,-0.7139827444540082,-0.6652474702249295,-1.3376422331511528,-0.1687996508706981,-0.4678812372674573,-0.36440322668200753,-0.1522527737775308,0.43292468409552326,0.922250611221267,-0.2000460974450261,-0.7379110358597837,-0.09640923321094218,0.45051986266178023,-0.31858169165942796,-0.030995364683279503,-0.9429008094776911,-0.060789225668479226,-0.2500633382571915,-0.6106636463427093,-0.28497775094662886,-0.1362252171924228,0.973745328131626,-0.6919135298162113,-0.994384225863108,0.17378734955342617,-0.17460625360182336,0.011511577798151306,-0.1586133514373509,0.9079728085491306,0.11577926378641112,-1.9669924361363607,-0.8221719803116856,-2.0331107668667276,0.3184114577078404,-0.22589235286211862,-1.3545243655742074,-0.21080158944930522,0.3655648590395762,0.4390767438287112,-0.728351530051898,-0.07136769669463786,-0.539415502674611,-1.5559306508864896,-0.03855227464424159,-0.0029781125982758843,1.5978742121504672,1.0782864646391395,0.4617493244685537,-0.28435499770045264,0.06678724727691722,0.41525922657164754,-0.024470172015056094,-1.4800778229204135,0.7079655656948451,-0.353821661759903
0.9105425416325488,-0.19048553817111896,0.7059483584391478,-0.25069569002169595,-0.22211117757562865,0.6087796630415889,1.0107306657592936,1.089290197077601,1.2663634394650662,0.032075118763500596,0.7632179216726158,0.7081404290219466,1.4702483701220554,0.8464518461326607,0.07197192108511448,0.7233157484078604,-0.32214800927278103,0.8035260668973417,0.4240992076935711,-0.4689325488071604,-0.1705376912888691,-0.5311299603745179,-0.02294192485307887,-0.06333298814276747,0.2839479452570999,-0.3042184157700093,-2.0274960172281227,-1.184535580709727,-1.448183238599708,-1.2845929358830817,-1.308412491959344,0.21336930239975394,-0.485445053151964,-0.3060605895089344,-0.852975593834044,-1.014036216142907,-2.6102853526910703,-0.3443503402548359,-0.15168411376756696,0.30872994508334967,-0.9384436316427671,-1.4586366490053981,-1.7183783234477452,-2.002931678433863,-1.7209544931629046,-1.9886983740190827,-1.483422586646039,-1.3527904854086923,-0.8328893713403653,-1.2540098609505574,0.382434805035295,-0.012640422746059175,1.0611816572709913,-0.034124937267810955,-0.4643478263955275,0.525797290908586,1.0021144159582245,1.2073614025200534,0.6281843290199639,0.20056607681216965,0.19959532816118988,1.1995053976088828,0.6754884689139916,0.16961710252965445,0.11056970232902155,0.46877525693522965,0.14648257930911007,0.16434197768069994,-0.35748226123278787,1.1024541268630776,0.1739670275244508,0.901383633936043,1.1527210294976649,0.6461424801454444,0.22054623593875167,-0.9832295088683867,-0.5647933046017856,-0.9816044486647372,-0.9632205339591544,0.1145565799790243,-0.6395413421731584,-1.3099147793318764,-1.3688125736338415,-0.6107803330904639,-1.3600732599208938,-0.5916749803525747,-1.6161252140767373,-1.0816419650127815,-0.9716324073673068,-1.8172418980501095,-1.6261544546724873,0.544307928747179,-0.23386430310002854,-1.44158738107912,-0.3855485791030361,-0.9116921106313394,-1.9481235068357308,-1.4724940553114338,0.21721726073835954,-0.7407549528183478
1.7816196594444935,0.8567969001903822,2.040932056446347,-0.6742674886462956,-0.58886868620241,1.7989630038125637,1.4403372721419814,0.9966309248349516,1.3439749598462407,0.8265003028796678,0.7220007199706875,1.0595646475562817,1.3729847392603818,2.081132214000672,0.9013384540539794,1.6083378832878585,0.12864610392245426,1.688748925344595,0.883783947013303,0.07886511713250376,0.2560964682121131,-0.006701405301317596,0.8495926201616573,0.6494391517997538,-0.140070303069052,0.6219840343226062,-1.8824660799766257,0.39865041080165026,-1.2571770534049134,-0.21738872159562847,0.27957013098206485,1.6688515121013063,-0.8706569032220597,0.5054724549318126,-0.284899618899706,-0.4374948917417144,-1.4395711132104196,0.12696773049758725,-0.2643466334358167,-0.11095447588525588,-0.5743268046199275,-0.6531690144709603,-1.143602910978971,-1.8813030617537931,-2.9482309653273453,-2.2596528641472573,-1.2608525110101148,-0.02448952239215647,-0.09424888728689669,-0.8827150293414624,2.0839627169213677,0.6280013567132512,1.512699889739177,-1.0847701234780098,-0.042262923948267486,2.2290422260818934,1.5960731497997305,1.523501070379049,1.5717857329866192,0.2627851329904867,1.2763897888406308,1.2873939729148214,1.2820709032866946,1.5437758379182884,1.4238787032627418,1.483768810712862,0.251271923049122,0.9207309247162392,0.8094156429570141,1.7339475354336409,1.3232234890595924,0.966430374228067,1.6862480687590329,1.3308258239904553,0.2800389094109736,0.9959128734996017,-0.2683160521618345,0.6940549034672141,-0.6138430222668936,1.1061859140845296,1.0245165767446152,-0.5622971988287532,-1.6534478823367067,-0.9034188235904803,-1.0220122533365137,0.004903906897962884,-0.8866283804559926,-0.10797250148028147,0.07859211009835154,-0.8668070121911904,-1.948521312769684,1.291866491097952,-0.20382644190956703,-1.0672640591962241,-1.1476450792927264,-1.359585745911737,-2.2642726123523693,-0.05309216087496315,0.4081825340587917,0.010913116094636263
0.9376145918257471,1.0286339325685978,1.9176705377036698,-0.043538486267217846,0.41669103633939697,1.5033238051937705,0.7429921289912642,0.530781380460025,0.5742554926699703,0.9859794778055663,0.7366585090257806,1.8008708292947466,0.5641670069928982,1.326311161610235,0.9089487860749333,1.197132175043358,0.986440182040526,1.3219149302332756,0.47887732057798155,0.8728082448324105,1.2341539224644706,-0.3640573610460876,0.9139250681434071,1.7272536443096926,0.360453446377563,1.349100700039644,-0.3273327253920979,1.3948290640892942,-0.04965030310112569,0.8069913745388887,2.461548768581985,1.5027863751255883,0.06794984424694316,1.1211218767962563,0.16036620983375421,0.36660141191204304,0.007575663854504534,0.9211022859462251,-0.590124198591049,0.07489646273301952,-0.6082884007446426,0.7183328196478433,-0.29715126310984924,-0.9803145793202457,-2.2618157731186948,-1.9922309672699918,-1.1768540200304534,0.4999502711263948,0.6271634791316598,-0.4413336240055784,2.303230791476798,0.6518562600658356,0.9954468902969862,-1.169991007072169,0.38768876715868444,1.75501465412967,0.9372140399360132,0.7639664469082754,1.3451337015261424,1.0753114619409658,1.3727522483811427,0.1197527439349945,1.2733127611861261,1.36684500746042,1.4516383069200334,1.2257597012814951,0.5977433860287931,0.565183055540188,0.673692348168683,0.7875594104468876,1.5805144860625417,-0.8320868802748546,0.2583427739105093,0.7688906081617494,0.46840564913793686,1.7987091347570887,0.4580507817844932,1.0218403618737326,0.6875922947548708,0.6929433445930069,1.1651656283144431,0.06045552499334622,-0.9320835914784646,-0.5875592445746827,0.554050457732232,-0.7418036918472906,0.009709211642682557,0.10282247001914435,0.6589630956466871,0.5262063269250695,0.41607244920715597,1.7589980658961653,-0.1100517339825584,1.0863980388134251,-1.978141905811908,-1.2224480444661088,-1.7016241084731412,0.4434849592477592,0.46377851603459097,0.14294081714732682
0.39682653165846293,0.055350944679558,0.42486871921831015,-0.21292764421656352,0.9419397279721979,0.543235576760275,-0.08898311953343072,-0.08118470860523325,-0.08325598106904811,-0.015508046827135146,0.17471395512304622,1.2266569175009088,-0.9452290988280575,-0.12583284196103336,0.6418953169760009,0.16105909909465116,1.3184929149561293,0.4977969646456896,-0.08828573048356277,1.0304337090520514,1.1337348393517448,-1.1050075196784817,0.9432107347619649,1.624665964616393,0.23855256492421098,1.0911127366536661,0.8183566742597486,1.1757418703813665,1.1288765374587277,0.817818787631978,2.300121616363025,-0.248393788887733,0.741512567129245,0.5277331649560792,-0.5745974972448248,0.01633097273139869,0.022213522913677973,0.5206207474005027,-0.9448005264818191,0.06409496250374476,-0.751585543576987,0.5598404765474055,-0.17545654381213827,0.08484115071641338,-0.9953171788784063,-1.1560156791619258,-0.9953109851276507,0.6807254983684776,0.7530853571177446,-0.05696179673700756,0.6079531039381457,-0.029193584848092913,-0.4221886859739297,-0.8272164244697803,0.4961833406169943,0.3530178523387719,-0.20954284983206353,-0.11967680872593829,0.2871695970440419,1.6227249929043241,0.8416891587252667,-0.8245375948137308,0.5960164387421669,0.2822480876014959,0.017338320278467028,0.19407375988400358,0.6658096785027741,-0.20335027628568256,-0.6415238113503124,-0.5296138351684531,0.3576820026395039,-2.06872838296955,-0.20611393617662654,-1.03562008012011,0.29292097078276647,0.8212254117226498,1.1457085640491391,0.7193994409602533,1.2994523967064975,-0.42587673722121044,-0.03912911731139229,-0.31582921290316085,-0.6444711056555051,-0.7012370278996665,1.6634190405771248,-1.7310523439943397,0.09287645317912958,0.19982025766596134,0.07698682864896253,0.5613216856017029,0.658365216190849,0.26501973099178705,0.06742958989349256,1.9791006334339447,-1.3986983373382567,-0.7323668013154525,-0.6649171234900715,0.23636827438988556,0.4403925905202156,0.05559312638181732
0.48110649496864244,-0.07221527217968508,-0.6299028693187326,-1.3236563320918058,-0.5695187586386229,0.023994883121080387,0.16620160690020686,-0.08950914953862854,-0.10053934379095779,-1.0230411872413412,-1.0141329614436683,-0.5160732183530778,-1.141040754236253,-0.04357550650812103,0.7536554375634378,0.1144110143528441,1.0124627918835456,0.439270509997783,0.2903245356789286,0.3825699589360553,0.556585088818676,-0.6577238963757244,1.122285384741015,0.4279527805790733,-0.5363116578348698,0.7529175507854411,0.653176420933973,0.12404910968515527,1.484887293857569,0.02333914439332481,0.8201231428651379,-1.0131854588023643,1.2887303711231741,-0.06751503340163788,-0.982742030499441,-1.0808766897041744,-0.9650414556632306,-0.3030415362508224,-0.6272873676439454,-0.3096695127665369,-0.6163629434967434,-0.19083626504266452,-0.08702955727848066,0.7110909158376948,-0.5995609170744652,-0.1093128867009874,-0.3668454235656995,0.7265352732677838,0.12971664196696045,0.029088333564057822,-0.7573063602767507,-0.5550718709348738,-1.0439640478095695,-0.9044489548112311,-0.1951246941128966,0.04738733770564859,-0.41120069529277103,-0.12231319584133343,-0.6154554767283866,0.9516978630708944,0.8025228102122363,-0.3509964823754238,0.12242801404476245,0.5609414684531144,-0.5137523915525049,0.25795171565763797,0.6436472001113318,0.09934278612993312,-0.564140373787255,-0.3575122856119855,-0.03860815468055209,-0.6496923044560036,1.3129029021048004,-1.3915734790185124,0.33557609515907655,0.1523645767664707,0.7621237726676422,0.8956432523749821,1.0432077177349477,-0.3223750540056431,-0.05801160972098459,-0.8276238997505772,-0.7521647626343021,-0.6235519317741436,1.202864332057332,-1.3674557532339495,-0.37625674714240037,0.24288877341647855,-0.7648803888985628,0.013174060007748654,-1.2249287952088723,-1.0961187740729723,0.6042003448510194,0.9665222979776107,0.7216430348294149,-0.02743089739318771,0.3437648014602623,0.28598208037915845,0.28120210262794487,0.15366276191011974
0.1315807114909671,1.1110703021455064,-0.35102820154754394,-1.1174749786828513,-1.9558816609116267,-0.14757477612035216,1.2218629304740654,0.7719242109491469,0.19997103523956133,-1.224214264108651,-1.4658308968123692,-1.2882241812571003,0.692431230884313,1.0545934809912993,1.1202286330902307,1.2502376358568437,0.7448318857744419,0.7285057932122978,1.3570467797164172,-0.23424764711497642,0.9550060525239171,0.6876029806326691,1.1374426032953506,-0.24699879683588552,-0.7706216593992425,0.6628037814787497,0.6204125303820289,-0.586340585692099,1.40948752852334,0.08679846687165517,-0.13799076492465767,-0.2261148734232337,1.8015848487801673,-0.1340846507295761,-0.2884410031361886,-1.5965756113515444,-1.6884718963533178,-0.16043048809527707,0.15084647619819216,-0.017051986454877245,-0.5780695111316307,-0.43331363848964594,0.7450327200420486,0.22462473360200394,-0.24330733615950387,0.5540805991190946,0.4243024006188988,0.09989040427667689,-0.6958595741519107,-0.5632689547701885,-0.4414786973336181,-0.3064686073101038,-0.2586683494951158,-1.0678920762294777,-1.0048073923239331,0.7866301305344113,0.7559045928529708,0.36788471813084656,-0.9972282894700708,-0.4417299292202635,0.8025737417447629,1.276784805628844,0.6259671222218886,1.6760489381765131,0.5184637235103859,1.2048613577259233,0.48196051738748524,1.3824466860844946,1.038946203853687,0.5200352195521807,1.546652509979533,0.72350968099463,1.572270238875957,-0.32538442504113835,0.6663938454911356,0.5414868631186527,0.003767194124000005,0.8339754376453752,0.35553928777462285,0.4407694322466287,0.389809662965968,-1.1858208764085603,-0.6771628005703871,0.4306327116411544,0.4619591621713265,-1.0337261434120322,-1.3248787810702973,-0.38757009565693107,-1.4937193279839798,-1.0058406305347607,-1.5078212418914863,-0.7318768574488659,0.7021354213639645,0.11790800148344917,1.8970287429516706,-0.3032169971179947,0.3043425166205003,-0.15435541573802453,-0.15327752875588135,-0.6420250215715156
-0.4117688970248386,1.5760519237709727,0.5131398713501627,0.07502733071390841,-0.9637947497766234,0.2393619187351447,1.5431643913354998,1.273731084851072,0.49048621655138575,-0.7459330914632358,-0.4605195440551534,-0.6411713992904575,2.1710018882689157,1.327728105738617,1.5485359904653222,1.865031496889231,1.0256327712553177,0.4151232315066886,1.5911345426900847,-0.024622029750711493,1.674035624222107,1.150472571255327,1.216932269831436,0.00920809080354065,-0.03924811570034207,0.23771743792142375,0.8423276996156438,-0.2731392175331618,1.1459324165793128,1.3145688475216475,0.022970508067119255,0.733865708985128,1.1880281761176512,-0.17881858352297111,0.22765251032692305,-0.9778112476607644,-1.4207877667223787,0.5555512619579384,0.5917925422920991,0.8329555190247352,-0.6202789234580626,-0.327329234460894,1.6639231649463917,-0.7774231750766355,0.004426095836015769,0.8715552133566442,1.0748370101581453,-0.5684577856884996,-0.6645116286371965,-0.8897783564284368,0.4738921694659194,0.44855437540390625,0.3846953713700304,-0.9921617804598857,-0.3226337804453433,1.432016924910384,1.6190882898451238,0.5557769095377173,-0.7108304769674125,-0.8045158633079023,0.03569765649027696,2.48544814811445,1.6487234941882696,1.9193743681902085,1.3093703381764144,1.7225882461875404,-0.19607097851956726,1.7523539536289878,1.5956434597597966,0.3812179960815514,2.7476272629029035,-0.126681352107973,-0.06538019379773041,-0.14781203431399356,0.5763263209622101,0.7902689348513209,0.25184595930408715,0.534687984530569,-0.3453949185925421,0.8977391279530959,-0.06811629484827993,-1.3161417135287452,-1.2649262681643958,1.0194456311197266,0.03991089403540043,-1.4184909155684609,-1.701685757527902,-0.7559262831629073,-1.5143821815120126,-2.09718314371364,-0.3744960366374631,-0.0696705903958162,0.05860960849130718,0.26016966113536005,0.7471470761040293,-1.8575002319030247,-0.447543966300993,-1.1610406939805438,-0.3416311758767386,-1.7162632703129237
-0.5909768285449343,0.3017703419410877,0.5024764848313681,-0.2409767480669534,-0.13342400957493758,0.718425082250802,0.21109098930803216,0.29798958656223246,0.41715835233536613,-0.024003179347697714,0.7375981108882865,0.1000365506608562,1.3841939932372374,0.6122458969124692,1.4650884337600358,0.7843766965416543,1.3370049341533994,-0.2879718484907855,0.6323563497452898,0.08985528107836586,1.4593621408275899,0.29997212433845205,1.1763301278216323,0.28692452913644806,1.0520187334768532,0.12605991317121218,-0.334084389739064,-0.09498506195265913,0.29338422249703994,1.7137750827296292,1.1674028296425172,0.796330577021866,-0.4261657198033521,-0.12484034632809064,-0.4260490763252256,-0.2553393949105665,-0.601096248977141,0.6779768999825487,0.38240980933553653,0.9788029115677568,-0.6527157132261578,0.41345470701422077,1.4954322448474893,-1.0310132881388536,-1.1428350028231902,0.6023899587711379,0.9173722463965034,-0.7567158845276802,-0.2667951115996316,-0.3291076344998433,0.513848960829787,0.6155386988719972,-0.22115666181973243,-1.1684180791086933,0.9747152479494369,0.730348993546076,0.6473508151829479,0.21605149888292868,0.19599589830295935,0.9320363876220888,-0.3499559078018774,1.9308306625222529,1.8551345222127775,1.3535782310516884,1.0193470371755262,1.5503631130283109,-1.3434909019941843,0.5803826314727409,0.730722329497707,-0.3957949405298268,1.6371845287538989,-0.7061373039951248,-0.6864238190861758,-0.7314181976449194,0.7374857194516523,1.0813100510756817,0.6745780180466812,0.567740998864809,-0.32929620430826595,1.141365731485938,0.20532260874792427,-0.891346193031869,-2.5557043099437573,-0.15374709093895048,-0.842446505832156,-1.2042623047838663,-0.5931727456821209,-0.20914338754764547,-0.8939614818545615,-1.7905149605058865,-0.49679019377933453,0.2589272055769396,-0.49347130286246593,0.9460161128025605,-0.8081182333215122,-2.642670923207187,-0.9695038270285675,-1.3782956786946325,-0.3891548586902154,-1.443089498761179
-0.6666680709218357,-0.9532750643306575,-0.2211879155288648,-1.3165748235033434,-1.1035300819423055,0.37658448723135246,-1.3043060854510544,-1.0048785043169013,-0.14575571442314836,0.35223216829611326,0.8402026342739379,0.29949619447188824,-0.24891257704703568,-0.17330047026183001,0.531465674014605,-0.603029296714948,0.7797402648321511,-0.6559108885500027,-0.3435108947664534,-0.3611690735403412,0.6029740934443657,-0.3716821508140965,0.5058461070651428,0.18552917486961631,1.2109343096631762,0.5788368454426474,-1.7365987269921719,-0.43194031752233003,-0.4635625742090427,0.7962610682896837,1.7885862249159306,-0.1897267141710088,-1.3260488397083756,-0.036488172651824705,-1.182956717869152,-0.060140206069990355,-0.03493702446774333,0.07252715410356034,-0.07159935061484045,0.251899941364502,-0.6117885244268837,1.0632663956839772,0.372569397765022,-0.3890710655260983,-2.0985866556385213,-0.1311048580539984,-0.021129412079962617,-0.5343285908431997,-0.27742112541361236,0.23427470525780533,-0.07526657281433964,-0.07870015510706217,-1.0357982382475814,-1.2537980228339904,0.8732672292621306,-0.6349656540721796,-0.7875301199896756,-0.3731101507865032,0.770592081093109,2.4278941245900887,0.2416138424957154,0.2556245354922479,0.7666380218865743,0.5516820478474779,0.437390617480273,0.91241598407091,-1.7312465595499984,-0.5831487251531186,0.17473039138188565,-0.5588086194826525,-0.09167692369690693,0.26102484606118537,0.021193452581917165,-0.4579976858756181,1.1940238363665199,1.3951446786677755,0.15193278439740632,0.37304356107265996,0.22059338157444658,0.8603234251335771,1.104129247444518,-0.16398097470237183,-2.415948745517791,-1.4479533492855514,-1.3793755954704596,-0.17429797873287442,0.5556121733824713,0.23464957909898831,-0.3519526068403428,-0.43721276398454884,-1.1989576032063476,0.483211856129129,-0.47217021570247103,1.2698429536918951,-0.9275953862467947,-1.4503954111284871,-0.9794695163525855,-0.5140654878018437,-0.5263048042618312,-0.28310713457069103
-0.5665165531384638,-0.6046922466407296,-0.17271469070953052,-0.7842352728533484,-0.8093135846538886,-0.05113765085821662,-1.0800493826594184,-0.8960224763923423,-0.4891621503297325,0.24080521535769134,0.3375782779574135,0.30868086657054944,-0.4537733697802968,-0.525933118212053,-0.23409115200933764,-0.5490456327557139,-0.32891811915063973,-0.5859247085164919,-0.6145353708753905,-0.011194358626195134,-0.1707637585628734,-0.0062528882561406025,-0.12334992468813419,-0.005195200348191797,0.25340923485133826,0.37372358378231746,-0.9348255011691186,0.037198958839660234,-0.039229996549067926,0.233769675090405,1.062347063912718,-0.8135363471769899,-0.7438967175501592,-0.36529851713914274,-0.6631321031568891,0.43116092896907077,0.21742309646062374,-0.3853965088110492,-0.31377311508866457,-0.3296441463563516,-0.1607923897666348,0.5245584621514111,-0.3550162104868811,0.3432114277529575,-0.8894342828024051,-0.12284684785706793,-0.33855426514546627,0.23932732867137785,0.11571729043425567,0.35728156242260656,-0.05594189957690645,-0.39787417448322776,-0.8497708891635374,-0.4703915302835349,0.05810387734031338,-0.5766962144793536,-0.7985449225302921,-0.6166783023507509,0.48888663130243926,1.2721799128864257,0.42975492364933643,-0.7340432591217628,-0.3140734632391238,-0.19550765689326668,0.03455357836050826,0.10754497891491721,-0.5983287327536867,-0.7533992515534232,0.05200509587172428,-0.310936948768321,-0.3995358052196817,0.5106009007530727,0.07883063853106306,0.14081048540462612,0.38245396994356773,0.4560268935002374,-0.30108484685588727,-0.029257173465466912,0.46684105861312103,0.2931443899572113,0.2590101277070894,0.2887467934776022,-0.5537817103049392,-1.2244503723211566,-0.5793846503525772,0.5191253384045387,0.42747847087142066,0.128503075684049,0.33453159861888704,0.34746156598657696,-0.44516288489389966,0.050870309634390695,-0.10464325482084094,0.6891761434850565,-0.25802837272996415,0.08598326859224215,-0.4181974888993267,0.24750443840517689,0.035432249210372496,0.49261456408873466
-0.1883616998831947,-0.15339377381738523,0.03133553606537031,0.2516694304205246,0.6785303521998105,0.12372026566292772,-0.14654043782414236,-0.2164502248584233,-0.3887044637343986,-0.05787947467509447,-0.07371677732353102,0.1750365201509931,0.13698934371866855,-0.5110552048640421,-0.26756596908052704,-0.14956651945738184,-0.662610488052287,-0.47415145841618916,-0.5725113509843418,0.8022060632191095,-0.7482300032795484,0.26218456328229034,-0.10970156951929812,-0.07921476282332013,-0.18689420935647236,-0.11856017980105785,0.5254705216580249,0.7730922699413852,0.5682935363916581,0.10874461358948632,0.35860321416491997,0.17384575563914562,0.10060019510182662,-0.6396524707556415,0.23366021572809884,0.9400000851296171,0.5146688398946594,-0.35050351360329934,-0.4846597102314665,-0.3108636484702758,0.4261887481521678,0.24230234698345554,-0.2900180708720855,0.5476962199880097,0.41662310408948966,0.40410595837595154,0.19794072643180916,0.8689835972076583,0.7673015660752245,0.34011527213382986,0.2672520992042576,-0.1437277041499245,-0.42693506278183535,0.21075697129309126,-0.102997515069775,-0.12782675711456204,-0.39986704320492616,-0.5466581284257402,0.0958194106377125,-0.44737467539750125,0.01746416784571921,-0.6612308689064238,-0.40068175734474504,-0.4086261246033279,-0.3383719498417099,-0.42963445574937037,0.10455514657384861,-0.42882338258164454,-0.4259988465750783,-0.5057581748338932,-0.18280915475043993,-0.12354203066530774,-0.4513371782363363,-0.23374111470836784,-0.7468377752924008,-0.4243175400414104,0.035416104303991496,0.05325856726647869,0.3990957076402025,0.2677571846401854,-0.8132092385781383,0.35979314745711605,0.47703724082464677,-0.47308983323211534,0.3503690696303252,0.4500310713165322,0.18280937512833684,0.17253461414700014,0.777218829085011,0.6242794633561246,0.5155011548112759,-0.6464106831714258,0.12975191131082128,0.33211219412449455,0.24614046475796558,0.37530968808442655,0.25666137322492233,0.2236754422864352,0.7696949122302522,0.4635929951266881
-0.18966758727655864,-1.3160012264102223,-0.8198918847180026,0.03459547720883299,0.030901855536390747,0.07359506645790942,-0.42416985546169256,-0.6003585471381713,-0.6643458389172129,-0.5124472405913321,-0.7769774513471626,-0.3134701573531992,-0.39912825664312596,-0.7758746048579602,-0.5391962812130403,-1.2107458735727754,0.04899152989077241,-0.5602631091708713,-0.834865909946106,0.31243817344495073,-0.8684073661402532,-0.13912606288982507,-0.2642914818336524,0.00920809080354065,0.4224514728042288,0.4899166359943228,0.3882913569030002,0.26137627127845936,0.11432206792559454,-0.33445102189804204,-0.01563091361376998,1.0846316664370965,-0.12037364208297292,-0.08510046303894638,0.1140120197383663,0.21844061498111494,0.8820162052292678,-0.6034589691846428,-0.7598377812242904,-0.33903439529938945,0.5024637206730843,0.9105160274754366,-0.38705408252028556,0.3981108867308215,-0.052190672654013524,-0.03503667276304047,0.263370106558328,0.5616383345366158,0.25127727618812334,0.1343165996399731,-0.3534334451742897,-0.5479612747432381,-0.8123102377979164,-0.17927614360518754,0.1544813592611832,-1.2787699218853945,-0.9575638876298237,-0.8281562365534147,-0.21731395685185814,-0.4114766266748433,0.26010198880290664,-0.6386352038447106,-0.3271566137844174,-0.3147264920353479,-0.5973539886134176,-0.5609391426173966,-0.9953821055185755,-0.22802094475912282,-0.6098852704716665,-0.8016819613649809,-0.4198429873315008,0.3668199786790043,-0.15460585793577428,-0.5872147534448245,0.14972162466229696,0.5033093013787581,0.4655491389655989,0.3328076478636645,-0.20456521833922942,0.32399394825772226,0.6448764117852716,0.42825977155506995,0.2643408369563688,0.11508978383239009,0.7622013433786948,0.383847429170481,0.7994528184627682,0.8530706642669739,0.11744815338612663,1.0973328721104676,0.05918236014646452,-0.8491722065571446,-0.2001653175539429,0.6692680553776119,0.7994612955379419,0.049278930710425675,0.5107589214588628,0.09926173893280402,-0.02590139638570497,-0.16076377072310377
-0.6797771712936812,-2.210130573246629,-1.2635249109728046,0.06590181126657893,-0.7462353668390429,-0.2612821602045034,-0.9098501480046638,-1.0324847972525701,-0.9846086324870574,-0.7475487301634656,-1.617482637420832,-0.6614562633372332,-1.3540165797965085,-1.62052245738714,-1.1564314614859417,-2.3484322193854186,0.03360010821532792,-0.6517362743023898,-1.4301524525800913,-0.4550772448442837,-0.5506019923449581,-0.06041132146126263,-0.885943196659432,-0.1744577178895774,0.6868557544773978,0.7497546171607691,0.21463226928103463,-0.4405298928806757,-0.4147542515383193,-0.32813907704556844,-0.7439665311393068,0.2938736887065572,-0.6199395826670723,0.7212260191526881,0.017003387260433052,-0.5087283185704056,1.056641289474251,-1.0543665137080167,-0.5059338916548605,-0.7898206234608314,0.4848244835021863,0.6577999518115784,-0.5363591752210649,0.573480134758616,-0.2558763709878156,-0.6042429645036875,0.07664197961974381,0.1808331738696741,-0.4740626191458047,0.1288496282104264,-0.9274336403455725,-1.271674696806981,-1.2428015106439825,-0.2656811415089297,0.5767153951427502,-1.723500463624512,-1.2658334271547087,-1.0521640966163437,-0.7235435061754748,-0.23832879449665206,0.5847905086606039,-1.1482847102037124,-0.8527532650296418,-0.633371995893582,-0.5156891080867345,-0.4207406114269782,-1.347759664322879,-0.41427303476681365,0.11820420847449604,-0.36478258209489894,-0.2762922172307106,1.2121136703310493,0.8639457624722918,0.4598370210218826,1.2827550474751348,0.6860341445746351,0.7170362483189159,0.3507356962746393,-1.1617168638906612,0.13733996936609888,2.067850833019494,0.828681292481345,0.8767805226034671,1.1525974636772633,1.3903867674981518,1.0124762660659579,1.2367366933038213,1.6499719588060469,-0.22624672103434162,1.23315390363737,-0.2969875572122505,-0.80942844263599,-0.858834872079409,0.38773522141181826,1.3003991628374434,0.3449278962096913,0.8849953321514075,0.722128547028221,-1.0918405867515983,-0.19522491869970504
-1.0241798580743136,-1.0426757271319644,-0.8053969084670308,1.3370655708126455,1.2159576166633284,-0.47195168541897947,-0.28040970620815703,-0.3578327424364725,-0.5138229208916312,-0.17545627814987458,-1.488945102630016,-0.42034634177398367,-1.2642841664505347,-1.9894872508171342,-1.2605812500524245,-1.6153392287198771,-1.8979968663112463,-0.61625205319768,-1.552964336797069,0.03627288643180855,-0.793579098444818,0.5522629622505112,-1.1421070486976366,-1.2469782855059988,0.2796623673935055,-0.9985121853819608,1.164994449220652,0.07235259132474156,-0.3430409154088275,-0.11018276594746211,-0.8229330601468501,-0.5709412587642504,-0.006746268440143186,0.798527530096144,1.0465976150135172,0.5149480645581314,1.0416889451618532,-0.6038341626815004,0.44031397230748126,-1.0874318081699448,1.000312996109471,-0.04445049550947971,0.09695760802659828,0.9835119778896817,1.0703251386869537,0.3646051429339674,0.8232952327722914,0.3002853558282235,0.3760425812420741,0.9102766564641165,-0.1199429213385045,-1.258944435883246,-0.9239776835581053,1.0121195853142366,0.4608014333276692,-0.14876480086797306,-0.6465116611473094,-0.6089392304958813,-0.6017603250922335,-1.2092885610958937,-0.7299051404510416,-1.6758022877812024,-1.6260647749464994,-1.2752775345348262,-0.47507185854941847,-0.6394503200840309,0.43564736993096215,-0.7294160010869828,0.6512229385637848,0.38144519284664247,-0.2270748103390111,0.5598254609740638,0.920168538950293,1.2857588784385754,-0.32809060190391326,-1.5028964512357674,0.557623122273851,-0.13448956185822414,-0.48685113395336477,0.2779177272364087,0.464676193681838,1.3741607281270618,2.084054471504798,1.8165622696250914,1.5451983747557383,1.7617968122022847,0.9190718891618417,1.2579682135836374,0.8825499888026133,0.609956680465147,0.37736322022592317,-0.31314384903028225,-1.2084722480415122,-0.3733005758972329,0.8887598120223734,1.2398199390172715,1.7026773882342354,1.6289874947967486,-0.17880023934263617,0.9772087361830587
-0.9533103537652173,-0.05316317485655138,-1.3457595019228312,2.086637320676309,2.441262075803977,-1.2207072106992336,0.05854317282042236,-0.10168996087247853,-0.32483634021642943,0.41300103037572033,-0.24867064412214177,-0.0876352786920011,-0.9853955922451232,-1.1106090111865161,-1.2585057049558006,-0.6259142375129774,-3.3960423512377567,-0.7019953556363963,-0.5336400282377196,0.13612515418896046,-1.6705392677624369,0.5046080262004556,-0.8692085300202561,-2.3201188623441835,0.04566981604125082,-2.28630359456679,1.3572860369009119,0.7584051565200164,-0.5603927813201455,-0.862663699206195,-0.3424784685704028,-0.6092724750639242,0.3884838927825638,0.5907963219937988,1.9138573189264094,1.4849966258758842,1.23626954820235,0.012683791354785066,0.6940579056256074,-1.0580669256370923,1.2971997246813438,0.4546862375632652,0.31353608269387373,0.7864147117967695,1.9509992531081726,1.6574425170978615,1.7178532362455086,0.11275729324241827,1.2946506325894704,1.7251396819809142,0.2777116583162676,-1.187150351754795,-0.23182325056007952,2.359146815878241,-1.0595766460731626,-0.11841275294636175,-0.5993509144799857,-0.4042081794487448,0.3813987877836286,-1.7641861375526684,-2.7283566137336024,-1.6590137458654979,-2.1512289253472514,-1.7748005071418558,-1.1162326267424416,-1.8393744989100245,1.5437128133067912,-0.5752434180726199,-0.012178823044509542,0.6240913379638798,-1.5196319535252898,-0.4110410883845913,-0.5437452636844556,-0.02447092017200592,-2.8059363983803918,-2.7037942608993917,-0.4667790643059042,-1.295841675047327,1.2919342154163787,0.04360259588784919,-1.691092034334373,1.639131604237636,2.1249620302030174,1.0472053869363196,0.4897093392336794,1.7402978779719334,0.9471011365861339,-0.40790057514164724,1.65835370054836,-0.01292820787767774,0.7115228899429837,0.389090879393214,-1.0547882324770181,-0.6491942089398878,-0.49485161313709775,1.8860624733693756,2.056486888765395,1.7466955510013873,0.8918477922012787,1.8366622204827117
0.09501586447677718,-0.683293652988344,-1.8591563789616117,1.5768741996416724,0.8447233155848376,-1.729254160075836,-0.6541708775275502,-0.8796129554469593,-0.7510303810370835,0.0062770169372523025,0.9566506251005106,0.020910846110358133,-1.0734349411883428,0.22597946991486323,-1.5322115621849377,-0.9596314328973334,-2.0191712548282337,-0.7539733957782434,0.9008013463724233,-0.985641307398024,-1.536436160823065,0.1927765505411505,-0.34069483689939806,-1.8577827549769836,-0.11194421427538795,-1.2201562510806705,0.31187717127067055,0.22145065248318602,-0.8569782989386197,-1.1840387990409837,-1.3317064533185012,-0.9767752193564184,-0.8848797905578913,1.032344677630267,1.912908733863066,0.7771228947528185,1.6420698831357636,-0.39023650492051126,-0.06114887552966442,-0.9039691409591472,0.8950320481228538,0.19401441355521215,-0.9122661075439084,0.3000933830148461,1.3754047920866457,1.618813380509998,1.6878769229136463,-0.12185810768610013,0.7777348177338496,1.7816025629052727,-0.6149862007740042,-1.1400522092381538,0.8439200866123424,2.4432896252502427,-1.699694629477191,-1.609923749543509,-1.119220608074608,-0.6307957301299636,0.4964162365844676,-1.1777667762634536,-2.7229578712857725,-0.7238807936162477,-1.7660869233444763,-1.8002411447402933,-1.9716426615346183,-2.764816240889777,1.1021005789738838,-0.09076648269481262,-1.0845641433356814,0.8056215532716258,-2.4904753150780206,0.03662614933947331,-1.3969288434245224,-1.3094718545262716,-2.8344800530382233,-1.6000357407285584,-1.3072280467933397,-1.899380373182258,0.5711149643325951,-0.8649027448886648,-1.8739970418910723,1.5956023689947618,1.5963413311678059,0.019250018503620073,-0.41612520158220384,1.465905326625786,1.7309995637298894,-1.4566323089821915,1.3642579068077318,-0.0325606828684258,0.7901566376525345,-0.2999908268729947,-0.3804756920684307,-1.1786809986473303,-1.77252846254406,2.0410487781447286,1.627852129718542,1.5051325953722001,0.27055774735998045,1.6313416946732169
1.7890531722990266,-0.8531978638989953,-0.3187488654075995,0.6308400383237972,-0.2462985870303626,-0.4833915048626826,-1.1333840556558346,-1.1069260438103128,-0.32816807278932764,-0.5840043997982793,1.2667192397274791,0.05111712065943095,-0.5968081210474641,1.1258135674441836,-1.3004955788336519,-0.8801282187028251,0.00572629645258135,-0.5705359344272521,1.3208265886594264,-1.183207678720526,-0.2190517282901995,0.3689316200344149,0.37704404170296113,-0.6450447172079351,-0.16775196156575067,-0.578558149215612,-0.3868415809153573,-0.8461487292469987,-0.42148812888563963,0.1340894998432648,-2.7917386742228247,-0.8841708868905015,-1.5152547679532884,1.4630548832787864,1.8790758666038128,0.5504802981019495,1.6360946633244995,-0.5613997781869142,-0.1420334199389095,-0.23335338551849508,0.8831108347892803,-1.9235290739879132,-1.5222770299457744,0.7031722603650741,0.625919978685931,1.100347973646046,1.4115763310569354,0.37356274476077905,0.5585642470944644,1.6239351068771453,-0.7814462573736763,-0.21135482599403002,1.6597354981647272,1.2647600936050925,0.35323894383377774,-0.6428377092817954,-0.9133017732100307,-0.4357030835907233,-0.8638233263210902,-0.5029341995689648,-1.1388853466404234,0.6085189420573883,-0.47918066061650655,-1.199714590641615,-2.0904817399822093,-1.9368562901283624,0.9840371386775201,-0.1147879230505308,-1.463017517667509,1.0747361215219702,-1.4779672178131094,0.8856870267227167,-0.34908716021816844,-0.24306716923046742,-1.2834477923522716,-1.1640077987518678,-0.8101453944432888,-0.7832863626592967,-1.456805479527825,-0.7254853832480073,-1.5121166265493993,1.4269117563948226,1.7560210809359424,-0.45060759753274526,-0.5498172050578225,1.5904668440280991,2.2093837964525402,-0.833610115299244,1.3255253467083712,0.18674298663049851,1.2991379880243719,-1.5776560398053576,0.33169620247217885,-1.8790526648135246,-2.209396878447495,2.1634711733968848,1.1409098292676276,1.9683411380154117,0.2533051864052128,1.5284298905423628
1.2343021623103898,-0.3350789917684284,0.5441540599370298,-0.5625853727511606,-0.21642501465118244,0.3540917021415593,-1.4687610008315872,-1.0671921308566623,-0.0419662952549162,-0.3666228185512458,0.868453330273284,-0.18070989701800597,-0.02426044526088894,1.0818882994643417,-0.8984784593491291,-0.07502257008592272,-0.0792703174045984,-1.1440133347954113,0.5155274248819396,-0.5313669432077779,0.008371949358162137,-0.061532614074205114,0.40495801433470124,-0.43118922871664944,0.5809543637147982,-1.3680383175323136,-0.5532256193572587,-0.6317804997791497,0.0336138445365434,0.9816865866865802,-1.8377178482147096,0.1427347626862422,-0.37674897256352846,0.26820197529368656,1.0595616108792125,1.3815087844798375,1.1405516729482237,-0.020033081571191134,0.37867749680511653,0.46852701380186684,1.346062837473026,-2.3158512379872946,-0.24777235477429496,1.6910245305745033,0.4061302044783544,1.1475103874374044,1.15092823578324,0.451220351213587,0.8182389656279575,1.4044690058094218,-0.8663026195598309,0.260505866443389,0.3127341746050093,-0.2965564802976058,1.138575608894204,0.6326787003009979,-0.8264877373964876,-0.7303831272953735,-1.3049054212480267,0.11031356209071685,-0.7568479211576646,0.7424922510476774,-0.08246926102409176,-0.694332378110363,-1.8429855062121132,-1.006376163433954,0.3335479312199907,-0.8482629365194072,-1.3264881454045627,0.08961094808719354,-0.6416714421736627,0.4836027363461516,0.2419591975364167,0.6567623225781243,-0.8639522834484101,-1.5334133838107489,-0.20238893772535996,0.32544955633342737,-0.46977178732689917,0.06952754579910424,-1.6206654410229204,1.0143625398184553,1.8093812554730178,-1.3429306989528134,-1.036894206699156,1.122186981207613,1.8786018568164335,0.21838519551121535,0.9693586702580346,0.15791894380317298,0.8488956420949866,-0.9798483357821446,-0.12386415768786756,-1.2248199152911932,-1.866020365868792,2.2395095806855867,0.712385188334852,2.057190962739564,1.1243616641513117,1.3839194561441333
-1.5397542462620326,-0.9001071341197223,-1.0623303029605642,-1.2691537715776255,-0.9828052049270107,-1.0931559871433547,-2.011275816524805,-1.7881472261361504,-1.1775218979803177,0.3177825818170221,0.27919768223370955,-0.5672519794589866,-0.1768113861021575,-0.08015503782240345,-0.9069402970507493,-0.6935358797355969,-0.6178114015948936,-2.4759199177372473,-0.3663321229596316,-1.0928916232588106,-1.3166535570360498,-0.9804319103805716,-0.5957613337481485,-0.6366984392226598,1.1443650001820096,-0.5222818018936186,-0.29681938962247584,0.8156159701722075,0.1464185782015083,0.5745661437020353,0.22459638217445363,-0.3079440713532976,-0.43514586399714356,-1.9823611209782928,-0.87706965444297,0.7718513508319097,1.0039507147749216,-0.32979283257676395,-0.012042306379423998,0.19566700549752383,1.1838095792527028,0.47924528679969275,1.1285647888949153,2.213800645221235,0.7112098578780465,1.6768488410606481,0.6085027951900395,-0.4160627177963854,-0.35570665575742966,0.7715030536965025,-2.296105216831765,-0.7422793416361653,-1.9557787580250783,-0.8543273401548571,-1.255798962262539,-1.2450499328174012,-1.3270235539000808,-1.76430044850711,0.45647659117544764,0.9399009778016111,-1.102723958546468,-0.4729460684416052,-0.9702853695150478,-0.867073700228632,-1.7120688482663404,-1.5142453426712448,-1.3374678537769848,-1.3911322126029269,-1.2778212178746713,-1.8532621885888885,-1.482868951426307,-0.7021189725485133,-1.1520592037325987,-0.5195604272873969,-1.5116366720044867,-0.2423462013535577,-0.4768093343014092,-0.27300855479253056,1.2989076009608367,-0.763269016579367,-1.1706497165153937,0.4561920192381676,1.0307349317560377,-2.0403549824438354,-1.5614953415717066,-0.23684333970148153,1.2742470983133423,0.529495032889175,-0.4477755610500255,0.22837275746315294,-0.42288257286400405,0.020293803580436465,-0.867155609251282,0.19147394079894184,-0.7320185737770428,1.9213120661522176,0.3682660818425165,0.5685372956631992,0.0262124173239944,0.5053488386603802
-1.8412635548144805,-1.514376204335154,-1.5038667989845524,-0.6640078728514656,-1.3656876531902815,-1.7125365495361249,-1.3359949460830192,-1.785141916789589,-1.242817906886672,0.868246322198506,-0.38240730921882415,-0.7383226367832478,-0.07674544174626989,-1.2092357801225782,-0.21290994820276626,-1.933765357566498,0.0918336314615973,-2.2259341939684267,-0.7538989151006072,-1.4234518073113949,-1.750793150033976,-0.13789264101558835,-1.10980365530808,-0.030424806372252935,-0.04229563773667587,1.3878317174436456,1.0515246174049737,1.5002369394744248,0.6918626433344562,0.5594660294780408,0.13900771272337853,-2.06395979779152,-1.5039387481021524,-2.3896417965058063,-0.955991931713153,-0.3825153920024921,1.4885153108568172,-0.913331278239273,-0.4363529223377446,-0.21457288763241936,1.0336161531256458,2.379977336858413,1.5208903619719218,2.450298050738894,1.7966357941229687,2.378504440793175,0.5769709542474427,-0.15571353893638418,-1.2196666360614965,0.4625973000413946,-2.235994640837439,-1.1205171842170472,-1.6473153018209736,-0.3750438183402564,-1.7924183422575406,-2.01358975585927,-0.7933273844847369,-1.4280051759271903,1.582043456124455,1.064909907187404,0.33502227314967886,-1.0326261742123737,-0.7312205277328649,-0.9250892831052597,-1.09968983967923,-1.4713971665761731,-1.1433853583120857,-1.054717477955039,-1.3090567200160095,-2.2319991959956624,-1.8277909411876483,-1.1769099475372056,-2.4150089940088737,-1.0039761841405004,-1.1132549151415305,1.3715348707496828,-0.3287411252900952,-1.0272129366418423,-0.174410773816905,-2.046808758310074,0.004147513940862501,0.37349240269022765,0.3272337036183616,-0.6564836573056152,-0.7610132428774992,-0.6391710873599358,0.6140639701457739,0.6304519139093315,-0.8092108535393825,0.9894434981840384,-0.21925402413017026,-1.0469799943251838,0.5194952404413523,0.6183443621929039,0.5657315372261119,1.7061216949731532,0.8505834215021739,-0.48013810639325,-1.3861629454249043,0.30116024836836486
-0.03637649787091628,-0.8657151838794117,-0.05248952609423908,-0.3188865297068704,-1.1923021180463467,-0.4977327277884845,-0.19588071662325207,-0.7495069968329983,0.11007375099582457,0.7272688162591087,-0.9281280709622888,-0.8346880199788265,0.4192640467295884,-1.3584250816398502,0.6908568936143066,-1.6807911925824126,0.5808153956866295,-0.39557048434347536,-1.3004619564116375,0.07198022843490141,-0.7389612450453705,1.5515589389048539,-0.9255851528784634,0.7849827062806266,-1.6314831446211175,0.9358902770730673,1.9411218182218961,0.8112681604229215,0.8277198476263792,0.2773706479944147,-1.2185643552883088,-2.331196382396907,-0.35204059894361667,-0.6694042550362842,1.0764464250067276,0.3437411589473326,1.418756763777944,-0.4758931802530843,-0.12998338234069634,-0.31536879680710905,1.2645203520837862,0.9177107911954041,1.0048407993916335,2.2876276221580465,2.672203738145186,1.9166981594470514,0.677237671489369,1.3173171113118243,0.24069945291298153,0.6065973274956552,0.04061768881079603,-0.47567021346160804,-0.09627081183107522,-0.6098695919436562,0.0017314391722843053,0.476170881004668,0.05881252364432426,-0.4053704576394029,0.06810173322270956,0.18318786947999952,1.9164972896361665,-0.39454990597048856,0.5599026182287119,-0.5869534578410629,-0.41210167234620204,-0.1788105210415124,0.227822968339443,-0.6856121980853791,-1.1615445421614312,-1.0418289420662168,-0.8682015598692998,-0.8502321582134598,-2.28282064218481,-0.10085831472585054,0.4631138479935074,0.7462517131742386,0.2546700159047633,-0.6217587343050424,-1.7192335902126248,-1.623377343875263,0.9978259185548402,0.5371421637974635,0.042283501181640266,1.6001839448189477,0.6153955394152033,0.06549782614412271,-0.29681753358849466,1.090669767929144,0.23619781957810876,1.3733030035145055,0.37893859582399664,-1.7259834108864578,2.2641874106396815,0.08843036029431448,0.3083538268968497,1.9055896287363785,1.5123382280511948,0.28662071344096723,-0.1021529673945058,1.120933104249705
-0.760491057491213,-0.19143660905198392,-0.1034207518738379,-1.2509027326829665,-2.3914672013552125,-0.7090654309417259,-0.7606500142728918,-0.5883373097519263,-0.3071067633106494,-0.008315848742241682,-0.7178451741334538,-0.5740790886660129,0.042177737164431996,-1.2534220641260692,-0.13191047032939535,-0.8163810021232129,0.2385017149873966,0.12748412432802583,-1.9377725189366715,0.6226002711077442,-0.14598678533199821,0.7856039550038424,-1.2768759829024752,1.1265600944551557,-1.475361130301434,-0.049990165937886764,0.44319442589499597,-0.012111566365657455,-0.515025125907177,-0.9130621511820993,-1.2350032365903427,-1.634146746818335,1.1678358287686057,-0.049610834647036785,0.6388325157842386,0.6254139432597402,0.12859530720895992,-0.5492810282384162,-0.8990530386089568,-1.2383271380060445,-0.07328929771060831,-1.3278856544790658,-0.9176774947587636,0.5918765233870823,1.7722832891431148,-0.6420004222374308,-0.8667531094654911,1.0416371711309398,0.8896091536483905,-0.23546934785456708,0.8705263043292759,-0.6051136473588049,-0.4819011683959685,-1.8081049065020143,-0.9696864685446452,1.2016578660186898,-0.5423058318485824,-0.9343204273830362,-1.2245350692159414,-0.5607135677427129,0.6139742767984017,-0.20935479282053357,0.22947197305171002,-0.5727455599937255,-0.5653981657986286,0.16809321957277917,-0.7200176972196268,-1.2436810501014517,-0.4893766880166969,-0.5190491855917194,-0.398035274521764,-0.5646166933597754,-1.4916942779912163,-0.21282487682065315,1.137845220176668,-0.03249519586880827,-0.26773176458928083,-0.045082910010659595,-0.7633077350889297,-0.8018734179756026,1.5768549966068246,-0.10414310227722201,-0.683260288325965,2.0217522517827224,1.0372964614782318,-0.3729812063047533,-1.0806699356954286,1.1887375808119987,-0.12499050653441923,-0.0727180180767741,-0.8762306592581627,0.11748951276870438,1.1401390260913589,-0.8764710946300277,-1.2695282738476894,1.303381109495539,0.47326370361545794,0.2930070440590555,0.8809264462757836,0.6243907239153186
-1.7667275205163242,0.2404109302723801,-0.5961415031880404,-1.6021297340705003,-2.8147680838388935,-1.1499682305642573,-0.9242299671149672,-0.47628980287526695,-1.072988788505635,0.090342346726623,0.26165844746693157,0.4857927788046252,-0.8173735456545488,-1.0896904412911925,-0.9745285604536278,0.032221531712517404,0.16815604203777054,-0.19985474579362256,-1.5822700897986697,-0.7078510155991123,0.0840592726948137,-1.147504509709002,-1.260895747956049,1.33340470943881,-0.4221883065784112,1.5636430845810714,-1.2200178967242996,-0.29811261255650007,-1.1067707418516268,-0.6770925205434724,-0.4652709220208177,-1.4090391718326356,0.07604754652573778,-0.9239413951944262,-2.0761444135134344,-1.0728004140817562,-0.8171762075107989,-1.7374062747371413,-2.64097661530641,-1.8921707146987272,-2.435630200393861,-1.9967219587545058,-3.1025250827565762,-1.6997051152139984,0.006782789866324224,-2.833630450668353,-2.919887521508879,-0.8407613081975229,-0.6460064617230532,-1.667465976224317,0.4303319324323654,-0.4397731713973824,-0.6368474048346948,-2.259605925411178,-2.375157236811968,-0.06326778887487813,-0.6944550385214664,-0.9329880597010622,-0.015596922593460742,-0.7184493401336145,-1.1410754025390715,-0.845383677901967,-0.6748872927403198,-0.4860409526176664,-0.49597225781464666,-0.08036486492124048,-1.7086747477845718,-1.8317671550898527,0.6910230138729093,-0.3920461939058245,-0.30690304346823105,-0.021451297349833816,-0.03868321502987449,-0.2571371127580281,0.8529431989664765,1.628354323901276,-0.694651217601843,0.35248762282945767,-0.9300424730484127,-0.5010194686779595,2.1296016865751874,-0.9723556417263731,-1.6460621929426265,0.9965939690121509,0.7448636221344284,-1.523306488762282,-0.9164986293531449,0.6169695959352566,-1.3428640328042174,-1.4090648952879203,-1.4331034278114323,1.1964928455851525,-0.33704144403125363,-1.5976052732859602,-1.4149906763735225,-0.4268703305308215,-1.5212506376141186,-1.3727475539701683,-0.5553492532086188,-1.1815495089168637
0.3935618131750531,0.7055152707211837,0.7196842461582732,-1.0914303241908343,-0.6223279359481253,0.8230966669192746,1.1449803526382898,0.8051155920509914,0.5548005542532252,1.034031699793043,0.8796032723750214,1.147678560631138,-0.981016977410414,-0.5586719851783527,0.21055447061353622,1.2130948086925477,0.11637527976883527,0.7612069381519323,-0.6828915771431832,-0.9984702925488358,0.6974250005233771,-0.9198821092816775,-0.3935736400912202,1.1772100785715127,-0.09004014963923876,2.8044082353462496,-0.7334793558762609,-0.3180489109190801,0.4918615708801024,0.5001823012867315,-0.2848092756626605,-0.708059261771724,-0.8596523334585696,-0.613247762206571,-1.7401555840771505,-1.1224745779518588,-0.053348706565609916,-2.0074330344255022,-2.9720860555050996,-0.749545682907455,-2.267485644886597,-1.2670760649612636,-2.8726026191617597,-2.053871809675417,-0.5166838436752845,-2.047789024761563,-2.596856287679686,-1.2764104423992915,-0.7737113896461778,-1.431467753553644,0.9255346563665238,0.7648612188963477,1.07588011448257,-1.6763677712239424,-0.05139734679956849,0.5171542612196779,0.6423071950722445,0.6858103256486582,1.4066254779960405,-0.4248591148029013,-0.10660504538931619,-1.2892935722362813,0.10469547942138932,-0.07516554777607541,0.2711557816255624,0.4630796916056189,0.28436945014557663,-1.4684285485011361,1.0707862641009867,0.2587589396974775,0.3260208049134411,1.0082461358443682,0.889699801592718,0.936436142581897,1.3266395801981306,3.3397514377513198,0.4669124766348908,0.5833331452026926,-2.298133549551774,0.22490743118424636,2.2801512882192343,-0.5318741774669079,-1.585802982963794,0.2741542401654919,0.07060799255570227,-0.9752821175889075,0.13692241341730324,0.16932453843888706,-0.6427555155565833,-0.14013772196545662,0.6002563619876263,-0.34901572764106653,0.11294402222363784,-0.4558379712268101,0.3060165293137314,-1.2204897337559508,-1.7481490116709049,-1.8419033670014744,-0.9055050144213218,-1.3395488415650587
1.6053248613403637,0.08633744757225534,1.2292133863919317,-1.1003580361356928,0.315040265552002,1.2956938455319693,1.752965191317836,0.9103812061544374,1.0532515452486102,0.7809497150086758,0.36582897395675956,0.19266912594467953,-0.6847890884595542,-0.46649604082676643,0.8772301994701179,1.1037843465511703,-0.5607943824673018,1.224138916139675,-0.6021037128172542,-0.4754753312340744,0.36329756954496906,0.15891351363028744,-0.6098897818123707,0.17818445024257396,-0.03105790022769498,0.6396487202264344,-0.013720533399687453,-0.22266220678535267,1.1021376376270324,-0.36513678456545196,-0.2803501459167647,0.19912757744970233,0.3542243831415096,0.19440692464044937,0.9283406771166887,0.7579290681689966,0.8327849683154072,-1.1586703058344088,-1.880971146612027,0.06512626152061018,-0.024044983329771234,0.03994961735936975,-0.4546964227059763,-1.0511962026971184,0.17208804256367435,0.03208259900423338,-0.5555179600177017,-0.5908151459481211,0.535047264141074,-0.06826749365331018,0.44538349310574565,0.34212480660006805,1.2728292338557732,-0.8648606555057735,0.959988321311625,1.0743659217271193,0.8128047438719975,0.25157185431938145,1.1569481318325496,0.37428472601951973,1.0320202957775357,-1.146162876746517,0.7263073181395122,-0.5362543351806922,0.06459958348182084,0.09111546354104005,1.6174512968202706,-0.8207662162394118,-0.1610008767953374,0.1360726865483125,0.4068994095312034,0.9572635556154845,-0.6525369255066676,0.6226925742661766,1.639390373087592,2.3282344277711196,0.9818158999478294,-0.13478154961736055,-1.2922771643382682,0.38068354942829413,0.8211470301169792,0.1966771235667547,-0.7477276236572384,0.17805059883086072,-1.1192606614488299,0.16475675172148388,0.718494778693753,-0.2659617275812471,0.23405744431225675,1.0611020319002689,1.442092070866692,-1.3726738763151618,-0.5260053852044894,1.5688914874947109,1.5137806833668317,-0.5069932144435673,-0.35526498670400836,-1.1198488614938746,0.560962666733924,0.07112579709389856
-0.19403728740050716,-0.33179626324415257,0.2613032141418839,-0.18654012338693013,-0.5610743823553035,-1.4891837462427606,-0.08635823191805789,-0.11403034615393354,-1.2202394691828347,-0.6697896030427333,-0.7859349891030527,-1.1765837551594702,-0.04270900909779704,-0.4075064194820215,0.003851466631819625,0.0016910576456204312,-0.7400965112637172,0.22951660785056516,-0.42458536792369395,-0.8621837069633783,-0.6466805837968007,0.0716769483433621,-1.0916972946820864,-0.7552155866135708,0.08874780982567756,-1.8541155698521816,-0.2708595019008077,0.48650798097929693,-0.36466796674328694,-1.2731343283047452,-0.5043715000165461,0.11926351676080833,1.0394664843105343,-0.41784229330620654,1.0901060499188746,0.10491656496641477,-0.24266882900671638,-0.595542386400949,-0.4827402352158219,-0.5483880957230717,0.3231603550105572,0.35465134968756334,1.1744385941481201,-1.1466063442452799,0.6363567665344398,0.6158321642583636,0.3425723874048916,-0.7874686617011188,-0.06514180182819207,-0.2454629716277785,-1.4276110326378821,-0.9453136232156137,0.06168656688363423,0.5440232927230085,-1.524835677752286,-0.1598424868072777,0.09806000427588929,-1.5135318418104928,0.08648924757085127,0.417539972006892,-0.10283611198234055,-0.10397039777982552,0.49891999915808716,-1.1182316893120132,-0.5919742204627797,-1.0909334025581752,0.1160749572416959,-0.08824595000247971,-1.1260771332783632,-0.6613879589212599,0.014910773545178049,-0.5508036790120482,-2.2167559331367603,-0.6372951271502033,0.488343445368969,-0.05409565843216967,0.09788618393619009,-0.5852602644129928,-0.10606614752375963,-0.8340248842410892,-1.6860396917707252,-0.986529330041151,-0.5656331653791609,0.7195241628579424,-1.3680790632149886,-0.34023667570775645,-0.19915240545327573,-1.0192059924899821,-0.9199752735472244,-0.9220456577333407,-0.4800912124397562,-0.7945672357829507,-1.6245923140068805,0.8973139230118162,1.7411859893949297,-0.592599368344755,0.12507022690225322,-1.968033396708717,0.787659734875813,0.0520401065630619
-1.1587867124672104,1.5683819973123843,0.57411998340849,2.275451175368308,1.1323837518894715,-1.975624764327183,0.12679025082011613,1.1789175643157548,-1.3590418279787566,-1.5852834549212738,-1.7831031257185501,-1.3991278689510944,1.3212003211485543,1.2051624386335749,0.6389150470936692,0.7762145731870524,0.6310094134529417,0.6642494758715891,1.1656279065042492,-0.38332045456740965,0.18330280598271703,0.18627305338608408,0.5179170141491385,-0.5458432417258045,-0.5747231335011603,-1.7388176875339514,-0.23521699476682378,1.7319964079394181,-0.3976492200283377,0.41132953913268056,-0.7867941429525003,0.08932277407511846,0.5394333685949663,-0.47500822167401296,-0.48878216851434536,-2.456327253708743,-2.357925231762703,0.25806033829960656,1.4344420741600683,0.0103045769398689,-1.1987696623456863,-0.7348019105244377,1.2203738924378575,-1.7197431763184958,-0.07463537770457022,-0.10339464605985389,-0.13931710367055902,-0.8196815113813083,-1.5799872949600635,-1.6208655117588606,-1.2916048752820197,0.7611530047533979,1.0070831689228195,2.2322345045780216,-1.1254190573196832,-0.49225422019476395,1.149770742647436,0.2534428387238554,-1.3390068944456188,-0.9734777039389284,-0.4718350651382648,1.5853068353347388,1.8023694191871307,0.571293804277777,0.663044992558779,0.18899156312835091,-0.6620677867026894,1.34345480913189,-0.09873139188131465,-0.3634194015043527,0.8404527458495481,-1.0606922677297381,-0.3928749200956893,0.501561681138097,-0.0029388204739706717,-1.8269033896861884,0.5046477156956499,0.8833213689394261,-0.8491675446050693,-1.2601450216470456,-2.1571323605084185,-3.01395980040646,-0.8871110409431935,1.1036220769894338,-0.13218931910881987,-1.0953453964445625,-1.6970832538457523,-1.0232720883869253,-1.7287489965996532,-2.9847494903408225,-1.4114982767521396,-0.6557487595082014,0.31280812909202715,-1.354350651646927,2.101404793381397,-1.9349933842907012,-0.8221657903928091,-3.2019523012560875,-0.23404009047303884,-1.4406684144599033
-0.533768915427953,3.20606469475019,1.1113739285910147,2.955091379525052,3.530713918507203,0.5616111321468996,2.361140239244873,3.3994422365555,1.288108944025679,-1.8848541403703145,-1.9684552531288937,-0.8536958707926332,2.5437095829993632,3.2615958249563834,2.470290889786468,2.1546835579604515,2.3911850902127956,2.3228400874844675,2.7487476123572328,1.3045035951572277,2.2884864749658913,0.8244006794116523,2.1000974432440094,-0.01182452971935342,-1.5148201916677144,-0.9444439237979461,-0.447972929421221,1.3346490145107612,0.7288252401606234,1.2309598549373437,0.8282094751655311,0.9892673097560534,0.8524407066791432,1.211917947038432,-0.8566434560789723,-2.457036884621173,-3.141736841071881,2.2841802600296144,3.340107533442091,2.164742502067377,-1.2168594104855857,-0.42459690552122376,1.6571589309278225,-1.2546187362712093,-1.7083293465719664,-0.7338019689266413,-0.16433517274320514,0.13894734383226068,-1.4817267862675159,-1.6878905814851035,0.7202976976930584,3.4972798360854043,2.023726459390352,2.4785479543191657,1.7812288606814508,-0.15282256128530075,2.406066945049696,3.3824941657152534,-2.443349002476445,-1.28755391820501,1.2481737198208405,2.4673939511541025,3.059433123646497,3.3198541451037173,2.844379584597922,3.0331816405719705,0.23419687373434325,2.6917106601943295,1.5318625795808705,0.45766970753468844,2.103199345837196,0.3482979821672793,2.411309723904577,1.8499043152811891,1.0337196784660765,-2.549200252669753,1.1708816202999939,1.9020082630144857,0.33832374221174205,-0.22091113977873336,0.07120587887654976,-3.060424590342144,-0.5258420481009769,-0.02344511924471415,-0.040736523197136595,-0.6050704701422552,-2.1850867192640964,-0.6099748409673659,-1.152288312017778,-1.9486902419654362,-0.40433815153811115,0.06909094638907477,1.759035456935272,-0.4912111406537717,2.195240416938941,-2.4642967933790914,-1.7301997590762646,-2.2242849127595066,-1.1566959707077087,-2.008554175048768
0.3754300689825771,2.478648869417661,0.5753851309615674,1.466523987596509,2.1972450616470516,1.0311963776210347,2.756661348477212,3.02712962113505,2.4290488645697823,-1.6654399814036371,-0.8616042590968664,-0.2098847378019885,2.6131836050434156,3.5600490039976846,2.4996678357694515,1.7213677940465228,2.727574924768902,2.37047980301605,3.1127050020189233,1.877317782140975,3.0495645596288874,0.5787254679159538,1.573641291103378,-0.2877286334040296,-1.3109854104666796,-1.231853137692665,-1.219599188857821,-1.5818299520682706,-0.1442195002999895,-0.6498054974120097,3.474935918968295,1.79985330144806,1.5064858907356322,2.171147349158084,-0.4957384589788647,-0.41669594761787215,-2.294199083632044,3.9464750478568797,4.095260995846928,3.490558806591324,0.418287478849683,1.9060222768055544,2.780759694448679,-0.9678571822962448,-2.4045640972402356,-0.9416744367171525,0.5313421443325648,0.2831295038739017,-0.6606563855300833,-0.5038320413881565,1.1866090784702623,3.2115179730075702,0.4173075733082208,1.5862206186349892,1.2893867943371125,-0.5787250946880175,2.0147805779555332,3.014817381987566,-1.8322506027755925,0.40466487679364194,2.093382502101387,2.488835636616288,1.3014253160768396,3.8997367450652387,3.516769906905398,3.5342599534547254,0.7108948258373439,3.1356299331591435,2.0374746755332427,0.8477665531960149,2.3034201586293435,1.4016031126103239,2.769626789927897,0.6824763573009075,0.9845433445986512,-1.9674319804327083,-0.7811744689708351,0.4083740799281639,3.004445162326488,0.19581261840174616,1.0376832876680606,-1.345141435645592,0.17347968138733585,-1.1654476974106032,-1.4743646971316817,-0.3114281038390855,-1.9047942450211732,-1.6784485404128058,-1.1596973033226505,-0.46389508226742915,-0.0374106693811233,2.693773670901317,-0.2855360809373598,2.0956441191788135,1.4697844935669577,-2.0648573602414575,-1.856340058752095,-0.7180688364833994,-1.925226335073526,-1.4985857817709431
1.791413814894723,2.252876914182652,1.7178856655362866,1.190371526980141,0.4060613063948165,0.494381468604557,2.3068925618605007,2.294126692811383,2.6111339992011233,-0.43890962104216774,0.6160762700041816,0.7698791072466369,1.884231807361028,2.5473814082451036,1.5244277358814606,1.9228895864914721,1.668951884102161,1.975037422031383,3.10084656162341,1.8850151732314622,2.536210993819842,0.13346017131649304,1.4524521273680344,-0.39527638687143574,-0.4661869059779805,-1.1029486729890534,-0.5057546149952566,-3.4475175331430163,-1.0290608142157622,-1.1654428384371578,3.1861240752024007,2.0214942860195606,1.0321474072508547,1.6587791212964436,-0.08999700788471887,0.5976200658562305,-1.5232527801365927,3.490389833076872,3.629095160797469,3.3814582263860866,0.8829375613396644,2.449642020185406,2.5892703786866416,-1.6207116984261483,-1.3726126707782647,-0.9538320628404112,0.4680840214960295,-0.5101461399501397,-0.14976438802932668,-0.14920053869631983,0.1291093855663688,2.0524907937709447,-0.12372834648326059,1.206667799043914,0.018919067476160893,0.4367700273524159,2.235163587735289,1.9122122545327924,-0.59303034795365,1.0715694391942576,1.354824348931745,2.7278583143119386,-0.6761847952737373,2.6835953350941075,3.14443615319975,2.1960649732421818,1.143501725942594,3.261962086890011,1.7506118542545652,1.7950634652431323,2.322576933872759,0.9335930719377885,2.056116145463368,-0.10236773395486089,-0.20792929914959615,-0.6834602987594118,-2.3750135856352066,-0.7097054473569249,2.269542941217373,-0.010143561187995049,-0.8918522677759269,-0.25198831135145244,0.11897443872714725,-0.375350160661145,-1.1190150846606675,-0.8788015158197763,-2.1260365970221144,-2.9738745924218404,-1.0652326641855276,-0.5155195676408281,-0.3516305850997116,3.6697165270740832,-0.6529798344472711,1.5668408689772058,0.666510309486448,-2.172732304503869,-1.444993843615417,-0.6172047272839685,-1.496444797216045,-1.2839896732487681
1.976598692561369,3.1703841968648363,3.873010301594101,1.7334454314308962,1.4154188765615334,2.6448740971219493,2.9652828511251053,3.258698014767871,3.8645496416928005,0.4522454155780738,0.7411685979658091,1.6418335658965388,0.9808943761949552,1.359385620606941,1.2719563015639366,3.447966837596265,0.5757907047616563,2.6618433209450343,2.4354841597337633,2.2666774814681134,1.7887873725067078,0.5619060787218165,2.4451470656280008,0.5945921821822295,-0.418378904032994,0.2552627678394153,0.9799779107204568,-2.016345816646312,0.07534422313417094,0.4884323731767422,0.4683843263418627,2.0210526821451404,0.15458487696045747,1.1232470042448737,0.4871853836577171,0.5827178166951997,-1.7412196501895971,1.8443409236635375,2.1160156609651968,2.5059396399629605,-0.3477890965921076,0.4826351273985236,1.113498994944466,-1.7068995034177816,-0.8631739778932537,-1.0564607784544862,-0.5380506812221626,-0.2978880992812429,0.42057063912923154,-0.8876790393994909,0.29786544294672596,2.4769857406092415,1.7648702962753253,0.7378999192323256,2.075953810230571,2.5284643672765053,3.3716883056695823,3.203304886614042,-0.6550677479947097,-0.08807706759916673,0.8000780966509548,2.326533989715021,-0.1575081575400732,1.698848363995638,2.6590196729676934,1.560220822252637,1.7568585487601078,2.82724657724114,1.1641904914720207,2.6097910648596243,2.3262782429276223,0.2833140283041086,1.9810935097647353,0.8243617648278794,0.027475672972295532,0.02659211596875882,-0.8120930196851345,0.3134780582088351,0.15728811592866346,0.7818693190702595,-1.6864479618768786,-0.3269783903223166,-0.48447646215351237,0.3505727314628812,0.8709918605346446,-0.9910590277856423,-2.5452786574291406,-2.002773189455831,0.16675910662633273,-0.06089391382098265,-0.19715375502576876,1.1408060245036493,1.9662218125149096,-0.6297987754618194,0.4373864022942923,-2.395867821992717,-0.9689532364581798,-0.4889592255594844,0.08509271709622877,-1.3709600521751177
0.5632769478741572,2.4710709820765757,3.06089401373729,0.9927090833442715,1.950597136286278,4.463915918327217,2.8137241227244476,2.905082146875143,3.7592430942994093,-0.1691500754812361,0.058516524793141844,1.4013130350561982,0.37792992268993353,0.2788538587055385,1.0155466534733315,2.842729893149962,0.21787403645329573,2.4368643550712283,0.5602742286704475,1.6103038378687453,0.8780075389980404,0.9138798299244626,1.9257551375194804,1.216604510662013,-0.9402987977763693,1.250273943766875,0.7167153396720882,-0.28209994738230015,0.14917111200771224,0.6284604420577711,-0.6439688827332101,1.5592233502764905,-0.08637367418162369,0.588724322731397,0.5317688816348637,0.3698792308885056,-1.929224652480856,1.0044327615982815,0.4564695536891564,1.2523142666195937,-1.0643094654437526,-0.566278406468276,0.5023811978850159,-0.7516875447906183,-1.699239241026491,-1.3275070242515155,-0.8493182374951755,0.474216493194912,0.6549935153111333,-1.1017875084662585,1.9686205665916718,2.3511740628314284,2.14253898851728,-0.3558505625162711,3.7406557706819585,2.3009457406769402,2.6325080962267906,3.541697929586857,-0.8865758292385236,-0.80565749736622,0.6124463308226007,0.7807969287223112,0.4229079757420426,0.9310147051177364,1.6792024996920158,1.3669220973738476,1.2361280208556402,1.390428372943549,0.47307981667382965,1.497322104591316,1.2620018365845516,0.3272645285014221,1.710057294856635,0.9926620088625321,1.1852041677924707,-0.036890638832282975,0.29620312418712136,0.9809036780428099,0.5113236312463241,1.528004094736653,0.4603893575672279,-0.481495314607478,-0.6248045606410357,-0.3149753305201137,1.1807624211227146,-0.432285189497092,-2.11360983708031,-0.27259588404468077,0.4835758070352362,1.0416480339548913,0.09523595597665922,-0.7889302262869704,2.059164446724731,-0.7730003019342534,0.6774406128898541,-1.6903724007246927,-0.7182693497606432,0.22267757812735892,0.38155186084191417,-1.139919435996225
0.9958270337068544,0.985467586459662,0.8393672046793886,0.388262104460176,0.9397968083626119,2.954053178657203,1.5532074396030133,0.8968706119238788,1.7131725755805283,-0.36651858379639224,0.7492491739833604,0.9576000524930699,0.5160606253422264,0.20871512435063003,0.7766460909414248,1.0260891976567321,0.4962948051802368,1.2640433170359748,-0.4478006832599254,0.7086399981858554,0.5912638086509411,0.44282480322732465,0.5150364567768213,0.9561052514873022,-0.555358670561956,1.2626869662938895,0.10095308353211682,-0.09540923851356509,-0.8813578840792831,-0.25317259356695937,-0.02454917310556163,0.7089813306615496,0.035299493392059685,0.023493549585399738,0.09839198569530926,-0.1344824921340893,-1.186324715659329,0.930369565318606,0.2581771208229848,0.5762163427208675,-0.5776190001626295,-0.08678891278467304,0.7585611880791867,-0.09608081303913338,-1.6221416791778287,-1.3779267642872188,-0.2284034662103313,0.021594016102165502,0.13884874907693484,-0.47678146675475935,2.8798458764260833,1.2962827116916618,1.1080329896328986,-0.4094891734055854,2.820166930780854,0.969026461293292,0.8378199401681871,1.6836403264528892,0.4930879328003826,-0.48752213978167525,0.6814076258637494,0.07876785557758736,0.19541253154949945,0.3153391317331151,0.9218118406044613,1.1286722184321303,0.30992354792146126,0.4516827046066515,0.652935853197342,0.15254445201741335,0.42145455730100473,0.5585069459681444,1.3051236500135048,0.43212839660362146,1.3403234296221098,-0.18256817705030173,-0.4721837243520259,0.8052438421463538,0.8019721615563524,1.0175712654249887,1.889436796630481,-0.430226889719924,-0.10336916407835955,-0.1817707227614047,0.4179026863749893,-0.3345477269575711,-1.1956865027123522,0.25401703587127056,-0.40044033882445196,0.6944209421867062,0.700000142711361,0.22761048615482632,-0.09698817662271779,-0.036144714644115596,0.7784943613364395,-0.7496558872994179,-0.537565524559388,0.12173363979520195,-0.6789266565612317,-0.8451760043058413
2.439435320632468,0.5685610638766283,0.5341774678041915,0.4357622793868824,0.7689573163191754,1.0537444275390584,0.8553677524088201,0.31993100435792293,0.5418305953087285,1.456443043836967,2.4749219546618164,2.0050947147826244,0.5895629730342116,0.9473158952714312,0.8306634825586859,1.1842174229000004,0.8515668993175587,1.2112057974902073,0.471712099795194,0.8856799932670584,1.0327731947814085,-0.6148905185613215,0.4627063311797262,1.6517079052886854,1.278455969780697,1.377507424668773,0.6864636963190153,0.21127041502144303,0.20264891167110302,0.7766454858250735,0.47623771902866435,0.6717099636604843,0.015885771262128978,-0.15252013134633152,-0.40290360077964305,-0.6683614819189525,-0.43976531407300873,0.36551575579960177,0.6088012236807274,0.44893233248142367,-0.6879595328780307,0.3443434670503022,0.18704490654663194,-0.6314591781636336,-0.5784067825643155,-1.140921871635314,-0.46241315115019876,-0.8497955068330434,-0.6046107888604253,-0.6129965268933454,1.9862870170430547,0.9790583719164286,1.327999484708956,0.4838278697612278,1.909520897544009,1.0634505462045079,0.6639889642837739,0.9115190806247452,2.7939279700312074,0.5355088246997256,1.221943980569591,0.4955033916004509,0.9401789857311711,0.3396564953564426,0.9954877654274471,1.1693297924773518,-0.1409864016205208,0.6100179855522915,1.5823431814286462,0.5079937910023552,1.0345714004701636,0.24689789956919173,1.3756083886588815,0.36177867896581817,1.0556886710959805,0.5288028705669114,0.4555188689700939,1.4753557493643834,-0.2379611975482355,1.1994421476626795,1.025333116956922,-0.6002814974296535,-0.09741480983817088,0.5446799213743438,1.054486836649601,-0.9760759243912589,-0.5863610402325391,0.627937354604643,-0.5897812277267459,-0.6487973012712017,1.3193027956797119,1.89479874920842,-0.36791137893890247,-0.0648533738891859,0.2445593516870326,-0.9285895344732732,-0.4668146362645638,-0.5060027453965074,-0.9193149772039224,-1.0433276051712987
0.9524816175348133,-0.6365071015909545,0.044312335252649215,-0.5500839385949925,0.4277026727490521,0.4613331013227478,-0.2877137413118032,0.18219209191685506,-0.17687171684503739,3.1896064301640115,2.7561761121719353,3.118748485718685,-0.6420538076727924,0.2940300760805772,-0.2300997191312149,1.0642135459839233,0.48407687251003856,1.0263358704660157,0.8397178391991599,0.12564814964913082,0.4165590193003905,-2.151509915337703,0.265799659372046,2.7129729208792495,2.884373102843763,1.4850471679076194,0.58335688419868,0.5531037010415324,1.884201305314726,1.8521037818426844,1.1514963817429784,1.556198363736712,-0.25284374602838244,-0.9366390316999148,-1.5737105249624699,-1.034226905198952,-0.4935137028059112,-0.575694650417186,-0.7543459499295295,-0.5293362033588735,-1.7959392791019033,0.7691112482099216,-1.1303204150879624,-1.4423488123538264,-0.45742982234181484,-0.9531438953240003,-1.6898216564953696,-0.584974855921118,-0.955124673105273,-1.608619495756676,0.5416241924961308,0.12876869183921288,1.217607946692828,0.4656950148114959,0.8005273966789133,0.6260239732165804,0.6698152151013105,0.9846575618905459,4.013614901005569,1.820037412650241,1.103222578249859,-0.10665060846259873,1.3078047035328093,0.07177083167074742,0.5587312881179105,0.5697620114333279,-0.9537470537647316,0.33363775684906033,1.4698953737198284,0.39132825212810296,1.0706341549101184,-0.8980754169996782,0.6971043786051834,-0.10775851691561208,1.1258183993938737,1.9954993954360847,2.7485067568260004,1.5368483714385084,-0.07468591257369846,2.5186994513890237,0.28881384545628375,-0.7405061251296207,-1.2450593362283817,-0.4266476562005528,2.0313421846020545,-1.2301933269940133,0.010905862600041507,0.9462163610640552,-0.23945942219469735,-1.0129797123495783,0.419493264791544,2.5051331410004782,-0.19392476467503816,-0.08066022496162045,-0.513756225941731,-1.7899664882698656,-0.5282054848627965,-0.258013544582869,-0.20899222101347945,-1.1426235041768706
-1.16300573327654,-2.85152050341963,-2.022649589892148,-1.4731856167930615,-1.0475383507571803,-0.5194794376971666,-2.3017253374432345,-1.5967116803259926,-1.914518991672766,2.42504450331338,1.1074254039706344,1.6111361324117088,-2.4107806747707916,-1.6363325708196126,-2.058335634626557,-1.3181966114055093,-0.6887388808621481,-0.8935364799386362,-0.5144014104359352,-1.631195840186874,-1.3967717989431863,-3.110215099403528,-1.3071904200111464,1.4449109833220897,2.4123563824453536,0.5318702650159148,-0.3216801691946379,-0.00744562419569191,1.4582466988046667,0.38190616543576533,1.6719500326818644,1.8362414607002848,-0.3403612206568936,-2.20507447759339,-2.6746383494789887,-0.9639396529201677,-0.1131009046782515,-0.8567145795634724,-2.482086739011387,-1.7549536665600005,-1.6918019358827512,0.5392247112728833,-1.9414135669509276,-0.7034030602014678,-0.5020947853924227,-0.5020271493994591,-1.7473437712673217,0.1390385983639326,-0.481243009432803,-1.2342850280327529,0.1868601829805462,-1.8589487758172403,-0.26770177632306524,0.022624182852646398,-1.2180682033828791,-1.0486137510145666,-1.0927560956546534,-0.48412189211862544,2.841451783079372,1.479576766814149,-0.08623243237863713,-1.5798730804269443,-0.2836902789149296,-0.9439117118773734,-0.5337113313913714,-0.7622116589576411,-1.2338480339626428,-0.485535368159135,0.15931415967987028,-1.3696738740925964,-0.4830653474037652,-2.231031301555343,-1.019870851908535,-0.8357298479354552,0.8661994280959564,1.9668662241311636,2.886690767734948,-0.42484218954345665,0.48552755268928594,2.3033751949208705,0.16965000822277557,-0.08827924610900835,-1.6962734301411406,-1.6907192746778101,1.6735859196070486,-0.26121982359035695,1.0948415047831428,0.41526983894215114,0.48855629563462266,0.17050157550178877,-0.6820543641127695,1.7976030400201521,-1.0551210619638929,-0.31408896620427545,-1.0178563193830985,-1.2658665904970379,0.08746489094477079,0.8350069407029304,0.6824428551080903,0.14328668633322336
-0.29012046368916833,-3.013509350225018,-2.7037327383230925,-0.9196015403776795,-0.9686958827450827,-1.6257984016284335,-2.9676098710589756,-2.7889418341989782,-2.71318288557609,0.3632289349331605,-0.8034115837456637,-1.277811611819046,-2.8336381047414414,-2.2438287218617012,-2.485685048110899,-2.6730057702522774,-1.6577108571306816,-2.4588940400214927,-1.7044012780412827,-1.4883664721745027,-2.2732346202579956,-1.9265786171814405,-1.675215916674334,-1.1470137217509284,1.2016965084905393,-0.7932795677357943,-0.08385410103483931,0.15443075586004457,0.42000077758242105,-1.191176152066473,0.8297734982853602,1.3117043786639657,0.2068565833370356,-1.5906470040119014,-1.6509885881228572,0.02601236589383703,1.3252974644333384,-0.39593944607274567,-1.8905152029398151,-1.4137565286644165,0.12892081799114,-1.2058513929211556,-1.8383512377225477,1.0907035336775956,0.33189434252363814,0.29441205626005834,-0.173311863330152,0.39199616015850786,0.34589939919833285,0.5429836479414496,0.8715786380204232,-2.590996122449675,-0.8987147102257043,0.1409119003756053,-1.7653133405722514,-1.2175788947920927,-2.6813225125913522,-2.0297817962025455,0.25350462270337887,-0.7041154902902917,-1.1468306657145884,-2.075377030404643,-1.6002228494892667,-1.2671110291482155,-0.8289799063391317,-1.2240781951480757,-0.026957818867717673,-0.7530173526606455,-0.7717053235006642,-1.9894666492609707,-1.504526611166252,-2.6230697633153794,-1.6029022226599672,-0.7182107793910789,-0.21824563875439296,-0.36165108179072825,1.3032714461144506,-1.7177639869994197,-0.20211363748375588,0.7801994805934428,-0.5309925276996372,1.1891614783448468,-0.06546740920331243,-1.1334659255002317,0.9680929225740634,0.8499773985679321,2.121383926049836,0.6308264227419447,2.026374763086493,1.9591539049429647,0.4063951419618478,0.2042652953128873,-0.6038874851332205,-0.895866528108096,-1.2996381662419783,0.8500042042266993,1.1567668376947944,1.8685547221077832,1.5500963047759553,1.8977238531200837
0.5996408891355218,-1.4471876485579191,-1.8493966692664439,-0.6719597344508004,0.8114974531233347,-1.74937055755172,-2.50658069699081,-2.1080132041104163,-1.9775839296597686,-0.5079651461326303,-1.8416090016905884,-2.3748150948329343,-1.695898826090603,-1.7040102969515418,-1.9332707377787113,-1.774397316117467,-1.8369072029602551,-2.3054974302170494,-1.963746444274276,-0.31896171239417037,-1.7236198636986548,0.3336109027267266,-0.05469664064790852,-2.054707222412425,1.490258751305896,-1.0240543663510098,0.40399290189594467,1.3027297283025878,-0.37474420656956925,-0.6240721837826944,-0.46181010490460006,0.8261167583515088,0.3660594864720556,0.762134722538572,0.8588410114757182,0.9372460413504243,1.9186739581308867,0.04389989029333116,-0.4001494907926705,-0.4954118935935633,1.013100576691124,-2.000596062296027,-1.1220188551560821,1.2020475551401766,0.7185604987821038,0.29913747320607964,0.9016549361630405,0.5840869493279094,0.18296718738396145,0.9209263168088735,0.3686906892509159,-2.206297576877468,-0.9760347195157801,0.058235978879654045,-1.1566252284484135,-0.596660395732606,-2.6643365276208226,-2.036953903086362,-1.2650749005532391,-1.9332748264123965,-1.9187489726892173,-1.8053458041152413,-1.51912894115067,-0.7713221835395246,-0.7785176810861484,-0.9831557817055411,0.06321247580142204,-0.8580395481745167,-0.9979108148145495,-0.6058383498564991,-1.3421691896515604,-1.6865473905394823,-0.5683206282455946,-0.7587494672559281,-1.8411181089162352,-1.8685973057968628,-0.07837390045083945,-0.8261501657005198,-0.3261636287707165,0.17034050604352613,-0.807340355802184,1.9611827104861752,1.6053587426373224,-0.22098269723237174,0.8426031838230694,0.9185755364044689,2.066752207342718,2.1977178771337424,2.326932843687482,2.4161443796139683,1.202634979959531,-0.46067406725336496,-0.027676435981015757,-0.4670309306348583,-1.101724056189108,1.9881743889704655,0.933061888946257,2.1912639911530536,1.2601266564352742,1.611941577609747
-1.0652148580888645,-1.279983251760691,-2.112438919087693,-1.226321853709235,0.8405435614948529,-1.629307718221067,-2.84180547476857,-1.9292371914769237,-2.109425347187314,-0.408577307379791,-1.6490532600010326,-1.7557583722044567,-0.4304207573285144,-2.0107787007462425,-1.969619386522149,-1.5116595985130035,-1.809192065647771,-2.1432195332387627,-2.0753089318622773,-0.8656475329540976,-1.363946830757757,1.0468651338194415,0.4331463257638049,-1.6524643165392081,1.6787606872616263,-0.5213866319998436,-0.403328203157949,0.9262730304985496,-1.8528057081116869,-0.07444744739807332,-0.8951776174478936,-0.18186616520632917,-0.9607178868996794,1.8231046012607794,1.899755020984702,0.605713237452754,1.0007486831057273,0.0883603196709479,-0.4564540912515781,-0.7906348068951988,0.14441146438680091,-0.14081882110481356,-0.4445500716781227,-0.21862683492639723,0.3335215836398035,-0.532123008783828,0.5812486551769624,0.6879346063705597,-0.6925344269720256,-0.07530895285456635,-2.0056930069748273,-2.762911988437771,-2.220095806284684,-0.2056624520261912,-1.8999062650342784,-1.85472843552089,-2.6378720152008674,-2.1441386308638783,-1.2752780613339587,-0.7996322065028764,-2.4659064266235298,-1.728587548172486,-1.9011353120310193,-1.0938232494204336,-1.4409016346334378,-1.4186036571747813,-1.8856821939346924,-1.3943783531915375,-0.8809288213110212,0.4225678073281218,-1.5639976444937222,0.1385285233683873,-0.17487906035551476,-1.4928123830214202,-2.997991363147412,-0.706442186254151,-1.645287098146695,-0.32124493260186326,0.3678516716265566,-0.35829073243073334,0.26993135304669147,2.0803840222548087,1.5932782739384779,-0.31370872569198016,0.3060179016881931,1.042905526822763,1.1427075430775009,2.6893409718312613,0.6378474704278009,1.1004562204044501,-0.8277541015688747,-0.1860549076663608,-1.8359390381724547,0.5753668157635278,-0.6799793305293795,1.2954919149203314,-0.14653610147001733,1.8355453757255396,-0.2653400347740048,0.07631383488234675
-1.8852619146832035,-2.0410547143935056,-2.2769803951336365,-0.8923172922035109,-1.0814855920971578,-1.1652489555699768,-2.691996671444828,-2.5985967103641214,-2.7332030286257374,-0.8216075234868975,-0.2657713980197503,-1.0706898886102003,0.21265180806244355,-2.1404290884931947,-1.7554124887295617,-2.0551640277140577,-1.7351439888586908,-2.506656538325064,-1.6541730803539423,-1.8401372450097624,-1.7549980013304565,0.3523364893628661,-0.956173928784498,-1.554502859500604,-0.5558665909013449,-0.1714945595196242,-1.2569688659410287,-0.6802956939327688,-2.430395435909945,-0.7329775091988344,-0.9746433027702759,-1.5578375973185237,-2.137947309853419,0.9608341389842934,0.9724182630600521,0.16111257484123137,0.7637983395853574,-0.15600320483235827,-0.8304318067996631,-1.3672395151142231,0.037882947562949285,1.2873417773087341,-0.2922318201872536,-0.08347856256136511,0.4546107673875569,-0.4366512353404262,0.2804160966259599,0.2484527818385703,-0.42006512037680055,0.37407609865417407,-2.658458784483503,-2.831762438658932,-2.897857999929706,-0.2647621274179101,-2.0954574807692734,-2.743093923686446,-2.760542131916365,-2.699991088483963,-1.3125441512442875,0.8884005969486106,-1.7262277797383003,-1.2958451983497268,-2.4642514115342347,-2.0513080575554223,-1.9311061085195618,-1.864391174319315,-2.082688499213766,-1.8299340404045195,-0.2898725130494395,0.7328049900599455,-2.0669755344357243,1.861325344674223,-0.8129545330256607,-1.1079643874533913,-2.632055296129594,0.5907786163519048,-2.838061486884005,-1.206143035440626,0.06279329384380043,-1.1759738414766607,1.102343065730097,2.4602863123990204,1.3745702624238556,-0.3819470608076738,-1.1119915885192224,2.099131627918215,0.7589507860598498,1.4348433851006683,0.07311768874530696,0.39239316215858444,-1.7818915852248889,-1.1671792574162403,-2.455667542733555,0.7351441752524608,-0.8792683215134958,1.0549554079783665,0.17809209883059227,1.7496891434786161,-0.7224141897935473,0.38995430118398716
0.11053583388252537,-1.3311876807982275,-0.2610942840602183,-0.1418883764958064,-1.5543282299113685,0.34740465792567476,-0.548528661471168,-1.8997426068279288,-1.4732131638250376,-1.0405005086793073,1.0303780512451453,-0.25035623410838853,0.7245994545366433,-0.508370468620792,-0.46341227563374976,-1.3070382655536483,-1.1376817921376563,-1.9080086696992387,-0.4543926863800899,-1.0594079720151919,-1.708880277433572,0.09208447389891533,-1.3389451358059759,-1.2063438349719722,-2.6191977346053874,0.33200866673239876,-0.8693500585485402,-0.6027774274272049,-0.7679633217415602,-0.48554927098187073,-1.0997318752689507,-1.3870252186927885,-1.3950869424698937,-0.0007860315150533806,0.24200776428552204,0.6100723987719671,1.753226125366362,-0.651333659383663,-0.20686902046734854,-1.1156568338946828,1.3045811736349808,0.11016774404943712,-0.40814619405091457,1.652734934295307,0.9994559824898209,0.7925535824726759,0.6671915556700422,-0.013903996718213204,1.002615967225646,1.940778903047955,-0.00865066127473909,-0.7850193768095457,-1.5347802387948235,-0.8705161268351246,0.4213183565949028,-0.433700737372725,-1.405344597228359,-1.783237078540271,-1.2053291195110576,1.1036620410558564,-0.21096375553651958,-0.2441975316965854,-1.2301102518319116,-1.8612015269570743,-1.527273812291929,-1.2585582714127193,0.5798496699660455,-1.6830939161314888,0.09744771350315512,1.5487821718844381,-1.4692641397651869,2.18630790041893,-0.3803220360392802,0.6562232442820491,-1.2785301589655291,0.2569133272548333,-1.6650554943514282,-1.0930853751030134,-0.03597817484449974,-0.36618708726178156,0.6446212429689258,2.8374013081884435,1.9593851796008477,0.26993222407171347,-1.6843328510105464,2.5665846086529185,1.2813809790206745,0.43725885754272575,1.3466821329900625,1.219455790405189,1.1988990892555285,-2.3789085410925903,0.619427293875547,0.6637997393309318,-1.081307074360104,2.0724377012418307,1.4592062380087782,2.3907170792692214,0.46456991791325003,2.018400756344715
1.1884454242280333,-0.17278334790469682,1.300061649364262,-0.2206289496461017,0.06281226239596954,1.0608459579666714,1.1393501589125625,-0.313710545923684,0.2435512871975608,-0.039169336178886106,1.0568748237678136,0.6109400756355805,0.8878342155746023,0.8504789504975359,0.46824137722514064,-0.4519783556462395,-0.5395320061321518,-0.614614949571165,-0.10043077971038758,0.37397453888501136,-0.8778117647388335,0.04768128642639293,-0.41312027940337237,-0.22472615786946482,-1.2464160373218571,0.4864553124050591,-0.1381291082271173,0.7728801816609323,0.6112527247241981,0.582334691212772,-0.653319744364529,-0.2367133664093186,-0.25886511438953747,-0.6276455006709535,0.1805394521808603,0.9732851541174068,2.048584957281051,-1.1571695318469786,-0.19018025158132765,-0.913793621067181,1.8506351227545093,-1.299590862541886,-0.6403438999974314,2.1272265643528887,1.1212746191517176,1.5633470786872816,0.9328951156786246,0.42822420923226195,1.710149458458595,2.261974408476684,1.2898972247013616,0.5824706036797127,-0.5761652325271699,-1.5142324775506082,1.8148957334762459,1.9220320729068787,0.15020639840896574,-0.18394228819476388,0.25535974284532786,0.3804368651115653,0.20947604547136922,0.1364296104055834,0.5448732138832919,-0.5235643751375575,-0.9371670438484595,-0.5949372864310731,2.0506429588883557,-1.0010224936304926,-0.4685194333610291,1.8004025892227717,-0.46670956279646264,0.9845128657378188,0.7734824900469963,1.3951917725418248,-0.4220601616201452,-0.13666719410315875,0.6131791322974977,0.27610362503937635,1.4002940892283087,0.9414662541680402,-0.15865019088778465,2.2462280363647507,2.072460656758277,0.8957933347731912,-0.5931369504896724,1.8002633668328982,1.7484890777220585,0.27365199895256226,1.7086936803586874,1.438670221381428,3.4844089962090825,-1.2088589639925802,2.508401046634154,1.4408987150271058,-0.470859940886854,2.6082874632756057,1.7839996154805042,2.4957722179367727,1.3603972744613777,2.2944986946499486
-0.8142835728101656,-0.6604372721417504,-0.058959852151406,-0.48249970858406244,0.6835800043491321,-0.5949988254740768,0.1695873315055428,-0.27783300337048833,-0.29978885069517647,0.6977182632581334,0.7401037158549691,0.450773146685131,0.0785494310580831,0.06791562359351445,0.2577598167854679,-1.3931538328455557,-0.35901337321705873,-0.42467000130477717,-1.0414392251138695,0.5937350545184176,-0.5057502451824979,-0.1780349165589293,-0.6343059347777258,0.1969278059466496,0.8040583727914019,-0.7027480524786747,-0.34601756393370176,0.599126857899829,-0.04212998752346136,-0.1985014404601499,0.08004071339705464,-0.7634143074302966,-0.17160718150073123,-1.0558586815673476,-0.3389057285060652,0.7906396740372001,1.4993507573088227,-1.1910119852635273,-1.1371745780497535,-1.180194440792209,1.570313335965916,-1.093087307694742,-1.056528771249027,1.2283143147566744,0.8539581819995871,1.6493680182386408,0.8803636519911124,0.5196612499675305,1.0791666381712623,1.8673465428062834,-0.9341303092892376,-0.7281728362882428,-1.4079039727254317,-0.9538106155077236,-0.6537845713239374,0.7328242274006458,-0.44114356640976266,-0.5327674866349487,1.966708073793295,0.42673646858778497,-0.1490310119840553,-0.5278159371417125,0.6687847058246676,0.4146122641279727,-0.7133686887819236,-0.7224741377733568,0.7212451125795214,-0.06391899053253937,-1.0807352753312593,0.26364367014693496,-0.7679661092483997,-0.1117381820408864,0.04276319701687361,0.07800786391187454,-0.43451460269743875,0.09572615457998238,0.6843648348869554,0.18996723609413946,1.6855491416562953,-0.011190748029388539,-0.8540872829567422,1.1056019518363869,1.0410119181609787,0.6789928083576696,-0.2748694330311829,1.1136204827989036,1.8004053192567084,-0.10898902545451727,0.8664148521831134,0.41795999890789953,1.6179940090744336,0.4230268153488131,0.5629294884785293,2.207231943506378,-0.11937163081379912,2.118485978797829,1.3472711750489512,1.0144229165048464,1.4068129946447316,1.6620611669114826
-1.9246394422369466,-1.2501012182780304,-1.4736839930754217,-0.6739246223086791,-0.722917855443646,-1.9580781813640151,-1.0444041696796453,-1.0673517048042673,-1.1408728396784371,0.361352709345797,0.8442116022206301,-0.23650555212003316,-0.5924878877438843,-0.6651665228272727,0.28128266121387124,-1.7830760295578034,0.22469703781457526,-0.7569611098966331,-1.105890386055043,0.11029613075199268,-0.4854494039769086,0.8016384393689199,-1.29662837631265,-0.1872871394783722,0.09246197730745939,-1.661892754662213,-1.2197562043077503,-1.1457764474569452,-0.6208010678884426,-1.7581344600844253,-0.06551326801002254,-2.0824188397422847,0.3616991852450124,-0.49030913930405784,-0.7299757306204976,0.6490514110333025,1.1744303115910373,-0.7642293825880924,-0.7026800807584296,-0.7057426141384866,1.6216369317421437,-0.5371534494864845,-1.0283034674806342,0.996452219759574,0.2859949206952497,1.5547679236493592,0.8634148823991513,-0.10963000044206221,0.2542650895961361,1.8632791160627007,-1.8696868496189651,-1.573607431869019,-1.2686258833837702,-0.26241157214664856,-2.334182825736132,-1.1216128609222922,-1.309370883512619,-1.5125396531111506,2.055481028821267,0.7096714427075326,0.12605019519263852,-0.517727921932941,0.5720126418739423,0.6854427271538212,-0.6017922973376938,-0.4914532455961455,-0.19665574048240214,0.8456877922854185,-0.6279212539661813,-1.1983675132139477,-1.3020049846372974,-0.015109868035650013,-1.535128435500951,-1.12446018331329,-0.5223371206802426,-0.16159563491029386,-0.5708796334825532,-1.1136997108980429,-0.6292607418690938,-1.6922652566307157,-1.4787915791346324,0.026118430707754797,-0.43546754648426717,-0.07622032041694433,-1.7868857177471709,0.4907136699370434,1.4939245990623526,-0.8743245755304783,0.46077257824135126,-0.3649741798708645,-0.7373725529708336,-0.05594817333994475,-0.7107257504200698,1.2749694999856578,-0.5996862841446097,1.2619768259093436,0.7141470781600928,-0.8706622236893449,1.434591200585665,1.4974903197312537
0.3488100567332355,0.06025969761305461,-0.2381770398130461,-1.3261882681234347,-1.6828821894606958,-0.5083435748087309,0.07509137735212068,-0.32304562185857777,0.5449540945958206,0.5555941750153472,0.14439613502618706,-0.2937746840293322,-0.3949831679329346,0.3415722803881308,0.9468407888645787,0.41780437170459694,0.7231992690553464,0.1294077210891808,0.1281755893644475,0.5657678668896479,0.5085231863653543,2.0768845280684083,-0.23123365675134594,-0.3109551327116246,-0.37720561152127585,-0.9862781968337014,-1.4964174270834316,-2.0324115038906254,0.138996567402637,-0.804933680517033,-0.5271330279732083,-1.4911995726685148,1.7857528026581648,0.20450128002138174,-0.4301596115997143,0.579220350055366,0.4540303651592944,-0.4669260556781894,1.0717146149536778,0.8006052972325354,1.0562456656454815,-0.7137710627276096,-0.46115319154188317,0.9414079073279424,-0.5965869936552665,0.8068215889795947,0.5430410082382969,-0.3216142775159433,0.3707657172392129,1.1765837687401963,0.26530687632062155,0.13079482946371124,0.8100830132398538,-0.7800639322613155,-0.18147898487381017,0.26979318617938053,-0.08127837287883218,-0.23176578350306065,0.7590794237416018,-0.026872797250465427,0.29886088505572356,0.596904695765371,1.4146324121175204,1.0586429156951007,-0.18975585468033832,0.5008018589040408,0.731127589751431,1.3012549814799528,0.34874236621443794,-0.9682171901767178,0.07193094006604941,0.15949919060539117,-0.8477254325246342,-0.3518531693784268,-0.06521102586043838,-0.28498199809926233,-0.037814604789404196,-0.7476054584928291,-2.0891771413035802,-1.164115158056556,-1.1599326262288683,-1.1946868446221974,-1.6609194518400203,-0.5774264059496145,-2.209277793386524,-0.686898721351316,0.4259596446563112,-1.3038862065378107,0.3768863322450741,-0.8045631426182506,-1.0117129606924775,-0.6046170976153692,0.6993063707255277,-1.5129318170006487,-0.9515183144504761,-0.10156694570630787,-0.30549159914095697,-1.4554505354744107,1.480096808608561,0.9081292269635395
1.9286826705125542,1.0791940877836128,1.0228858940214915,-1.694004725384871,-1.5729779956225187,1.1608200322355557,1.2230802696580063,0.6149034465058055,2.106168281121232,0.8005979662985659,-1.0990729698142074,-0.34829332589839046,-0.7699677423774306,0.9096922998625516,0.7743576694246345,1.8253057192962634,-0.06387889572915391,0.7831031991565687,0.3184480272513695,1.4936883628478659,1.2751625259688573,0.7465829720734438,0.7441779372747174,-0.10182125290915185,1.5737481570929575,-0.4560989077471811,-0.8744792299129021,-0.9910580468664968,0.5839731486091413,1.0034385197166429,0.1203725436360527,-0.40061464440037753,1.6762780968506146,-0.6494811852054967,-0.5909131603343338,0.6627202540846335,-0.5168427906814689,-0.8741235578176615,0.8662774695292735,1.1065754318678211,-0.33430842221199103,-0.7310661678236853,-0.36257985398037196,0.06678275348007111,-1.0110284724137961,0.10218393000928769,-0.030138509492133113,0.017578816708600817,1.1683432302926746,0.06296168854152931,0.8726947495110341,1.0729870538672297,1.1056342830740646,-1.5293078433129097,1.1527805685119414,2.0935941833514944,0.7130048355895172,1.1268523766305676,-1.0121238129627792,-0.6174147259724941,-0.7341833891832842,0.7275277414021936,0.817673121534331,1.0519943481126928,0.06373882057771878,0.44204991192705617,0.6849898708837584,0.46539287485737146,0.28647288130041515,-0.8475757079133722,1.653490295671271,-0.6917592117877179,0.30725776812092964,0.3754173598565187,0.43996889955373014,0.7969876833812036,1.0074271718780994,0.4250173821989385,-0.48854000076491316,0.14959488564510917,-0.02142040145699086,-1.719291224674601,-1.903502133721553,-1.01108023398183,-0.7438228677061302,-1.119291901648831,-0.7084654629199735,-0.9529714303792488,0.22212073609885127,-1.2810522344959745,-1.7851773686151564,-0.016830743807232353,0.8625592340376758,-3.2191318660030563,-0.9898774924322411,-1.1354990489350985,-0.6044072198044592,-0.8306678281935673,1.2012463566630398,-0.13708745281582202
0.47899698456397766,-0.16152389586348898,0.06415707829949077,-0.8896139230030736,-1.9212766917706874,0.4358836479226255,0.019512235235313216,-0.4096676797501704,0.6466909285182493,-0.7929950832796039,-0.627580755208714,-0.8913677611652168,-1.2419824215590825,0.13119336532678383,0.09538832730343459,0.10996833961552915,-0.51472590040781,-0.4434966930096982,-0.4263050209115629,1.1629571256599376,0.3548878669520078,-1.2274526730118012,-0.04502619804084377,-0.1459372936884648,1.1814431849574043,-0.49530734909452956,0.18124031692937276,0.9717129445856004,0.36155858658998385,0.6570584075816706,0.4745073104705555,-1.163595738429886,-0.47184506599142434,-1.1759283824142275,-0.39676941737002147,1.1693291416632567,0.19575220355661307,-1.610703430848355,-1.2651395790927251,-0.6962438074041997,-0.17673354713129705,0.44769901510445065,-0.24389829347275085,0.3762380152119364,-0.12810988748752158,1.280923129952259,0.3437714399381661,0.2980952470680973,1.5072431946773437,0.4513572067822465,-0.9126053019703144,-0.6482359726500152,-1.281282888204852,-1.2761548079328315,-0.6623224604380106,0.5954284596699295,-0.8110090411946739,-0.49418552035481117,-2.549472787067352,-0.08465216542421349,-1.3326798279045078,-0.20954091856239282,-1.1529088510935674,-0.004156417295472399,-0.5995865923959323,-0.8086524224144671,-1.3806232866341996,-1.2015957921173477,-1.2156524926449754,-2.0608064334995593,0.8063406813168864,-1.4531702344917476,-1.0456838247569258,-1.195618518395206,0.2815890329785337,1.1769423315524241,0.15577934425005144,-0.06493807763193454,1.0494183892354807,-0.6688806891186294,0.1226479122518715,-0.7386083928029558,-0.9806917333046202,-1.4741826242681497,-0.2880323488766883,-0.3371275990652133,-0.3294492846949368,-0.0420054456785576,0.3847892563036046,-1.159152412507966,-3.13919018979358,-0.9986383674354126,-1.2238656118094773,-1.2935156356276114,-1.0861191576194653,-0.19640513581252572,0.7858890294816149,-0.14545446743906407,0.6275195647291513,0.07889213244993919
-0.6386919448409238,-0.9090656082233536,-0.49344766895110626,0.4286412092979258,-1.6359076942565018,-0.4321333766789401,-0.9386858699242668,-1.1246919433103384,-0.7617395214499707,-2.1919297281688093,0.9004624337226539,-0.9133225655935673,0.4185634683560349,0.3205045584792933,0.8169329534579437,-1.163322903702367,0.8129561164203956,-0.9823493516770679,0.22598085304949683,0.2696748896089114,-0.04814486914292177,0.18750647526032083,-0.0009948210639957433,-0.045925036916335864,-2.6571647799747127,0.5589043958079222,1.4383060090645052,2.2290783152510882,0.7881030217728011,0.26358147616285704,-1.0141764829055315,-1.8825710063734211,-1.595816523957707,0.692164901292846,1.867186933809907,1.2831404232377501,1.566364705814101,-1.3478803862996587,-1.0171540708215328,-1.4046919530951256,1.4685325116615398,1.984749595202891,1.2955183830805066,2.199653291236614,1.3385954758037328,3.1588405265686776,1.6949092039871752,0.9450898766220435,1.1716683774725596,1.4616972627339169,-1.188986395945287,-1.4739826271625527,-1.8467652003725357,-0.1325831584422326,-1.2301480115617425,-0.9763044603777868,-1.2736597342230414,-2.044154358218732,-2.323639190963617,0.5478131028838169,0.05281065141924735,0.2527209739192436,-0.8116656848047529,-0.8073580270112971,-1.3369645139631139,-0.8633298495787304,-2.221335560601918,-1.6029715284267245,-2.3456723523711327,-2.437271473255423,-0.48556623190029463,-0.8462138267668482,-1.9402978152559387,-2.3892456815647387,-0.0640885225873776,-0.6040911572475258,-0.7947591550327083,-0.573814344254846,-0.16237078783780168,-2.2580574768009116,-0.9410488155674052,-0.11535158383158604,-0.1886767392502934,-1.0220574758256538,-1.0395955513689425,-0.2450790852758777,0.6008087595411824,0.44892213261553665,0.06949551521848046,-0.9915624669051258,-1.9030154633510488,-3.2249154814085155,-1.7004774370143623,1.3173489493474282,-0.9448501419339327,1.255038810821927,1.9942701543115808,-0.21777966168891322,0.017388286376945835,0.8014128617878234
-0.39735390925962916,0.4997464836901727,0.599603669834762,0.9091815686341778,0.21829062773306626,0.16005689022444872,0.11180176211784225,0.1945856685141784,0.27939715996847503,-1.067966366583212,0.688425613417141,-0.5812008932344934,2.188049295358717,1.2952502547959666,1.5215006851041708,-0.14925656540594123,1.4901786701399535,0.5043863067424119,1.4094961958464216,0.21989842722376154,1.0348078002474477,2.165690903013453,1.3326346576195087,0.21571885466778398,-3.36796754992836,1.2657902219256432,1.9984847959294532,1.7754745054322787,1.0848359965594647,1.0820950632628519,-1.7188853681953515,-0.7508285970093208,-0.14788506649169825,1.7411809381165808,3.5010298469128296,0.3385034069746347,0.497229203124941,-0.026148735569968794,1.4519306243026078,0.13036949406125475,1.3595088571632192,2.104500902888119,2.699465900152785,2.105160554895647,1.745966872471337,2.4666816385626213,2.083661479369899,1.6567839691313841,0.6938109943458792,0.742659312434214,-0.2641126370256917,0.3967158354261747,0.47053844439043147,1.058688857041862,0.4625910345393527,0.22917500440193012,0.819848420233497,-0.4765812580036243,-0.39371405740836307,0.8746375641344467,1.2061042739537882,1.4578851524578955,1.2005444941036254,-0.4016436107039954,-1.1149952800677947,0.09488329906678254,-0.5286251067837681,-0.8506307096546291,-1.843284566317221,-0.9656044273781708,-0.05091250640347696,0.3356151235389117,0.007697628878078297,-0.6879145791516571,-0.198842367891485,-1.8561644814144629,-0.5726324962002143,0.13244564754426938,-1.7192335902126248,-1.4482990249330974,-1.4745047430200222,-1.2708037021620189,-0.28368876676561167,0.07809436781065673,-0.7263869157465987,-1.038621285359866,-0.29893468528228356,-0.23027638595938996,-1.5369384439290685,-1.709843335998449,0.4593727727884884,-2.5009868073489736,-0.08949951316803209,0.6755053533683564,-0.4628168874390646,0.7906953655762032,1.000674410989871,-1.1174140729457285,-0.41380702721044527,-0.12721445969113881
-0.8638068408815821,1.229555326077781,0.8790928378460168,0.17946969201860422,0.7824937788034915,0.29802553390176756,0.49796457637363456,0.7223233089019193,0.8150326662863852,0.2243882414682606,-0.8343558050841935,-0.9722125219908653,0.8326636686572664,0.6757473666660094,-0.1766145185643701,0.33267032557558474,0.1303915228753397,0.8343445426664842,1.1509392038995347,-0.0009739337893817269,0.7167763591781482,0.3663526470246472,0.6963744018341207,-0.2559173910258655,-0.1571808695022178,-0.05207889569002862,1.3813617392234268,0.36339073417634243,0.20166586388317304,0.16059966822365376,-0.2933947642778928,0.2957725853665641,1.509185124828564,-0.6276986288571689,1.6209974903701456,-0.49701940851530996,-1.466388128439921,0.8400980099746854,1.4139143552427582,0.49848896418658883,-0.5522517671388626,0.826530997128893,1.6115310978207475,0.1672627659100932,1.0194878817474429,-0.20790435288545187,0.8825025024558724,1.0449223342711291,0.29378133144404633,-0.7343632926292826,-0.7190715694983969,1.8668889415645384,1.736187890188842,1.2415373144589443,0.8911259580203885,0.6876613539557884,1.9156763414124602,1.0989860483033265,0.5240793516423544,0.7195656045462864,0.32381733599380536,0.7523196902178458,1.0830123896182193,-0.09693277588834236,-0.73771213966356,-0.14945645357351856,0.9425775155125264,-0.9044402636470088,-1.1583202322629707,0.10630991032138544,0.03601823869588657,0.8920284560369005,0.7730699539512458,0.8302916260847056,-0.6036384291719313,-0.6592225704179656,-0.7599453538347177,-0.1774701600031017,-1.086616770351322,0.6218195464194437,-1.1190035480869953,-2.1158876288799426,-0.11814054286651991,0.5208783056456681,0.44403205663547024,-0.8095418723146133,-1.6954723775569998,-1.1159897750895915,-2.5154603899886845,-1.6591112358519025,0.33923913075254625,0.536222521187288,0.39926058830778755,-1.2739493172730845,0.10205294316337862,0.033724348498314426,-0.7211874797836982,-1.6988894757226614,-0.5564176457448086,-1.2642122443461383
-1.352962122572785,0.5318374559929068,0.38723961628249587,-0.4125417885434802,-0.4205964542853093,-0.08705978920800923,-0.39111148824779407,-0.21767362512339514,-0.158547187694097,-0.07857007351351987,-1.423799373496269,-0.9526643963477255,-0.9027857256969429,-0.41544876420163634,-1.6841521070788104,-0.03333375016716493,-0.48991979468346813,-0.3983944880992135,0.7858712050165119,-0.8515784125720406,-1.0063988301924995,-1.8733172180666724,-1.1809945732239182,-0.7635141715817875,0.8375811151910737,-0.7381371022792494,1.0141549403217658,-0.22324544955659836,-0.16904145694522144,-1.7367224010079572,-0.05606257511573586,-0.03865402873185683,1.165551861459202,-2.628878019033903,-0.7514137530520617,-0.3217912610674077,-0.9536913969786762,0.9385487835501001,-0.41230616589175284,-0.3230763999857875,-1.1323366217629525,-0.23109926970632874,-0.2520768673315662,-0.07918124343293072,0.4956845776300757,-1.3353980117730269,-0.3295775745585194,-0.3741768877589719,0.16460659208633488,-0.8217473639591574,-1.0845821382235772,1.6057083330631654,1.1980610400538187,0.46288495249472456,0.384892515265429,-0.6084279009428564,0.8888938403696772,0.48275182126612726,-0.21676833328069667,-0.5711785466106255,-0.07670823579614468,-0.3897478618305199,-0.07241361639010577,-0.46293793923770105,-0.5327698719650098,-0.6515424433992045,1.0684767661108778,-0.8903863843927889,-1.259382195642849,-0.2205126362620846,-1.01260263069891,0.6341018063075237,-1.3147162929142375,0.1790850444259597,-0.62261407974034,0.4211773100041165,-0.7459224520934292,-0.9230317041819761,-0.14651723163907285,0.6467822165304993,-0.8130051035250617,-1.2255546469981047,0.6749908926078423,0.5855807022828222,1.1642596609582003,-0.05813758332211388,-0.8616367854619191,-0.8997911761481754,-1.0694310925916222,0.29579246135183546,-0.5249219008877886,0.8341868716162312,-0.10214703366927905,-1.179791750344312,0.8177472119235144,0.8218045300004256,-0.7931496673333754,-0.9861749787440156,-0.2703654367034899,-0.33461020061601304
-0.9877154639365362,0.6379585584739366,0.5681918634454991,0.24805614670872075,-0.18067432611501869,0.23679210422242877,-0.3323368307731414,0.14147413961964037,-0.192548708505014,-0.2985575236318917,-1.0924331166524985,0.6074528471917039,0.10271938494567788,-0.10786002433260919,-0.5700633621371896,0.47767716264120197,0.8680690421448395,-0.19269241742762,1.0418128913776812,-1.1677273699718795,-1.138241264391828,-0.9957936191778837,-1.0474601636072156,-0.14827425152434193,-0.3317149961247515,0.6647134772521366,1.098629252383807,-0.09143258325507173,0.443151552988172,-1.1494202091962633,-1.0997318752689507,-0.4821567998120683,-0.20685294975266427,-1.4549044882314688,-0.8228105888197192,-0.42303193790742605,-0.07659202573574274,0.8578446623760464,-0.15802904506928098,0.474009182259941,-0.4771550540753341,-0.5817056402139755,-0.3989837316075801,0.3659051355098582,0.21260073517992922,-0.896622403309454,-0.9922323367314053,-1.026190516554874,-0.224941628618034,-0.460708570751892,-0.48302993368407265,1.2737275947396989,0.8118692840815387,0.18898340667508956,0.44383750517525306,-0.6384553280310814,0.2820651793491351,0.08397700887619802,-0.36212245263811366,-1.476113810170491,1.3333312422054788,0.23172599023752005,0.2412576210635861,-0.6018292483222495,0.16799872733708096,-0.03646519984224071,0.8704178892987013,0.38794377940205116,-0.8336725293617062,-0.5497207488790106,-1.1111374798621703,-0.2589095712730333,-2.0473214652392198,-0.07045429882721373,0.68483497069142,-0.08147298889038354,0.49344887055503756,0.2075448991941505,-0.601666837351375,-0.7279193850955705,-0.4975654127583319,-0.3216410181535718,0.8061870728135379,0.8233329835637192,1.3530590956974649,-0.6331513857754374,0.2598552867675246,-0.45931528773325847,0.43405904848100585,1.5736881062041637,0.2638461557018894,-1.2536134030212729,0.2579744711293841,0.07740828576272499,1.623496181680267,0.9828895738445562,-0.2064403555282031,-0.23406480476503816,-0.12272941623964147,0.6219067543075162
-0.9005725936485973,0.7383425559639422,-0.15312297717330445,1.154396935864079,0.775619462432146,-0.19604203047845697,0.14744697509761542,1.1692367448277168,0.016636500893383414,-0.1078079222499346,-0.7244850272951626,1.4992010109526244,0.8507035617762683,-0.14578192376851665,0.009545910871274741,0.4764890054440131,1.5977599474178026,0.6134583358589653,0.11391680000670039,-1.3786786491350618,-0.30970470516593807,-0.39545355420847716,-0.2038683617143329,0.2277374949665806,0.13411144513735468,1.5076651272236696,0.16396861743713387,-0.7623208363979586,-0.14136866171499257,0.19298480065903734,0.03318657397749253,-0.26917125117920365,-0.6901196690832924,-0.1757902769086914,-0.8493709705933384,-1.6699379309175255,-1.5185069117697514,0.21697665039370756,0.22266683303356008,0.8258449836979261,-0.9916385806748466,-0.9765182993471918,-0.2566273520349672,-1.1001566700705172,-0.4161315650487905,-1.4425686329954135,-1.7564824959803866,-1.2421899930223197,-1.7243179587826136,-1.2234385567165322,-0.7464641343679598,0.7444851556160152,0.23720043615661834,0.6806382720226458,-0.6624343105137408,-0.5443558639532518,0.40479326870958293,0.4456156156621742,0.4153365739098724,-0.6592112173297938,1.5538138465135527,0.4459194939691464,0.2646126666651019,-0.7673755452485976,0.3870090887495492,-0.033047860644474264,-0.056371345598312535,0.7042706322898312,0.5236611782059323,-0.3544451292832564,-0.5364842402496341,-0.7596313413781406,-0.24406725698567558,0.3267385897209353,1.7272663436072082,0.03506904168403146,0.7154294574943932,1.1157436252119977,-0.46840979796274723,-0.6747675773080848,0.21410041603022123,-0.32039563131419807,0.2635392892701895,0.9027596613279256,1.2988848562288362,-1.2754072394446139,-0.9573228370138136,-0.918998129135052,-0.5818371426054105,0.6310615910802012,0.8051002004685452,-1.1106952834767196,0.4463559607005887,0.6207367504633264,1.9995948604226264,-0.4979849851768409,-0.925346463283471,-0.6680558848304959,-0.984843052756893,-0.6411131846268793
-0.5451703169007842,-0.4627679274510089,-1.6439728537196303,1.3977660997375843,0.14753184656505075,-1.6372105886580213,0.024685926767062577,0.771152936869056,-1.040028434123749,-0.3518736007394715,-0.4496201624500842,0.2475806949623436,-0.42464098574669823,-1.2211679412036898,-1.2190703481199479,-0.7568698242466217,0.5175571815153869,0.023814537178971654,-1.2395934058618576,-1.8535221528504429,-0.43887954553201547,-1.6089164199348345,-0.6141420331715056,-0.44101399023074506,0.6018743326933813,0.7781613417898983,-0.8404592157615224,-1.3399432682116477,-1.3340022380316412,0.022173862266714306,1.6200377759385995,0.1923710381710732,-0.3860924751929069,-0.4073229124355507,-1.5251429697192802,-2.4035442306032326,-2.250428454296898,-0.6398902577295086,-1.249730460217134,-1.0737535264725717,-1.8564117130178504,-1.188348746563927,-1.103386465086751,-2.2369182907528864,-0.5376135311349287,-2.37058546779269,-2.0449032404707372,-1.6074818833050342,-2.866722872497931,-1.991394967367819,-0.5648887392954439,-0.45770257792360375,-0.39085239177979997,0.5616259472356138,-2.036139657273682,-1.884431241775729,0.151365851307978,0.021865996297372757,0.6372416803012444,-0.5137797231229834,-0.36941175322707587,-0.8352584375448237,-0.8026912922819481,-1.074545439307059,-0.3805224333019577,-0.7562532213820483,-1.33939756825434,-0.477019022850192,1.4960928916448217,0.041672430652982775,-0.4387496741252634,0.3203580213275586,1.1536050354171303,-0.22215093134275274,0.8733086154920081,0.9176739887497519,-0.3564947849863954,0.22681609129715266,1.0548935864793716,0.6036494396039134,0.9640926010339198,-0.20303274773702115,0.2569837742653664,1.3475490568074817,1.4886665981207503,-0.08919527446411392,-1.892597610263476,-0.7887225566474627,-1.910886699511099,-0.11242916067169631,0.5506995467453737,0.8947135493356974,-0.1448324153609875,0.429260246391295,1.7746643400707713,-1.2729165090536063,-1.5684913085533863,-0.8689059827693706,-1.927758821085235,-1.9870159575633923
0.7259101547861723,-0.6585658100858548,-0.9196216589734413,1.4688317417920043,0.14067874721954282,-1.47865579646486,0.5065620343602181,0.38748397551071545,-1.1359347360436056,-0.2108439774226475,-0.4569490569776307,-0.583607572019704,-0.45558319724530993,-1.013026306345051,-1.0710680169991567,-0.8832794182258044,-0.6488587023628863,-0.17235140486817274,-0.8235806872132156,-1.112691023674897,-0.4345842673259331,-0.7606585582438445,-0.47525801700621395,-0.2932610233828407,-0.234511741174188,-0.03871102527632077,-0.4358827397766538,-0.1959390834482773,-0.6714280289668364,0.38763546922493364,0.39450919174567817,0.6524118743483214,-0.42351839405836156,0.33811866835319704,-0.45260945809884484,-1.3328463515391533,-0.12333597019228291,-0.3369590283667427,-1.0926534214368862,-1.3642541758548759,-0.9434339069917048,-0.35105811865270986,-0.9872876121134927,-1.2915563669819095,-0.02127309144687166,-1.4576624405220253,-1.0654393549115966,-1.1220077748103947,-1.8550829859220093,-1.3346367555935126,1.4576328372903031,-0.7661724740005327,0.20933461102633358,-0.18014213765249443,-0.7487080022603144,-1.6946092094531384,0.07182738243573689,-0.21898072340582186,0.1477082122551688,-1.6735530781451096,-1.234127312465348,-1.0081692517320682,-0.6797529272406356,-0.2248038565143791,-0.028820090454006016,-0.13872250352925214,-1.021637917649862,-0.33296676049443846,1.4692908156138669,0.754843076273777,0.13070172573449138,1.511730508819021,1.4328919722402413,0.04339903730385179,-0.2753864006068685,0.3632830469709211,0.017887477127380823,0.16514827656754577,1.4367954041875812,1.11343131493309,1.4926492872126969,0.33580462476536865,0.48516722449875055,1.9708769578526923,1.485277638444109,1.2635176673096005,-0.11883871619976158,0.8839408923266613,-0.9075446325801608,0.5755998492313379,1.0898380871374738,1.445033718817015,-0.07818331061428482,0.11824977123636667,1.2973056807421397,-0.875827048768162,-0.3578527623848307,0.22702826586093153,-1.5996831722871199,-1.3046160537895075
1.112904861165751,0.7254263998076793,1.0021736212239685,1.1334029662684888,1.5003930650406645,0.08207821759128352,1.1168674258591518,0.9532800024022541,0.5770220206099662,0.5341218155155204,-0.3859777962963468,0.5576493311059155,1.004830803958032,0.40458900609775084,0.18532861482380045,0.2568865599983633,-0.8863414629221503,0.6861048092855626,0.14017733417561656,0.4516326623312588,0.29154381677599295,1.8332276432760062,0.763381653090165,0.797382890715893,0.3412477085444177,-0.5049751839473005,-0.09034407296525636,0.7941420317763435,0.6158238969380725,1.234747021848828,-0.8815340115089586,1.0155206600903346,-0.5709381022107766,1.9754762393266427,1.2092483338748239,0.05846953215045841,1.4927751565595846,0.7351188695539499,1.0629703398824082,1.0247228572660807,0.5524357835423082,0.846870040721878,0.46886749297483277,-0.6138836257731829,-0.3897590366143864,0.2913382413534231,0.17399208259154297,0.26779874255301833,-0.30732335476315903,-0.16796318464252416,1.899357876374337,0.051966607167190294,0.6781541525039818,-0.3341653646377905,1.0648664089879913,0.35792774244373843,0.2714561853231729,0.5725023761837725,-0.5737698358916499,-0.917030242166551,0.09065278008658369,0.008933477231996294,0.3931735426845571,1.2560962652657899,1.660050525075745,0.8489761487072456,0.1885269644369385,1.0456500525438293,0.9590437741824571,1.313406323250114,0.885118542957564,0.5055779864448083,1.3220376299392766,1.696806079195855,0.022611492122365438,-0.6991583093432501,1.1617764722943655,1.0234754933248964,0.040919744655519945,0.5217424471987037,1.6816783463616964,0.8038328598290777,-0.020838379104975224,1.0552799927156709,0.02488159459986064,0.7025277850311523,1.5799453928817326,1.7724898483323628,0.675880292459479,0.7501057803422826,1.1148640537811545,1.044749105112549,0.48255116739823617,0.241970421792503,0.6381877623027792,-0.7874792598727531,0.8210167078723525,0.993188367199703,-0.8677551448092844,-0.049739762050312546
0.3716128596788979,0.9881674005730852,0.9337833592119025,0.20974742706350089,1.2434124480970352,0.5479883519880937,0.6500558906672665,1.005912809453977,1.5151427207788883,0.8183699920010925,0.28226704831789573,1.507403365179771,0.820578691713469,0.8421637257441362,0.42848670575903813,0.7715136034068703,-0.2368869379984974,0.8047538946172279,0.32256802920147226,0.8816174813026346,0.8884518470570407,1.5856462343383055,1.3028688981055647,1.1904210442967773,1.8065026526179515,-0.3699238859731001,-0.44226803474045123,0.06652016361228463,0.6447255019032139,0.4149224923563963,0.3253594035966369,0.969063932501329,-0.22346362109378146,1.9010436504388204,0.6595749091693508,0.13901264071126743,0.3608855510679134,1.1011201257384657,1.1947209722062344,1.9549002915830742,0.3267644427625678,1.068247385951647,1.0647965100107686,-0.9325612240615758,-1.3122925259548934,0.4308527358471208,0.2231532364557971,0.6784441350766794,-0.2264596305914598,-0.08716134691382364,0.10707415585173789,0.42576988438124547,-0.015684478716204067,-0.05487344770736777,0.5939030234466267,0.9816866737953545,0.16333720249027958,0.9665430310654115,-0.8340868416927898,0.989435211109731,0.9616838493581663,0.13255819497491098,0.28980584085562594,1.2436491752713277,2.0231310775622955,0.6401241492745192,0.3482839326834299,1.2450394644630733,0.7102681135793467,1.0796208519714277,0.7258122005286383,-1.2903650244751277,0.6734130199635099,1.8145407790586614,0.7327818962121595,-0.12172268802734476,0.8352084098678995,0.6781707693701942,-0.6534769127637156,-0.33378089987271276,1.2401852603201209,0.6898503119587724,-0.6566660811666607,-0.46591240587269206,-1.303246791140111,-0.6521696737484406,0.8175406579336169,0.6886612867497821,0.5523147819193298,-0.17949191046963797,-0.2557127165427267,1.2313398133784859,0.5293137103041624,0.5829711927659422,0.019216367055803592,-0.7739948918399516,0.049253905359861856,0.2819107946101272,-0.6900062828624586,-0.007638049330723922
0.3686494998247259,0.08066170199289989,-0.14271262016512526,0.25859269300701015,0.17309836269922127,-0.004963886871675505,0.5020730961194355,0.7719242109491469,1.0636632095389171,0.5521544281051809,0.4746975097591174,0.910792605915401,-0.3090455541103754,0.4641006594897944,1.1874975818628595,0.8867131925256186,1.0492752643444025,0.6926532237916221,0.8058979971044029,0.5566592874325715,1.5834278608011694,-0.6438198679752376,1.1975913846173065,1.2657760112495497,1.1615708016788109,0.5605753796096357,0.1690454503181859,0.005915937472845787,0.72985744033795,-0.15815354682626118,1.3535881350774959,0.351657555674441,0.11352537373913342,0.8203100864444717,-0.3536404164900016,-0.43923517707457854,-1.2377001702088108,0.7370323563879233,-0.309241021301726,0.7830189350501985,-1.0077530114891247,0.5351430664702094,0.7455246643343081,-0.7991511931417532,-0.841009831655829,-0.6678296430200523,-0.563392818547045,-0.38576621328130634,-0.7364360078542771,-0.8971040981440294,0.16425095307074403,0.291891885117222,0.12568609932571684,0.16581364757265432,-0.1537401660927165,0.32217887316708127,0.37685045384338745,0.7165114788311628,0.11398867555738963,0.28669602410080836,-0.015743191361687635,0.12034834630894409,-0.5288101325197277,0.13136506986374602,0.8618274257248488,0.6874849655922824,0.30471916645223074,0.5927943454880167,0.9563232627056308,0.6892968095450102,0.8867191090353429,-1.1698778675056354,0.15355860558987391,0.5395127931817855,0.6960600034220279,0.7162999089802752,0.36568465468996425,0.5538423815299166,-0.040881336555446804,-0.6699844806541523,0.5458709110430849,-0.2624851432833172,-0.3620973064957885,0.044001587853396036,0.04118789333384498,-1.0928647501872144,-0.6667207545228747,-0.14237381281889336,-0.4077258469409098,-0.7141645191381243,-0.5055672863971722,1.2697739690328975,0.4281335462941868,0.20881875575950515,0.2721944584050784,-0.39805518722421257,-1.0339229237639327,-0.7751067518161998,-0.5003863927357468,-0.8483517122854369
0.5664914399193607,0.03853846588233212,-0.199571965907715,1.5888481471245846,0.9409425277578362,-0.43484135326223217,0.9858512961874989,1.106497587761009,0.6138495645853951,-0.04688270803804721,-0.3489574829136118,-0.1403366324987574,-0.24535130364813884,0.19439653105329624,2.2097301515026153,1.0612689824952377,1.2164123519540404,1.114289262800527,0.8319794007537493,0.38581996850759426,1.7605289632561658,-0.5951557685735338,0.8328579535224814,1.1603744435497858,-0.5306610440591675,0.6086758419018167,1.251823993031635,1.183430070547787,1.0387802076949453,1.0033899662947008,0.6294121535089515,-0.26959077485990285,0.33091753491600456,0.7227667365529358,0.3242817087795189,-0.5094041575346246,-1.2252922974906835,0.2969303845740462,-0.4057479595883005,0.3894426628769757,-1.282252810370624,-0.017400951139217302,0.7592376114810436,-0.6497589978229217,0.4642619905592963,-0.8855199673780252,-0.577684228470668,-0.9738104153751891,-0.7035941556355565,-1.0666458161171324,1.2569559912784762,0.3622332667979197,1.1630501315567943,0.9534794169680275,-0.06478207252861773,0.2950324559751589,1.0459997081858385,0.7468441047824833,0.7948723300097945,-1.2489286325652598,-1.0260210705612616,0.7399237158100197,-0.6243928191481536,-0.2762619480768511,0.13090522593843276,0.9759434435165683,0.7870893095947298,0.11717746442265234,0.9383880388954431,0.7282610547581245,1.4340126722558468,-0.005440757992241043,0.17518728375279471,0.49331378320814767,0.43189756649505495,-0.008445843654368105,0.6951254643481526,1.2694459816213968,0.042608611467068375,-0.1703065432270696,0.2681962050955397,-0.9324143066635997,0.36776911517656913,1.4075016853391351,1.776040555628408,-0.7978993725467922,-1.1752053613267854,0.08580906876614501,-0.701039580488246,-0.5713828828417747,0.5148259938406731,0.8111833177134424,0.16544787377815642,-0.5261570978895864,1.0102305422979627,-0.37181382370809685,-0.7232797239511716,-1.085841650952555,-0.30791745584586244,-1.2372030051929443
-0.5454214490918158,0.505667666916203,0.08570073377475045,1.8244896312348888,1.637836958415898,-0.585327480533748,0.42203304477531306,0.907961001282428,0.19506267921698803,-0.816187316234514,-0.41078328546650433,-0.5375859797392468,-0.18469289280463405,-0.43495038996857793,0.5007582504055806,0.4655889546350194,-0.6454736474239571,0.6392427179765744,-0.9399080466217706,-0.1260137757259608,0.3657390961042159,0.887865841304197,-0.29974977139288983,0.05785496820343169,-0.8687772649861604,-0.6527975724060252,0.7683210842155657,0.7925513696729461,-0.013474144505302519,0.8846282962243136,-0.08381566622078898,-0.16605674650208585,0.8146514293781015,0.7071470498055983,0.6573615440215491,-0.04072673182279724,-0.2705722478382658,0.09766511839301453,0.24106180193348728,0.8007681339194088,-0.13629152399094738,-0.4699100808729421,0.5164016102144137,-0.8577202729483927,0.4003506929278361,0.03451412422888513,0.3948770033158383,0.007084545566329477,-0.20944837038132283,-0.15011898989648367,-0.12536403429289994,0.24961059808523747,0.6449295148486422,1.755089457859832,-0.5213540816593611,0.38235546015605126,0.9524318592355491,0.7147255391723468,-0.3167265715174789,-0.19742024074026623,-0.494703323242752,0.24743500285044084,-0.3246697339287004,-0.20874407454591437,-0.22087781343177848,-0.38008303738175686,0.47476794524461613,-0.5488160146924022,0.28395388919224274,0.5727448690533034,0.20587831370016652,0.20395198223353111,-0.22491379539725798,0.8411810076654231,0.28853786276414817,-0.6756112934674928,0.06092999497216925,0.06931789401898049,-0.47225060796965573,0.24355867789987634,0.22088790654502063,-0.2140040127505521,0.22638182867516599,0.7790545897802181,0.5711426021883361,-0.39980526116754567,-1.0750088561663842,-0.29324737110020827,-0.2665022404574815,-0.4772362414088693,0.07862699609982796,0.3267990774881378,-0.45186761700310096,-0.24590590049723346,0.5492329660511592,-0.5042515794493462,0.00823490786597547,-0.6729254619267883,-0.4240952516330131,-0.5216311022262543
-1.4245347970167692,0.16122660951391296,0.0020925540528114496,0.013509197445422816,0.49232973345003417,-0.012369373854555828,-0.45540221389967955,-0.23107783672221696,-0.39617111441116165,-0.5273528105353866,0.5892036567365111,-0.0370459083090011,-0.7868983864049728,-1.0095585220308532,-1.6510498237429123,-0.3192147036125251,-1.802474847253333,-0.4676030439101297,-1.9978170690964305,-0.26679050611420235,-0.5969909969706478,0.8858475146009005,-0.5858851370430611,-0.3726222037685453,-0.4107600989421595,-0.6899172840012319,-0.4605341654155766,-0.5045275315073622,-0.9599525547242848,-0.6864147775563564,0.02583233760553001,0.38391671870083693,0.7678820078832684,0.06562420125423851,-0.3175941840829469,0.7004658602362692,0.3231473206809819,0.380185821526731,0.025920643929990963,0.4841050568460973,0.8173708880050101,-0.4126286927947394,-0.09379379129704975,-0.2616483106953303,-0.687319713822142,0.5895900429658957,0.9460198798941967,1.3425033620532756,0.7233276993847145,0.670692100535661,-1.386601907582867,-0.4052141447455614,-1.1289395035640093,0.8379133950223188,-0.5097962405005722,0.1410404481375722,-0.09507586237707807,0.09095067802014645,-1.0038303346811246,1.256831277213487,0.3020186400723788,-1.2388162710440522,-0.3291028675845437,-0.3112959525978498,-0.6118524637793867,-1.417114047780883,-0.26688565221887217,-0.8044209436285257,0.053818770189608435,0.01793036870096844,-1.4112436194457036,0.018166939256601636,-0.5518191844155732,0.04259041985973911,-0.049228717353525214,0.3545549530863071,-1.1195743547415133,-1.8505016223028254,-0.28941715572589655,-0.1608818616545282,0.22343959470847904,0.6155718826104076,-0.6731836888425687,-1.2144230840984327,-1.343619615114012,0.11706219301353492,-0.5934488959030498,-0.8332891077284327,0.3901813555310395,-0.3973677636055988,-1.3285885095621037,-0.19322928338851764,-0.49796450093527733,0.5722908879872702,-0.9110968150718419,-0.25895917506842636,0.02277049892421172,0.16164820615825334,-0.06974506046341712,0.42636489366291447
-0.5283444601016721,-0.7227170749854887,-0.2056085270895411,-1.560511035550599,-0.39371448254921465,0.953521661543137,-0.35573256821450805,-1.0389209464726392,-0.6155597548140599,0.9784224580786854,0.4596012398348549,0.342914644392832,-0.5122132824408823,-0.39188274606644113,0.05494180747179077,-0.2834150106711383,-0.62579801559143,-0.6654879447651146,-0.46073390677285686,0.9484564939383641,0.4918394215438343,0.34594512146909395,1.0541121935961757,0.6332712190168488,-0.10026204646944172,0.6737845321757241,-0.1659731813479388,0.19403824223463845,0.20613873131825444,0.10422914534887062,0.1303556699328344,0.6855984055109997,-0.23939948391166574,0.060417639005126034,-0.30640088033549306,1.2944776218625251,0.3502502315952327,0.5190074153640154,-0.5330198168756228,-0.145855805771807,0.4075098702835744,0.21635968933934197,0.15494554147669504,0.45412088885423607,-0.7489304291859201,0.4366333429849722,0.7189452555521871,1.5653469283961157,1.5273386493731713,0.6395084955015264,0.09030059459284373,-1.1816071450462617,-1.8223188079963333,-0.8023500239685397,0.8467214779554926,0.18709602887424173,-1.008753733121215,-0.7617079419460362,0.3468062533719911,0.5059531874121662,-0.4199358334935599,-1.288102367488382,-0.18086320314158902,0.20662442619611665,0.010317722841884591,0.8204983220591918,0.10876543270625981,0.02605638860588991,0.7418058947736658,-0.22062623464463013,0.030616328183382967,0.3547649843391697,0.42518415777761775,-0.2666787985985577,-0.17494908393633385,1.1277761624038427,-0.5384029825747773,-0.5336368285976779,-0.09841176729722562,-0.17146693945672184,0.7112713377984596,0.3280357830530846,-0.9232951936335708,-2.201213795616793,-0.6090503263625969,0.6948543192750885,0.21903107910685582,0.2628982453303835,0.6196954417308635,-0.1312138696969348,-1.1728063682783287,-0.3026669828963389,-0.22437866272409332,-0.014015123142707238,-1.4668236874814988,-0.2860398146031812,-0.2574801014031463,0.8373619001183504,0.7112498834912803,0.3831626880791095
0.30667007507814575,-1.1434278810919822,-0.4321060861633283,-1.2606612361382032,-0.38527010626589525,0.9030925057828513,-0.4891072925550467,-0.9437084910683097,-0.3453919402867213,1.4900066348998031,-0.666480272316461,-0.42712433508743414,0.29567034532853,0.6723168703551899,2.889391341989356,-0.20850944823966516,0.4822785620737323,-0.5203587082745714,0.8981860407867058,1.7183238928385807,1.4943121413886602,0.660916216444638,1.8724648261316128,0.5715564549428693,0.2608375698149019,0.8069261343765375,1.0436215064251917,1.3260064170823023,1.464292442700436,2.6246372783635064,-0.25103303169188246,0.6704072322309447,-0.8369164770604155,0.5525440279186867,0.6163194302808851,0.8686483864821876,0.10306482256083127,-0.3989034746979201,-0.6887638868950064,-0.22477732000982467,-0.6014960815196996,0.5972670839753134,0.8120601298624148,-0.19660910995374462,-0.023629785477180112,0.5047619271096486,0.3709931731260194,0.4200113013817887,0.9798941281630976,0.11233937449319528,0.9914171232122944,-1.3326117415890637,-1.1167418255307895,-0.724092439448644,1.3138073942048762,0.23919767263272956,-0.9972461630985183,-1.1032476405081935,1.115317053352929,-0.4359583348143238,-1.3276376061843649,0.12719777360936455,0.5733101444073598,1.1445885541690584,1.2362592890092456,3.5964292396294764,0.40705250994833614,0.6950668689738883,1.2084239928915288,-0.1178196984409317,2.774236673945977,0.7161636688187932,1.3982978739251608,0.6604280549914351,0.5997919846228619,-0.0731216472597816,1.1161046603730855,2.2143767677386026,-0.8081444249568123,0.7708880084091602,1.4483009469317893,0.045748099461693933,-0.42398823855005724,-1.4052054363360449,0.9792421087566371,0.6889669188243153,0.34794720724387196,1.689402388754036,-0.0900036031502997,-0.012794350093649914,-0.03975122741254668,0.23216564534349732,-0.898607995760962,-1.5148969930799245,-0.8685442502497764,-0.7808210034582164,-0.22851903740075136,0.6479273681593085,0.3409529444667042,-0.5928172692144161
-0.07379519433461337,-0.567784560522002,-0.00625741979749893,-0.616270328921794,-1.1035725159939807,0.29501360076320804,-0.774497247490221,-0.18352480033592047,0.2781180126413802,0.1885836031760736,-0.5306138429980984,-0.9136663768485973,0.15386160621508135,0.8983567468354957,2.17476519949026,-0.176274226889845,0.3808326968726926,-0.1868806995534922,0.3520887388265568,0.6076758850489664,1.2600160186105667,0.6023847420490402,0.5923314129339985,-0.3494910904950677,0.2824559292601448,0.16699901631319247,0.5888524249462106,0.2392660680412363,0.5657867645324367,2.7664618238563934,-0.4946213133333559,0.32498468165946065,-0.3672497448903271,0.18107174990037556,-0.07266952072764345,-0.4700027459206522,-0.5698192610655477,-1.347392634753744,-0.2545893021062901,-0.027527813310405037,-0.8884022593936969,0.4856790658954329,0.476615615577921,-0.8449731690168569,-0.21917927823015543,0.3824516205262227,-0.417302850438899,-1.104851922856073,-0.5567575837933827,-0.6061300107778347,0.14648883592016598,-0.2507689371422905,0.0371891381976696,-0.007650262107286161,0.4933498053651622,0.13637402365764534,0.07466804203831692,-0.2526584426863533,0.16866015738776943,0.2351322191334569,-0.06957782124240701,0.9788719432089265,1.1971926125589634,0.8291003609435661,1.1916610110404575,2.89740812552225,-0.7358647464124523,0.2521405331302963,0.757322886160008,-0.07260754218781348,2.793543502259184,1.0877965412015056,1.0889547358402254,0.7287831829337604,1.7072216423025512,-0.7542269304713546,1.4814304651122796,2.3307046909785427,-0.9352180326321902,0.9369095762906253,1.4721337143784912,0.2480641567247253,-0.466842413057569,0.25541904374935015,0.41397345776439065,-0.24762588210008857,-0.7084654629199735,1.0714628149422674,-1.1602735582019184,-0.35881672180558444,0.11436551681040798,0.5279093556679634,-1.4829733673416023,-1.2557500779302273,-0.16206168372898924,-0.909286186044574,-0.13403769552221573,-0.2217312037588553,-1.2370232613916037,-1.5670364379251958
0.15061653157115662,0.7221743509892378,1.4886409289186744,-1.1812744918131692,-1.8545067114601193,0.6936664392035603,0.5340662915473856,0.8462590748751528,0.9670132173126098,-0.783926659607347,0.4211402035962774,0.05494816035833775,-0.34366580207014275,0.8577873991597166,-0.45330064567583883,0.9036573473377035,0.4324547846913656,1.2552438850434575,0.16195960535529055,-0.4241166273469912,1.1409689921198836,-0.38356785251128683,-0.30509937794147884,-0.0086290975764194,-0.26936777446475585,0.5575914799637187,-1.5498550185427524,-1.2550549339603427,-1.0911894344129367,0.46512673064453214,0.3513155319682693,-0.21823224426483304,0.03218499251560021,-0.8274074808409835,-2.036556796869897,-1.2610046696426649,-1.3399936462121753,-0.679998442543578,0.44676554111006445,-0.16295365789352337,-0.6157738137680493,0.038704369792452294,-0.5136682447405923,-0.20447948094177615,-0.8932498826609997,-0.9291497879184746,-1.5966196271521957,-1.64663007739229,-1.2058600466841474,-1.1334084712147567,0.551573529212433,1.4766854182955815,1.3077891060430353,-0.79473281102182,0.6283528467715334,0.555824717996811,1.5011139573706263,1.1849379379149185,-0.013523553023047136,0.8010021673729522,1.7853995249124468,0.9614877989192724,1.0683073609061537,-0.37668871320290276,0.17996871147225027,0.3591137183197243,-1.1429175487418177,-0.42748673645692253,0.11800268910584225,0.29011209328004184,1.1913268407126294,1.8176259901923228,0.7911036747083405,-0.31961628727313457,1.8206479254185035,0.8791824667981807,0.586983572794674,0.774760320092514,0.4701370728743688,-0.04266295796532261,0.5665906189303672,-0.24759980534604006,-0.9422460710710944,0.8497205841498343,-1.0728466484861334,-0.9766051289261598,-1.5565227913928972,-0.5383901526764441,-1.3398181141566587,-0.6428183202512922,-0.12909752918899672,0.6567064817276365,-0.3823062542462427,0.41405149238646605,0.24758408973577392,-0.6661758993121158,-0.38207874748189113,-0.7212620017924435,-1.6922771920902304,-1.5743940187888132
1.1673503201813855,1.710336996207939,2.530688747779054,-1.6972223940917328,-1.2370488255376044,1.4118605144723755,2.0534577605037785,1.1368964247797657,1.0004495334906245,-0.37506583369438157,0.39395438970777147,0.590606095695229,-0.17062294380243515,1.2232471202721344,-1.4010264682573035,1.9503721790525368,0.5399302790023732,2.1702620294932817,1.3091831048873965,-0.15124411318922404,0.8734409800631528,-1.0287596219983928,-0.01574053142228597,0.14289161761912358,-0.5750723287344902,0.4763100536089416,-2.5928039754574326,-0.786233790019032,-1.2946803265144422,-1.5128425724329142,1.4583776841060478,-0.1918464127682258,-0.38962224285289426,-1.2406385132246254,-2.6005222365297462,-0.7946419923832879,-0.8861628362408487,0.6479614202339468,0.59355206105644,-0.6686701284269556,-0.6670281001644307,-0.5956109047112204,-0.8978152439587834,0.033031898752254936,-0.6861413668069877,-1.9926897456142658,-1.7341541934013023,-1.058768384361751,-0.548396525304831,-0.8401601237338707,1.6215736708111679,2.1472222849691884,2.168516470186355,-1.5949820041249994,1.3110857090287744,1.1076395571492066,2.0036498301250156,1.5847616355012952,0.7909984026545481,0.1034003336264594,1.3083747912673969,0.9459649120482108,0.7729092841314257,-0.17049204188000594,0.056906515026408665,-0.5539292160578757,0.657681487219369,-0.14789855705435856,0.13825538565554868,1.0200952995175734,0.886218932136037,1.89033267480445,1.0015560172690767,-0.312500453764943,0.6727546973718134,1.6611945620426658,-0.1625600015296168,-0.14599387956819818,1.711753817022579,-0.2404680616004334,-0.3374214636196815,-0.8699670522892857,-0.6369995361521914,-0.45804890089802974,-0.957671134837961,-0.17509178553522586,-0.7577582773557979,-0.6155389721947618,-0.38591048365434116,0.027541462160068822,0.302195298832134,1.2480800233968519,1.23374731927493,0.521110867487874,0.07998610421687939,-0.681786433258803,-0.6308355671830707,-0.23035275009327438,-0.19332246381603,-0.26373846016048447
0.9202864706445719,1.5279461450227059,1.7016917768568969,-0.7697030150051445,-0.2869291915091481,0.9439608462592691,1.5031063238139404,0.31886717804055614,0.4929255207565434,-0.2646812283044949,-0.06269211547012768,-0.20895153582404966,0.33858077070868015,1.0343088071534097,-0.9546778342730973,1.2205337059271215,0.24119918064185594,1.0218747630837626,1.7679363655053661,-0.2292015796223238,-0.34411214426939796,-0.6879987969251715,-0.0980421706313477,-0.7621310740870847,-0.6221184501703934,-0.7805084772512698,-1.438897433925945,0.29112165261198975,-0.18693292668554704,-2.1164101605952133,0.8047158512804382,0.1312972223387589,-1.0133529517118445,-0.32237094267707245,-0.9081200055164154,0.10434210184682856,0.7003294975709725,0.44963413779505895,0.2965133023854417,-0.7197465692096067,-0.6933656645060466,-0.48250091738288525,-0.25213836036809867,-0.8596033678473696,-0.1715965035229752,-1.0397612467229156,-0.5271943947722448,-0.37527194213903503,-0.02784232476687191,-0.03574994759036628,0.8727266384107658,1.2057564117895465,1.8760273789378898,-0.6175751716298971,0.6457268918682937,0.7720221930320316,1.2721799824606554,0.9609300778519896,0.560527006195941,-0.044821821611794405,0.04277713951148793,0.87855016834679,0.6717040865248571,1.3928624614244545,0.9567534347428543,-0.08119729370018358,2.116604108296131,1.2794867445916231,0.8592916866988284,1.3667975630465101,0.7863836230345815,0.6916141751371511,0.5391030539327293,0.6100781421380188,-0.559807348985748,-0.15983745772490396,-0.5553473221788343,-0.7838703381775696,1.428323830342556,0.44317513174712725,-0.3414531309179458,0.12886284495609185,0.2753048642351777,-1.3883701471621035,0.08568640734887455,1.3668117774655812,0.909130481208398,0.4593013774051023,0.661679725791807,1.0760941037113856,0.5298145673880573,0.9712402237053704,1.6923031448168506,-0.3234876344095068,-0.28965063414862346,-0.7346048706984901,-0.23793413615438164,0.6559501959982819,0.8546123338103697,1.1310890812537582
-0.2496379544948866,0.4440628176008206,0.11812465820647516,0.6588100191731986,0.30784769379309423,-0.0435111045624145,0.4013002367988175,-0.31134353236754286,0.4473819263895146,-1.0784419594459915,0.004896578506134753,-0.6626841606766264,0.47525193508273667,-0.11412440890019272,-0.707794405984945,-0.02692803310405964,0.402729771008892,-0.034057076018329024,0.7855129439773725,-1.0559869093083087,-1.1971996094521589,0.11237987019317432,-0.9085761474419239,-0.5971609280809835,-1.0194708806786243,-1.0007799491128577,0.010878553755925514,-0.2748359237767856,0.30522994834159617,-1.763572443341941,-1.1124437227535193,-0.5142393212886962,-0.733618864657843,1.5163955822390816,1.4358336860054854,0.5035939699592508,1.3451386249549524,-1.022024834278898,0.4629744412421742,0.29445459553410713,0.10857851500623404,0.2690751696721807,0.6210012653561046,-1.2508042619886666,-0.11200581161374715,0.35024538075819384,0.6857930733484086,-0.34223780167379825,-0.3493936951695318,0.3511585544215142,-0.46670281702142286,0.0014660826018633426,0.9767676009239381,0.9197586691667716,-0.2839336542426884,0.04458748301769247,0.2438612063266811,0.6816714813599734,-0.059192245929262616,0.9855663401343209,0.5281037129583895,0.6856866746322339,0.3073221250567628,1.8408362662007598,1.64229729017864,0.041520233132429536,1.60218900959028,2.5721381168656277,1.5172524253534703,1.3333996385781262,-0.5273310029923364,-0.15179592364929498,-0.3665904774235839,0.4506726899886056,-0.8347671983488295,-1.2124832554347602,-0.8374121478291277,-1.4729030521876376,0.529329130640413,0.3353997941247919,-0.0344340110906288,1.7534699769191908,1.0037972041597993,0.1156175358441124,0.09992986106229461,2.002254122747908,1.7130958244063266,0.3247992052351641,1.0084616799226387,1.2025450903563402,0.4175127926111088,-0.7900690160841382,1.1335656437255792,0.6098855608081957,0.4481792176045739,-0.3468593500872277,0.6206567993082551,0.8089826434342209,0.1186481567513731,1.112915227667558
-0.4248277709584779,-0.5290360920532131,-0.5347637733273174,1.335008372786947,1.0122953856493013,-0.1848232703476756,0.3405093613007625,-0.11182290654539741,0.6889325379246378,-1.149321592746391,0.1977655208165259,-0.30187880646932735,-0.2082790313809343,-0.9540739730036847,-0.7753294502827819,-0.12662991965077902,0.7668347428774829,0.13366419051811948,-0.15420576168520775,-1.1821385966246247,-0.9761510289307195,0.627950213624129,-1.687766916653716,0.2039863724713397,-1.0250897494331148,-0.39480960902004736,0.17584945314846184,-1.9402591460338057,-0.7655548546611317,-1.443411179055705,-1.754658237425486,-1.1952145758383725,0.7647155986588681,2.3460453381792914,2.3108717874377946,0.24070950885213369,0.6010379262574777,-1.6247731869805122,0.9652370703358384,1.3995729104488523,1.238702608091018,-0.04036885070680584,0.5342345908088231,-0.8201549439380336,0.05459001162401001,0.31046929830964537,1.1390997445766133,-0.8892174645153149,-0.8238536453080687,0.2640806334916941,-0.7924479277811258,-0.5017423994976057,0.5296384910953211,1.4975180855036982,0.06160851304652683,-0.12997737013574573,-0.48813039514223455,0.6019562064299612,0.22584150764549205,0.8749546847062016,0.9690179900420107,0.6311146071191014,-0.3278053650511262,0.5268789441268055,1.3170096089503203,-0.4818584086178012,0.7060413015458143,2.1180603333529264,1.2690813228563214,1.298411336754105,-1.241333526751493,0.40034793168666916,-0.7262630191900844,-0.4077016808518093,-0.6385963882472531,-0.2589860925724262,-0.7644735825220088,-1.685878923701725,0.3908965316680077,-0.004001951874957555,-0.3913641513951925,1.8750138020285512,1.3347791451456716,1.9211099431472793,-0.6398947709557963,1.7139699523606107,1.5790248921453027,-1.1033099760425449,0.9942611132549667,0.9852492876178331,1.2276609466032118,-1.4700404039730048,0.31339058069405823,1.9749139539607052,1.5960673071019083,0.17142156728970212,1.2168913279811353,0.11442927415076355,-0.4724499064190819,0.3211892184971012
0.3735716907689438,-0.9561282769732523,-0.4972792586832833,0.9275249176966566,0.746318749750578,0.1277822305378658,-0.16833841758658635,-0.2696415407267639,0.1104009747306628,-0.27234248278622925,0.3499810225424923,0.05386761069967173,-1.046054003088628,-0.9055622806082908,-0.8882603911811348,0.022251343057845464,0.29610054043261674,-0.3588175079282165,-0.4554316433935941,-0.7823018927576568,-0.764325993188657,0.44764636146297737,-1.6771362882558787,-0.2187168377200665,-0.09734150451795515,-0.9017741588613339,-0.5533302963238783,-2.3103001733541415,-1.8182024259765517,-1.8226134044235398,-0.7572108120263705,0.02796191572443103,2.1954134846084674,0.8798136550057573,1.1529023811122172,-0.2164279665456529,0.19669565931628635,-0.5431278548899527,0.9569726640184798,1.2224608740261207,1.7493741187989809,-0.9300982372693246,-0.2953679650504083,-0.13118363333544575,0.39434673432681216,0.10883621600125946,1.063235366728084,-1.0752854545943693,-0.7841205460353834,0.253540312575528,-0.4964870493708661,-0.7449936014727574,0.13482159877319116,0.6081952189632391,0.42631432664418584,-0.20293590243929802,-1.0479722274303047,-0.24803767817227365,0.11169705655851143,-0.6384715319370214,-0.1315105647948713,0.12801672687354523,-0.7774981180914241,-0.7349827525069117,-0.013380155861675288,-1.1765859427073215,0.024618186254319437,0.34956294067789095,0.19306865392938102,0.6735066343711824,-0.5727470654493111,0.7483731068205387,-0.8042912750148995,-0.6057590468298087,-0.8800414970289481,-0.18702641205611178,-0.6839879694027381,-1.5429217168285454,0.7713001610756502,0.6979811623705215,-0.5473233319457711,1.0747044973928754,0.6898195248021584,1.2552980051584233,-0.7220647642749403,1.1161342043396831,1.2196614046430456,-1.4621964402095877,0.957710089484263,1.359114078407556,2.1424140403073904,-0.12752111209193817,0.1081179946639515,1.4191963357168442,1.1045473741814422,0.42851978766614524,1.1313295533428809,-0.2880692130542467,0.0991796705363601,0.2207299413207863
1.1078822173451204,-0.9368000622976094,-0.6836174197151016,-0.5110894862745398,-0.7990233271227078,-0.12079896684269907,-1.5736423798980064,-1.2006757380282629,-1.0901234131662547,-0.09800985529370292,0.4598518003315232,0.18073396380577758,-0.43077104651529113,-0.6120684060163266,-0.8488250343452821,-0.42103460951075505,-0.5040418207568141,-1.319961047055097,-0.6979385407870369,-0.682492388284341,-0.9104558791050595,-0.09606842655283365,-0.8004180765813487,-0.7935130793117202,0.4980363683095494,-1.492884678717478,-1.0721616813740726,-0.786233790019032,-1.2526550335804356,-1.7833336860723774,0.37497554129164196,1.7018172413267745,1.814873385853061,-1.1598305419909511,-0.4660161269941003,-0.1629522085018181,0.41517714160183994,1.0019940038687076,0.2732130084455339,-0.15079518527363617,1.5674023420123688,-0.5081668533454616,-0.6838194768258707,1.132179905939676,0.45511577325119446,0.7024953934917063,0.8159064766213027,0.21496236871497393,0.0033610491313255074,0.5353736237115205,0.03927835502206303,-0.8663324848719608,-0.9619997343311129,-1.3248095347131552,-0.25712691942601323,-0.7800305889916453,-1.3325889278153396,-1.2507152294790054,-0.9428296194252718,-0.8612170215376835,-0.7001101939229235,-0.8253193229295397,-0.9386046826574361,-0.9241785204227381,-1.2312520698030796,-1.4442775131990266,-1.316533375507496,-0.6852302991926014,-1.0586689044636688,-0.941975963808702,-0.6951403527094622,-0.5233032231743007,-0.9970045654583628,-0.9089366805424567,-1.2447481557000806,-1.0112975517922895,-1.1479123020103672,-1.4350614386035607,0.24023326820551785,0.7662464234905512,-0.1280809666895528,0.4308098493690258,-0.7373647571430639,-0.7615590828395256,-0.31985910062253725,-0.10732052978447178,0.3403530761683248,-0.3217635436406128,0.40664578065297813,0.9942623784090402,1.131743078046227,0.5945285588022771,0.742324581904111,0.28135938581624526,-0.5056444284473793,0.6160700019646953,0.07628790236589973,-0.041636680328767404,0.494207918269032,0.6336034213214721
0.9128529577900388,-0.434849395141747,-0.9783245054362294,-1.539635750456491,-1.0596108384587097,-0.48792322077757955,-2.174018848677921,-1.6991049633725481,-1.6239145675241675,-0.3587009771823776,0.41756971651875474,0.007846018419214442,1.1208932878433906,-0.3044796661472995,-0.4144506989954441,-0.8070823805799955,-0.7759040455395795,-0.9705622055661608,-0.8340060834521715,-0.052460927527973114,-1.1262596988695983,-0.4616098183720838,-0.24728247639711298,-0.5735051916198601,0.20290290610334785,-0.8309960592601844,-0.6022144397352454,0.6495508465775248,0.08915604455458713,-0.5576511025658957,1.1707638154957671,1.2700169729186985,-0.25227275420103157,-1.3519420633459587,-0.7537535962083091,0.7032874879118839,0.32157489441485976,1.495110816788553,-0.5350992481425711,-1.4869244799662376,1.0025308962645545,0.21186296201436228,-0.7753826082226831,2.057407199636977,0.6143609555848942,0.8033807513975403,0.46850531022393677,2.4026072564860246,1.3582380485874188,0.999038404594237,-0.14975904258767947,-0.4206586655058885,-1.9481743478704767,-1.9699574266088808,-0.847546185847249,-1.2241118890639902,-1.2762105306008684,-1.3641365719381018,-1.0299657037397594,0.34162130712876204,-0.3874924472740535,-0.6490954705372006,-1.082951839500138,-0.8359559752424763,-1.2637996671144387,-1.1395647680648517,-2.48535558682187,-0.4537231903907515,-2.160576812262622,-2.5503018638882184,-2.2297831151597913,-2.494985448454637,-1.2412259341426783,-1.692918246524505,-1.2166321213367484,-0.3896563326722956,-1.424231633197216,-1.5456664017644277,-1.1576308957982053,-0.929658514972673,-1.0905777419460685,-0.760817791438455,-0.9595652264331815,-1.9590811726386008,-0.4811048197299788,-1.8024288056391067,-0.6872479209452629,0.1096706315297856,-0.39183767669823905,-0.8814867491729088,-0.9759744399818974,-0.041257784956480706,0.8157134837600308,-0.3032377765491447,-1.8519278363235199,0.8542565360544707,-1.5961860142438895,-0.07863748334731605,0.6334550788190942,0.8203727817056068
-0.16324848078004228,0.04694470528094506,-1.020435845417232,-0.5113400424443364,0.650651180249354,-0.05851550542698172,-1.5277258675537309,-1.2378830634781672,-1.0838764145920705,0.28051865695688566,0.9287757698461669,0.007011048228427063,1.1896083499827603,-2.3118562064093613e-05,0.11071542955542593,-0.9025482284236936,-0.5236116696224995,-0.19915897675235375,-0.7385295165215281,1.4625994554990653,-1.4505758101562183,-0.758640231540548,-0.4229278914091189,-0.3765330311673601,0.07338321955916133,0.047344640511923525,0.7624591740848664,0.7847041032961859,0.9724244820096718,0.2597457558294308,1.318148036723921,-0.196549494030801,-1.61170047842765,-0.16388956319643427,0.3096102597998054,1.8269711417707393,0.405771173573582,0.7578931148132017,-0.8295253880422754,-1.5517334813418862,0.5234644627665307,-0.2860977039118495,-1.183204426505866,1.6121759672404206,1.199831086828666,0.30588151486690623,-0.08552177379932512,3.468825204540793,2.4609339582994703,1.3791459941477613,-1.1682267222199259,0.20904961658348736,-1.7089671640139845,-0.08716265432838165,-0.527356702390216,-0.7743497244073865,-1.2420646427249573,-0.9899113427947551,0.42204774383515853,0.6664796208345113,-0.9421368364897905,0.4943494120009236,-1.4010562106096733,-1.0441259657108366,-1.1592976707882978,-0.9120050271264037,-1.8138734248985682,-0.4900799649831898,-2.724528765440268,-2.792720812240365,-2.8590056544866,-3.4620848120820944,-1.5381340556271335,-1.3789590468903545,-1.1204175550743947,0.456843190050597,-0.8131642135681496,-1.5861359051807322,-1.5816999042205597,-1.6124243355612284,-2.8333297238248996,-1.7014703320445144,0.4099362488102129,-2.201952648433204,-0.7997652600495283,-2.37820333961135,-0.36847851591956715,-0.44117835998241955,0.04043580487825883,-1.7848483143153753,-1.5218645900800265,-0.43607620763454147,-0.07052823241616167,-1.0099321831443129,-2.8386111366322537,1.0688873898877755,-1.9481785658927697,-0.022797005005407146,1.6518705863715109,1.0283344903892209
-0.19584543917593414,-0.281450865969978,-0.9237785723621239,0.9977465810738668,1.4840771721716377,0.49783552036896017,-0.5683104232102096,-0.4770344812974237,-0.29499948512163526,0.8064351125703635,1.7722876818798556,0.6832877868726281,-0.049422885177684485,0.12250526053959952,0.3996419508264711,-0.9582882986744243,-0.08514127206430404,-0.30716688851167234,-0.5723322204647721,2.3415987547488544,-1.2381177860469437,-1.1713880423646768,-0.2003705420479478,-0.05636980765219483,0.33251782771116983,0.6471681473341451,1.9817364812703124,0.7378856153861907,1.4781042641208522,0.10311241664420223,0.2366759649935595,-0.6200696897934982,-0.67428762296129,0.09675731837648256,0.999231600850563,2.1543475360384625,1.032940537208519,-0.14170833260208657,-0.5965224486431976,-0.46197609388887356,0.6402161131177201,-0.4925320783386092,-1.168015646482352,1.404021554176593,1.7537664074764054,0.40736328462029636,-0.5311804342747519,2.6040972624176346,2.493534857823996,1.3229017920805848,-0.7099513441751198,0.2734655014378219,-0.6830352651696906,1.5137598922276783,0.0778267740274082,0.1000570679225623,-1.1391052252926686,-0.7295043315902418,1.4539856039728567,0.19244779017524347,-1.4524707924073006,0.260314904187101,-1.3467773546283726,-1.0542961489989948,-2.0448613060647998,-0.830295570666988,-0.02906296193392327,-1.479618186059523,-2.2860226192496094,-1.5747189545872657,-1.585455233473945,-2.955837836237896,-1.4145500280858665,-0.3311525628091422,-0.9824565575615423,-0.31210816038813477,0.09871392466397447,-0.6435410211366175,-0.7106259864835318,0.06981056926975113,-2.0232197656901207,-0.5227709927124377,1.0158490461555658,-1.4478477988832068,-0.1565996518521639,-1.1734692159093167,0.7864737580791057,0.1296801034436905,1.4758867091344756,-0.15950248138814904,-0.305494585441847,-0.9567309028996391,-0.39145906513530304,-0.9559325621833472,-2.3615274534898716,1.404709700812566,0.10321178125786007,1.3105490843523246,2.7994824506150198,1.3359379672643032
1.0781983923651943,-0.8151550286643966,-0.6044553299654057,0.48258990880518726,0.473107108041272,0.190784134720579,-0.07684776954351862,0.15054325897519244,0.07398989732684619,0.1934826366541894,1.0526152953244532,0.9841226350239631,-0.3396958579533398,0.29380634806030637,0.6356686816861294,-0.8638556310021948,-0.2658185794296594,-0.38963598369735897,0.013173795800708182,1.696899487636725,-0.2492995295519796,-1.3006730806369453,0.41305100885692564,0.5338789714664831,0.593557137135887,1.2406061089141043,2.025857822700486,1.251669474783533,1.4334247421594348,0.6315678610620657,-0.6933853579022795,-0.4206634602990548,0.6583553937277771,-1.0507052475044505,-0.047626875055373843,1.2359837595093637,1.0190460069296943,-0.5624503199781153,-0.4168382596786914,0.1405196475430356,0.7261943988171267,0.7778279811783437,-0.3430250683630541,1.983290515792631,1.656749169895374,0.631109483122685,-0.5785268059264825,0.8709911969044406,1.5194113057341698,0.5988998317228534,0.8772548621726726,-0.06524354295945045,-0.09361692372342906,0.5259611311648935,0.3378409167415846,0.49414675965342975,-0.5421609002362059,-0.24415396812056253,0.7814499901592222,0.33933803901212656,-0.47519654628502683,-1.1172017113132175,-0.3014228135383027,-0.6057455278570925,-2.3159209243346894,-0.34420097580520914,0.09917533651576764,-1.942746973331056,-1.387246235053682,-0.30082669272176943,-0.32625988947136897,-1.952447916733229,-0.3730731874996637,-0.7498546753706885,-0.4882344021939195,-0.6972117560308542,0.9060532780400343,1.0954212771761045,-0.20227707620745414,1.0149391471479727,0.09264005944960048,0.8082213658344901,0.037159321330708664,0.34007046642960737,0.970696036528585,-0.10080469894850372,0.7112688479127778,1.528738099562976,1.6858904515648023,1.0830993277421752,0.2670869283607833,-1.7912930057540286,-0.17054349322207504,0.20377765190397196,-0.1214339522106682,1.472411299649453,1.9655843855943798,2.213217002652732,2.469784427965654,0.8983820044519095
1.0487656995762997,-0.30584123210828923,0.24991688616418792,-0.7055078868698845,0.04498996069248139,-0.14403782711360336,-0.12535112765366888,0.7661795488353661,0.37107930094769304,0.28109194810858007,-0.7101404388609048,0.47793423583250866,0.37518599072684905,0.6491237322537794,0.9126741234278479,-0.3668959685258007,-1.0994412496244386,0.11880747510749702,0.7486120569460168,0.5561888913103751,0.12511308965400106,-0.7061637372548398,0.668186090405017,0.5131325090459414,1.2306797128569222,1.1514471874941064,0.9395202631219699,1.3072896263323268,0.6280136895084043,1.6668239237116145,-0.10647736291448344,-0.11445533377608495,0.23711915018663346,-1.793171649865134,-1.3411807064348553,-0.3079365623009165,0.037737658595574805,-0.5229799641087037,-0.2448319707767635,-0.03328137624660164,-0.32366943240557516,1.8097923120509891,0.4317871919457677,1.0485511786312673,0.47610157247346496,0.024283367151576817,-0.6677427957671493,-0.4960929420726633,0.26744520196857935,-0.6158174841509916,0.4896133970336662,-0.058973985027040446,-0.11260243095505165,-0.8670344772979929,0.33679698270143593,0.5978631159203261,0.33421157348221153,0.6238977508097013,-0.31127033580586416,0.5243461805739521,0.7204721113117264,-0.9287680102549115,1.0652798549948461,0.12981677330345925,-0.5251843988726104,0.3662988930432332,-1.7356322742712602,-0.6351251644601653,-0.8160395846044992,0.12607602888430647,-0.15119797471430774,-1.158450737454334,1.0908995488630493,-1.3946462253061405,0.13095978424113802,0.4355566876989123,1.5616239344452734,2.050513237311257,-0.46816463987719986,-0.095758161058679,-0.1843712075754455,-0.627294531017023,-0.6956270240555876,1.566830017678098,1.1711849263843805,-0.7043955462864789,-0.3944366366868921,1.2268304792149405,0.24825801097992878,-0.5250680895681464,-0.7531713196829414,-0.9804177306807285,-0.39229113885249034,0.10338278698445526,1.132594945178862,0.3827512687830265,0.8782230681356383,0.36389531391983476,0.8794227827063315,-0.5349942298631664
0.06678860620483386,0.934907431244647,1.1233747568087766,-0.15030178893424023,1.1691104236141596,0.29548335180316687,0.30946721211026634,1.4807250905527192,0.9727545064784078,2.201565188907415,-0.3309797672776643,0.5331405002116272,0.8137480525713227,0.9497769034944106,1.2855803924545957,0.695264906752488,-0.8791482211769254,0.4965282093351406,0.7117111699146612,0.0686874555795264,-0.21091330642604342,0.36837097372794364,1.0316164122123654,0.2789121022705836,1.9647833283800384,0.44921624482401584,0.1541289825748887,0.44292383934620966,0.2879774596634251,1.6060350394400997,0.2870241986169952,0.9185002888802156,-0.3892588844173073,-1.1535082878313145,-0.5188839345244473,-1.5997858464315848,-0.793990067477616,0.4045358794727844,0.546258329420975,0.6613256510600778,-1.712698713906428,1.0297138917975903,0.9729259134312941,-1.0425049954710714,-1.0123751547168294,-0.45481885777367326,-0.6775944706351343,-1.0374148239505205,-0.6973052903170781,-1.4404117188123824,-0.7630463622284634,0.6212730506394454,0.24980640466793766,-0.16112561530755137,0.410729882759109,0.9822547602537803,1.0935372770453413,1.307600809402174,-0.0035932040279082864,-0.17883697523542738,1.067163053220957,0.7837004902953155,1.9035746167936993,1.1994771851690287,1.6289016674835515,1.0400842715361847,-1.8116513294397956,1.376030784685829,-0.11928636748400177,0.4170014865833912,0.32407011500614813,-0.14928446649516278,2.0874099550124443,0.5985418666020113,0.8056911564242984,0.622676973858264,1.5882577096275123,2.0610831941919945,-0.5152349923022916,-0.33321485293141895,-1.1865722506553742,-2.6420932205829697,-0.22282839602214477,1.5150575453281403,0.45699851105044575,-1.4615880098794576,-0.7737289651328578,-0.461401836943532,-1.0194204012837336,-2.3301403071834024,-1.4438609926097052,1.050613872567963,-0.12236642499693041,-1.6126431424143306,0.7325733382328211,-1.183169926793799,-1.269080156376535,-1.9830811882275872,-0.5485827671460839,-1.6035728010171764
0.45137244355051,1.4103508325596277,0.7077557120864012,1.066319848597152,1.8473975226127464,0.2608046720885594,1.3340103027946322,1.7604582207043222,1.1648943340529596,3.485893720835166,1.675571330165908,0.9502817843502864,0.665283818909116,0.8353773091292541,1.3493368802944763,1.4341437063782534,0.41024036165464156,0.2769926130194964,0.277462964373825,0.2190859248308768,0.32617732315345715,0.8384168370734334,1.3420993461285509,0.6087570082486684,1.9389428811136247,0.0388106875246011,0.8699100803199162,-0.14122030709140862,0.87824850392598,0.8574383799367351,-0.5948851784407001,2.0983996007498393,0.3551587334044475,-0.4228894709966727,1.091181112990664,-1.8736020027849456,-0.8607181202981449,1.7595471933737368,1.399251698873251,1.8587180885364667,-1.535405320259445,-0.5684229995001894,1.166444499398902,-1.0216460981285584,-0.8066133211658508,0.17586373209967854,0.1919454637654367,-0.9156812787001731,-1.0369522080537505,-0.908869020660414,-0.036840448637595426,1.087666994391897,1.0778194942535422,1.385645793269972,0.1916528677621918,1.0380489659920364,1.314789876499356,1.1588292009979408,0.9554493470026167,-0.7903088616932814,0.9008206679887626,1.2189741502073606,2.050949279547709,1.7713147147682755,1.9434029135698423,1.377174114967147,1.295188979101964,1.8960625069812416,0.8856907239924756,0.5663833596307541,1.2691043485546951,0.7938304813103315,1.8573326810395754,3.2128020634183097,1.3583369345278948,-0.610181985354055,1.0190155420670808,2.062718325643158,-0.2040749021681347,1.2582261225160385,-0.13823668558011729,-1.892666863955994,0.5401018677051066,1.6703221871768414,0.22802271376781016,-0.5758980701558398,-0.40566674567133765,-0.6522408377908547,-1.0090478134569123,-1.3064852134612617,-0.5027766210520136,1.593930484796699,0.8767876946015786,-2.0894973901724776,0.9927695544711377,-1.0705390850924323,-0.9407079401972889,-1.5191541833898408,-0.8192026395535509,-0.8704558975295524
0.3065193957635268,0.3730086188884572,-1.0886453720645726,1.205629079004072,1.0681810317052391,-1.1120841908122838,1.0293331301638924,0.7458604661736601,0.05209565470494339,1.8637403484271295,1.0713446924504053,0.21609740718030185,-0.3727981861037413,-0.2849407523769794,-0.22775807850938287,0.35844817085372616,0.18148469585980495,-0.6803446601757371,-0.09871112672251858,0.2013819253227565,0.766194665275496,0.06797668272065191,0.4087301727984499,0.3624225751403966,1.318454696507578,-0.5148220527788263,1.5177034882454943,0.0504014542978582,0.3639670536704123,-0.07080594075241549,-0.7974760880900567,1.9242531128722316,0.4705509908772709,-0.6499062106952201,0.6123986120190651,-0.8530682708400275,-0.393879056670717,1.4798404414664517,0.8299674004833304,1.2606732165457661,-0.1212167338743646,-1.1724372498755373,-0.21044608159910014,0.7433932360278365,0.7517786622569277,0.7330500312203491,1.152872645296658,-0.7779781904072387,-0.6428258861596848,0.4466556113528363,0.7425880386055432,0.004753777615200298,0.8236586716366592,1.586061558503851,-1.1002900736389614,0.0014129121773256027,0.20887471509898614,-0.09368146480317117,0.23473517185542409,-0.3803353865285093,-0.009071160600690248,-0.6284355131908237,0.8111856088672433,0.4609700846683236,0.5124652820224247,0.18732670557046469,3.151048020551048,0.3033913645410654,0.9585399757608226,-0.4858784578884266,0.5909645084757706,0.6182796262364908,0.23229406615026135,2.339063961139754,0.4448865329404727,-0.8578965923670223,0.1764241718136151,1.1507821563083651,0.05927936128428837,1.6928935687355309,0.7114754728515363,0.2220889455035007,0.5772593283001302,2.0092445291049037,0.8175543514305031,1.009168737722827,-0.3210727279934242,0.6838461731876124,0.027181942655098264,0.7266806681374127,0.6103387658152962,0.521987648722691,0.46582648568277146,-0.5612739400018599,1.2808758536137492,0.7890727652735009,1.2338495175490776,0.17517924415532776,-0.03203476094531272,0.9312395771120814
-1.9637156111614518,-1.171591851047919,-2.3193447646252543,0.8539800882779333,0.029883438296191424,-2.38773458844165,-0.6969679582129769,-0.9419531776446545,-1.705779996458239,-0.9789498859382987,-2.0092966140858195,-0.9888628099130371,-1.6193022572487565,-1.8225488596917088,-2.778549783155025,-1.5646100823007691,-1.4256230278803363,-1.864502640824606,-0.9848698070337623,-0.7375714978651596,-0.8412792932597328,-0.7164796292939106,-1.033606054340357,-1.0061285493594794,0.0748434905349046,-1.5379415633708238,-0.18272149600707951,-0.39567322156487056,-2.0425339311821724,-1.4924015817952883,-0.0461127259066101,0.35110555083141576,-0.9906170953136904,-0.955287025061532,-0.9391071175856379,0.06647822387645452,-0.05089000367676438,-0.39995401648912116,-0.7815918314015956,-0.8293899383710892,0.35913192315081677,-0.8126298834567783,-2.3770917307833086,0.8029762900108481,0.5474196227716089,0.12434292403771781,0.7452920044590022,-1.1092321403763254,-0.3705734369892349,0.9673518381885842,-0.5504111788172349,-1.7551570088264283,-0.759946983981667,0.9815977134836449,-2.6251421560690016,-1.399488294300894,-1.545116644204287,-1.545140138946682,-1.8357425936310259,-0.25754630114500077,-1.3812175784024507,-2.664762804576148,-1.3292610704272356,-1.5662965703565708,-1.0897103697597967,-2.064524577593637,1.226654877057715,-1.4830934659838002,-0.17168140333398857,-1.6351532941014841,-1.6253693500385549,0.025826883576704845,-1.4394200612868273,-0.8895298618837524,-1.960584528691991,-0.23625537324702847,-1.0428379202127955,-1.2570657006340136,0.37218279780455976,-0.18406148390050842,-0.43305873598610306,0.9971643406080554,-0.05009486965051764,0.699469586412495,0.5072926372661083,1.7005083120040674,-0.27527781635603354,0.4331927616457825,1.0173524694884855,1.0239341872018755,0.38821080648694306,-0.6404320367362951,-1.7266877591057623,0.9155986047929027,-0.08163114925109481,1.6741732545302916,2.095193405863653,0.371079935865184,0.497571376253333,1.709696786605416
-2.8717091610550307,-1.3434902428378033,-1.4989869441369683,0.4868098021912356,-0.5519510612451846,-2.077754166897055,-1.1760289689432688,-1.3509146096983908,-2.2258872491774624,-1.8320071196595755,-2.7806471030790503,-1.0711810475459576,-0.6807607628116218,-1.6541562364345228,-2.808671796608592,-1.7170558166009602,-1.2181826299040706,-1.8843525222960988,-1.4426915889499694,-1.8325253804869475,-2.1431102973411,-0.13744412397041136,-0.8830626392871148,-1.5640414629123474,-1.8586822614340448,-1.679378406587286,-2.466615892197469,-1.8210125103491182,-3.2735063712280903,-1.6591340327444746,-0.4317276176636312,-1.101329592136637,-1.2860794117938124,-0.46560453271388125,-0.8204075066592489,-0.33622042295348503,-0.2287171195909417,-0.8887936235447907,-0.9243261263149437,-1.7154929094409916,0.001564832523457901,-0.7230412390591062,-2.114885423008958,-0.5713932793347305,-1.3712098767126049,-0.26034271763596045,-0.11413700047179472,-1.1687300950264203,-0.7670610952864075,0.6354410687579437,-1.595314756327092,-1.6728499464576556,-1.5297786804381057,0.9194582222523998,-2.4064006912992753,-1.7185094183111986,-1.622191275666127,-1.5120293846372033,-2.4170499463464616,-1.4502367715152886,-1.5172047702487332,-2.3499124996470386,-1.4089493510212967,-1.4670537967177972,-1.4095375863152189,-2.3114930526937587,-0.36676299547107105,-1.535222664847958,-0.9725193743641712,-0.7609001420311381,-2.25769298614106,0.5287461786916778,-1.4964679099563296,-2.0723754591317824,-2.906480620124551,-0.5715020872754777,-1.679516611772132,-2.3523117851546362,0.8469450503606502,-1.5273191779377089,-1.2264296197685947,0.8218316648647893,-0.12312158920206236,-1.5186193436551676,-1.2795240734036217,1.6688883410437352,0.5109218626287967,-1.6509488918466368,0.9961545221439896,0.6072795247845905,-0.1399001047186431,-1.1965600341831684,-2.761371426428169,1.427313367348635,-1.0033513255584525,0.5813239747930367,1.409653086673882,0.2932465314572338,0.11496813801560844,1.2485588338455305
-0.9501963145964265,-0.01180693139184246,0.40213221033586327,-0.35898870404116084,-0.8220650171822176,-0.6048635973132122,0.03750603004794151,-0.35440190256296455,-0.954563544106457,-0.49123546797863904,-0.4032664705664566,-0.1945605790063613,1.806000555647557,0.24149127932030817,0.06665001058095082,-0.2977762150545517,0.745043451708125,-0.6001675100671713,-0.1520561954503715,-1.214980798610703,-0.3204202939537436,0.9290172801991862,0.7290893034197227,-0.452984937512483,-2.4927573151187463,-0.37553361730742396,-2.230674009436824,-1.9821996034933824,-1.3038718233315874,0.4644955361592848,-1.3336365244025459,-1.3265475680909415,0.2826427713308828,0.23653757630928815,0.38650888893485547,-0.4333215861376616,-0.20081370075939234,0.5439953022547265,0.8490021943884724,-0.6097232477787525,0.8033010838961995,-0.8854768661214493,0.42649879080397735,-0.3403520205756455,-1.5055414364401867,0.6267510888520827,0.1540294782537839,-0.09493802084288233,-0.3816813561916048,0.8951222116614129,-0.7337404633749963,-0.0033507728827931265,-0.8297646557366662,0.4385664257785149,-0.604868804871256,-0.5402575259317508,-0.09377147786568929,-0.23043341582108676,-0.8361056489060872,-1.7193452887065213,-0.0069829677670956445,0.06320774355815396,0.8977939029728645,0.5409654069498067,-0.2852467393541607,0.0511588821517708,1.0229822854023236,-0.6096906982011696,-0.5923530853987864,1.0863231565416134,-0.36362310384951885,1.4402795527839598,-0.05406491802857294,-0.6410686752227291,-1.0080603226946907,-0.9853016462654534,-0.5783779906636588,-0.21239189599581468,1.3445614844472105,-0.442660029030571,-0.30057508653934195,1.0325392572597916,0.8759789749172878,-1.9922239989747612,-1.9828068793431453,1.6241374825611727,1.3381758744584031,-1.8921325800495332,0.6893399599966639,1.217180208076716,0.3495015775057103,-0.7402469624580489,-0.9764900956896931,1.4285950039220756,-0.19739612366201295,-0.22191912677915426,1.0680116377482913,1.356730237634375,0.0971615957457795,1.019373334209174
0.4290216785487043,0.873333261635099,1.4558555337574992,-1.2588545942823013,-0.8241442857142912,0.7040285944967698,0.5791458832027018,0.06285737476623302,0.4142430863340802,0.35760025817107,1.061196992335341,0.519780977159029,1.620872720436052,0.9501870715315738,1.5411917539695763,0.4307707828565278,1.227625346439244,0.34722435859698436,0.9423596269125908,0.20232271756714937,1.7446138271662606,0.7757365800099485,1.2317465648890673,0.26207646724885664,-0.843381248016712,0.9876310969332669,-1.0422240689208586,-0.34281021766196546,0.6279645371190078,1.6952762289696874,-0.5756177446879114,-1.0639699043606878,0.381424357462589,0.3532602014245956,0.3015156672592738,0.6376128365638947,0.21490721443482833,0.8658362838591117,1.4061831364297455,0.370336491617153,1.74958204693852,-0.619754871425342,1.4102028962135187,0.7443106412350303,-0.1109396881238457,0.8721975030386276,0.5803088572454771,0.6980638593861433,1.0221090401859871,1.235976946350792,0.4288969319444372,0.6236050203582076,-0.3562497737608749,-1.3540059054509301,0.7566076002755149,0.8879929857592576,0.5007379961028475,0.2823864004960967,0.6998247039134656,0.3868427006610149,1.3722429330558759,1.5008801988273826,1.8124250638211166,1.4872478340897795,0.7686498413558007,1.5657849514592568,1.969361046054306,-0.2889720080464459,0.25604345663369205,1.5379903255426135,1.2066322538313896,1.1358909457031372,1.1585554685661368,0.2085187193916613,1.0624771432711577,0.06552318221667762,0.7241450804516525,2.05430907818003,1.515899746457527,0.9162488629334024,0.7813406947670278,1.3422254513174054,1.430621347050247,-0.9316007810164512,-0.5686283870310634,1.2125486555419518,0.7728503471799423,0.20741743684182898,0.7748726485051348,1.7556008346979814,0.6472925762729614,-0.057428600076262826,0.9252975923135982,0.8679217242609109,0.1974696797918551,0.16649781464701943,0.825036019036183,1.695205760393051,0.5819348165183892,0.9420872924879277
0.2749771925699674,0.6489725728684697,1.058888378674778,-1.4004452045510536,-0.8988282166622416,1.1824285800736616,0.05173368176025225,-0.49493335908712033,0.5596791626635405,-0.47940482330276357,-0.010324971666461884,0.31933901547648247,-1.313616560254925,-0.4385300382929114,0.043819014518088714,0.23958079212626435,0.025031687901162936,0.364577657038042,-0.06983528696788496,-0.4982681615186834,0.7518620001036211,-0.28287577586905166,-0.5088645196832475,-0.35154189022859256,0.36356445845632046,1.2496174858447735,-1.406133543374001,0.38884132783069997,-0.3326697612461662,0.15186005227407498,0.6881129361340279,-1.3692065023599334,-1.376867112342606,-0.10093266253114556,-1.1400806730060238,0.3903740474784492,-0.2477291826267822,-0.3445379370032647,-0.33062184022598917,-0.23384189557911556,0.4042176747408724,-0.3834345553925636,0.3746601610071252,-0.022446974040678934,-0.3768533312103163,-0.6370914939536999,-0.17412203396074288,-0.4511044579584044,0.7274479904554418,0.0956541776902187,1.0445759190651016,0.1916554162222279,-0.09203479812079385,-2.373369265870656,1.0867144571139602,1.1167289404840208,0.14185833753607746,-0.03650304747250456,0.9070525362405939,1.6033806380272735,1.441917269552398,0.4853409260949358,0.29813148211172186,0.3973381319161458,0.4900854465157711,0.4871325021129751,0.444126418392068,-0.24929271308684148,0.6026567707182201,0.8361795181763715,0.7142581141546722,0.09495474174419365,0.6035176185977768,-0.5530910973032694,1.2911470957546847,1.4198219513055692,0.37440027764722345,1.161001727878139,0.9945846974347227,0.22473761710185822,0.8024176389971944,0.7636543082254712,0.7313854976711677,-0.527817716847718,0.1887304276618238,-0.11883072841856764,-0.8068669916443364,0.6651207315569528,-0.03875807995826582,0.7887014414036395,-0.19355289651588664,-0.2427097000754566,0.019335729040066654,-0.0414421458143369,0.11250203824084867,-0.020380978836619303,-0.4703934749720841,0.15262751416020373,-0.23249685680965365,-0.04329401813133146
0.6920073089969164,0.43611677378972297,0.1498979353251887,-0.8081699806523412,-0.9782435443719513,0.955483562945318,0.05279885354620065,-0.5133641500355003,0.14508669062351423,-1.115080475777007,-1.210635030955749,-0.37290038857983027,-2.355493364791197,-1.4177502950150016,-1.189640183031923,0.26406716219007004,-0.1491928584868583,0.33244949836768767,-1.1037766459241207,-1.925492759546497,-0.7833156442050212,-0.4317834348678137,-2.028152779482527,-0.248095736228236,-0.20270322991995396,0.8354522149915034,-1.1920691466368585,-0.1481661982762437,-1.2585533203080155,-1.2210850599828094,0.5219604374679245,-1.4689206572040154,-0.8293897666089717,-0.6367835487000081,-1.8751708580930486,-1.3232325422731368,-1.1783768156232934,-0.22605183069565823,-1.0763378838039073,-0.8167429556905815,-1.3292099152165313,-0.4086162284124498,0.38216231146408364,-1.3300391011994623,-1.3653181416368336,-1.556024517534353,-0.9388258887628551,-1.6584019119779683,-1.3286254443762833,-1.3125501910181439,1.5987412186032435,0.3854382769501933,1.0085632219059297,-1.1717053218188787,1.0770207838840082,0.4846110226727096,0.631756173691233,0.23314549276016813,0.6256744605926211,0.049997229342929356,0.9065249996317528,-0.9245615684888925,-1.0068316908729755,-1.0112170741157218,-0.3567976557576446,-0.9164738553080983,-0.7215380783229975,-0.03153396442498927,0.10238493803517311,0.13186954639412815,-0.0895761807198222,0.055336505137758195,-0.9562224257070243,-0.7773476684705197,0.6500373692265354,1.6485733615332598,-0.3686187521168845,-1.0182781112122685,0.33666211518747663,-0.9269697920015276,0.25222263719229004,-0.5468484716069975,0.2202270875134325,-0.7500540889839794,-0.2736906644480033,-1.3456922167361476,-1.4890040623757594,-0.7190639137814088,-1.6392236849991122,-0.6669127213763011,-0.2999582654829032,0.053489526167876535,-1.809312679222461,-0.37782902512338984,1.0771872436496457,-0.7937458541452584,-1.5867709154902592,-1.2193159608705988,-1.5817183496415592,-1.1677776267875286
1.134502229594462,0.16653419862325616,-0.31762830614630244,-0.11451181815381795,-0.4868572259757778,0.4024760592573184,0.38756712912998276,-0.02945615392327204,-0.07355825947293355,-0.39174339447094614,-1.0125043182153246,-0.4084602955286575,-0.825079907763637,-0.8423218268783998,-0.7298803345772242,0.4018933970639806,0.7915879571184039,0.20569675008477378,-0.5260090681040509,-0.5620709810020541,-0.09950735379670682,0.5345465389660199,-1.1892933218441653,0.9672654174790419,-0.2402575900135257,0.9518243011822637,1.0486983393062437,0.6094661615719117,0.3854958002260788,-0.5589620449583325,0.1852295874774778,-0.7440058171495286,2.110958602508475,-0.6707324596916701,-0.9321508271211185,-1.261714300555095,-0.5444317242597938,0.884896113499474,0.03445164399952241,-0.1757634772609045,-0.7369612644294056,0.22390035516123097,1.4502348629961412,-0.8275424700801737,-0.4380151524730833,-0.6131891422170289,-0.46763065001120396,-0.6179177418546827,-1.528134275169391,-1.0595168853730035,1.541468754685042,0.43249819045505133,1.5302563802974516,0.2055963537050584,0.7287196480601142,0.048158312184940856,1.1118276465272596,0.4618875103313872,0.5862258763976465,-0.9833718657776822,0.29692548681970904,-1.25627486563045,-1.5696234147428363,-1.5091310326502965,-0.6515282538903411,-0.8405475882602873,-0.0940884922011628,-0.5025298688877432,-0.5273630890079374,-0.5232523257459037,0.30916484340683265,1.100856118402993,-1.0914753313852348,0.06420745953235146,0.14239862711899562,1.3147080724361884,-0.008989751210088872,-1.1598921743934207,0.37008533418376577,-0.29172361213458503,0.21956102870002225,-1.0087090766090459,0.32981010689536633,-0.3408351790945065,0.6255624184451273,-0.9349964223695719,-0.7157834437745917,-0.04066791413351049,-1.5298999021894397,-0.8654238150895696,0.8180182803727474,1.313332678774564,-1.4099172949725574,-0.2733329231688631,1.352507150131669,-0.3137918749528473,-1.0150376671996333,-0.8806807798464708,-0.9177321734466043,-1.12529860222878
-0.13682937428352596,-0.6274565883698201,-0.3303520758229659,0.0023528543060575813,-0.1639340927292423,0.13825491548753613,-0.08415180464716478,-0.18535990073337824,-0.1919537562598536,0.24575636621323393,-0.3480178810511058,-0.03036614678270207,-0.07458532509448003,-0.33117787656628644,-0.21881726886238795,0.23803102186906144,0.5984811511491672,-0.23963636391793391,-0.12966488050416056,1.8056892817156092,0.9214124556068728,0.8912297191430244,0.38047327667000536,0.9375049748344026,0.7017441694257369,1.7510319823446545,2.172667268384517,2.1877211005627575,1.9052876803658239,0.4147282786686278,0.6917401386885252,-0.6797745336151099,2.4557857578804794,0.1420225330320319,0.44019880352010016,0.3155924660876079,0.9388522673574646,0.08884807121686268,-0.21870578306382343,-0.09325955591167008,-0.08399759689687056,1.1754770375473165,0.9825188271303557,0.03221106251423938,0.7986880958125913,-0.02443889301031302,0.11870603876002188,0.9979262504600879,0.3271291843205755,-0.29330990557917136,0.44484138181030614,-0.5917717222465421,0.48156228729911554,0.20488941978888953,0.06727558355019113,-0.3221529035003862,0.27554325679219116,-0.270120963794777,0.48233914844850156,-0.1796614887219902,-0.912749342221886,-1.2270903493069194,-1.9962854978149727,-1.2618893231017583,-0.4909959722753066,0.017029302215103317,0.3101574527065952,-1.2158024309286786,-0.005125645141626706,-0.5649429321401107,1.067983217343797,1.753207114188832,0.4042037506223049,0.32452836870702734,0.0830128587203985,0.8837662858886614,0.6637200073233918,0.0845012574940731,0.4256000206665997,0.4537036048551915,0.841101231555224,-0.09340905380452416,-0.16554636316340665,0.20380489700290905,2.0341908753447386,0.15834014673580973,0.2367967433199541,1.970605020784742,0.21952758914214593,-0.00721694242582376,0.6482378016318056,1.031539143465403,-0.05438600230272807,-0.673118091644113,-0.5864874272046475,0.7723431966352949,-0.06730611839122201,-0.08286842738179949,0.5691536761780454,-0.49814344023855256
-1.4766698398749138,-0.8700410224020556,-0.07685265325921396,-0.407108675808943,-0.968186674124983,0.5629374880244304,-0.7314719157078053,-0.4357048288677231,-0.02105372383752806,0.09091563787831741,0.14984582582872166,-0.1575271952502623,-0.12934720129390975,-0.44550289492468587,0.13876189791236843,0.2018180568590872,-0.26962676623595494,0.09789347627876956,-0.5583600399383365,1.7938866153768622,0.7755538504192755,0.303560260699868,1.041972701812839,0.06577200903517866,0.5317178358152803,1.7709047539864613,1.0374979038779433,2.139789149180384,1.64478001656438,0.7893664823739048,0.6810914706386247,-1.7298202262114724,0.03524758504411869,1.361048765745154,1.172000560387534,0.7369273723558887,0.9901705427699966,-1.6528751798951409,-1.964468309792566,-1.1524579251280913,-1.4346294819628411,1.0249404427910735,-0.7785187530858378,-0.4970351730674388,0.07007685810889414,-0.8495976230213776,-0.1395763582723481,1.1850892949192053,0.8960425905833856,-0.48093636504121484,-0.8710859545195916,-1.1707118766881102,-0.4605679909152743,-0.29588489307724536,-0.2199181275664279,-0.7714687145110839,-0.39734523314957454,-0.5988472540111429,0.20003351272955427,0.06921473599127806,-2.0157226106200494,-0.7666152639471319,-1.2208114836757524,-0.6452726282785313,-0.029223573065303855,0.7709030916505814,-0.6161639726201508,-0.49989476652757703,1.3739721542406218,0.4357452197034025,1.3520836961495422,1.4937735901669755,1.2325762308893753,-0.15142385889769688,0.7126302898338777,0.1836978058918118,0.7894392166845272,0.3045432327792614,-0.3961698820881272,-0.8924409285826072,1.0534527205182336,0.3265235276052736,-0.921577591448901,-0.20699726892173073,1.30212646983258,0.01922550462372009,0.44202238250701403,1.613216591948152,0.8421298251282541,0.09049923991449044,-1.0217053430574004,-0.46107264368237366,-0.3041745322023553,-0.9659293274561842,-2.2190210449662175,0.3955082642663408,-0.4844335345169714,-0.07556406173736109,0.13340780178836464,-0.4443136178517447
-0.7413045580964046,-0.3860993425709588,0.44059269594941414,-0.4708554402719354,-1.642548623343635,1.0093115056417765,-0.7020275241962317,-0.06320604384173413,0.499797219188146,-0.017123685527364835,0.7048999660730789,-0.43321470589082445,0.6691953814947895,-0.1463785318225722,0.8872353912179457,0.3729643522628599,0.3708890979895876,1.066117488590327,-0.2372148444538009,0.6263634400853156,0.8096900087939302,0.2487290519269805,1.6470269193981246,0.7763502701929988,-0.6723708187486892,0.23974648968064724,0.3194662513505937,1.0296130451492638,1.5028770683766877,1.1232198116478143,0.23151801640688896,-1.793896948389844,-0.6356159037452516,1.949284043522434,1.580903961692825,0.9236278862214098,0.35228009095695406,-1.5084632029546794,-2.0686531481417187,-1.2494000327134418,-2.050928487556653,0.5401932371582635,-1.2225599698866316,-1.0921897301133072,-1.0564790001411732,-1.0900892310897643,-0.1356875392455119,0.9448161130270277,-0.010855159826154396,-0.5784671353443284,-1.6726772270762882,-0.7483577545096604,-0.7078899480239923,-0.7495067137349155,0.09095051624642027,-0.7218423046071659,-0.04988618563807521,-0.01093292727802698,0.03214513988316834,-0.16031713384493954,-1.3635443366156865,0.49777412565113377,0.09755921548759282,-0.14678185337835953,0.5280128119777682,1.0307961188448196,-1.8832846698870693,0.752389892779823,1.5426438658038484,0.9024073752004115,1.2221877553998026,1.0950797669484889,0.5151759603791983,-0.5637109397359493,0.9157499297210685,-0.15657227152346562,0.25832181323322384,-0.24947434140613703,-1.1833724947806774,-2.484476253318423,0.49238752713699646,-0.38482957421798925,-0.8130537600808468,-1.1661865502270143,-0.08494034506637126,-0.3797285641247405,0.1717173412543558,0.12320645076566243,0.05871131676361068,-1.0665228259607094,-1.4575442549472573,-0.21970614617266795,-1.1035477523041939,-0.01145184999582596,-1.5482853826578278,-0.7433892930269126,-1.1609441683523836,-0.19319228880927355,-1.2344907753798948,-0.764085401539733
0.6676977129050649,-0.4935089926970314,0.8013404839411785,0.16230000080412013,-0.8022058809983308,0.6568600636020805,-0.40046978322434074,0.12963907183893458,0.5684547082796564,-0.4827924528355032,0.48872889757253984,-0.7860632853388556,0.8930301718451239,0.42964654436808497,1.0509905774310615,0.3906833922035463,1.4913951742586313,0.8903334866932927,0.6337177416940193,0.0933618703529211,1.2509281141955924,0.6378175886180228,1.923491842441231,1.4700452033120335,-1.2942557842880555,-1.4704457533801827,0.1912369672415474,0.2966359479037672,1.5102499267861624,0.9631391795046963,0.7383946155821517,0.002326810814338154,0.3390152371947992,1.5430659317192292,1.357164364752194,1.9789335328753999,0.5537507799999135,-0.2594065325662922,-0.39508420950138623,-0.0024509635318877344,-0.31632263814186123,1.183156064209974,0.22517058919674857,-0.5212739843311923,-0.8916226415448343,0.045616560160313895,0.5577861137150508,0.9123294997518225,-0.121548827539142,0.0794938101444786,-1.2391157463235791,-0.419167734046352,-0.9114737876663108,-0.9194536271819157,0.609711167483164,-0.3351377368358349,-0.012986597127010004,-0.0014079157643413166,-0.29124595074423804,0.5295469579507329,0.07343792209255989,1.4610492900695027,-0.023000394909120876,0.05980948177363002,0.4256627229118824,0.6608034326251059,-2.1028043107352863,0.533943726110971,0.3419914673645358,0.040195651679890976,0.7756298196995048,0.6747874122044653,-0.5197592364029604,-0.7446795237283673,-0.2963397950373366,-0.0700448371853493,-0.7498177025771204,-0.11778786203562228,-0.6808801387704531,-1.8153804663621125,0.1263223432072516,-0.14061514543031134,-0.7047303156343375,-1.4197713918595805,-0.21519427350771608,0.3536827706811263,-0.06825720073293519,0.12732604792440755,-0.2590932491526091,-1.5181589892705998,-0.13251834477338476,0.6920089654398369,-0.1973362669155061,1.1063061269208696,0.0709806341172177,-0.979785371610258,-0.5315640873421617,0.03699501540644384,-1.3473446832766773,-0.74399354610447
0.6389179638128523,-0.8143573563127035,0.5250684054220347,0.6107427960727421,0.1550214566856833,-0.13690866427187529,-0.002285744527130779,-0.10926972338371706,0.02856529340884948,-1.8314338285078813,-0.9442892229973914,-1.5583615959236052,-0.19584376525036015,0.6215678977570877,0.7009685235722175,0.39646920116377043,0.7896838637152561,0.04358256346913872,0.8238110490613716,-0.32554725810492047,1.0984683446070684,0.13884237585861697,0.6005615768549046,-0.25229272172940304,-1.3763166641205855,-1.9672650444253517,-0.9715671164526085,-0.5067014363820053,0.37178228358445564,0.08077784255083424,1.379211492572569,1.5965609578587188,-0.15987589486606724,1.0016365859977463,-0.11820160376813363,1.777939024916645,0.44405260576153754,-0.09698526777666956,0.7820871625930851,0.8898940805348318,1.2704463040606497,1.691217071512294,1.5077923451905109,0.2754200113897902,-0.46292877507920127,0.9129828978445788,0.606590792501845,0.47704538367674165,0.4270281713336461,0.5047148479346225,0.4754228366530428,0.016031336091181715,-0.5228833251351969,-0.26400217345802857,0.7320005836148673,-0.3608233602775193,-0.2844145207857803,-0.466716067507307,-0.8409616986894243,1.2632371127629367,0.3675165909017119,1.6539872340808026,-0.2870421604595916,0.8201141691426861,0.20667926034016734,0.5753261406399477,-0.7146963633578294,0.06363523965521692,0.20445449825832046,-0.3291126899756047,0.5106861161371754,-0.4259842584516779,-0.8707095864307353,-0.07751622450579781,-0.9680778251590016,-0.5398548979384598,-1.0293506154130145,0.1507240812662078,0.43164725344343435,-0.01348323814162834,0.385267658035012,1.233372711142616,-1.4190810642385112,-0.6000669672525012,-0.4890615076664411,0.6033019347372225,-0.07833668379684328,0.05953994922141961,-0.11276567088137983,-0.22808228607173942,0.5514647291787236,0.031169246143388528,2.002999470814588,0.9862595012085965,0.9767521916221211,-1.0054672177806143,0.18657119361456342,-0.04814275464594478,-0.7076545447565558,-0.4306360636821995
-0.2049364244912753,-0.2149679434269333,0.006430202806219439,0.12066811511738722,-0.42023576484607206,-0.5178767576784835,0.45064051559792717,-0.11293992417863256,0.06101993838234942,-2.384294968250996,-1.3607834085842023,-1.5659745594278431,-0.5384849714491374,0.9555565440180739,1.1494459217580892,0.30053842224291144,-0.6504983383489303,0.3098165407311196,0.8767620306461712,-0.31870513269115414,0.6846748062695326,-0.5314663481584007,-0.8431463442707199,-1.9424855532732646,-1.3101600399151725,-1.5007024957897803,-1.5247848850373513,-1.249911793159358,-0.58054526097271,-0.26074692738992766,0.6175655103034372,1.1334730549479712,-1.5901585140321388,1.0187969901453313,-1.1512739767534776,0.31358184516905613,-0.3793269663169684,-1.054479071757074,0.6571080115744493,0.8147178100949044,1.319517344991871,0.6418884551231887,1.0817685880937238,0.48217417440053245,-0.23270221302311583,1.0539196052055255,0.0958592269773593,0.28331201293724556,0.42765464833855205,0.5447986824560591,1.2605275480484308,0.7770562736551209,0.21933772773976914,0.33881805020708505,0.18572481374849031,-0.5678502967695792,0.1830189154510127,-0.0813783249313272,-0.658123239993214,1.409175999884555,0.5326875508857922,1.752559426969462,0.9312045932083663,1.9379235681575655,0.898625039875212,1.1305999482359985,0.8426416960640442,1.084069081157267,1.1800097619113437,0.4484682385485011,0.5376456510097628,-1.6884309834050815,-0.6202412425821974,1.1209087354988034,0.6233111008203261,-1.11816960784706,-0.007139507230335524,-0.42595174302817496,0.2220643300877307,0.5732244165093728,0.612265837056273,1.3906769297825665,-1.6898610486517067,0.3028111744020129,-1.2379233654889088,-0.4647981931100697,0.2648720157810679,-1.095445290557668,-0.45053335225795016,0.873254941647884,-0.6144482455897328,-0.7503821916528419,3.276737917084906,0.31758697962550064,0.8649743719118166,-1.2317919841402907,-0.22158159621386586,-0.261126880759187,-0.47007570078310473,-0.08228290817785118
-0.11633698749535358,0.44774438230094304,0.1455602865717807,-0.6256200302052574,-0.8693577677739737,-0.04619144873159133,0.4747970900292569,0.12354866617200959,1.1562377788858758,-0.9994841326444438,0.34528301322996247,-0.23311655546330792,0.11369511279801561,1.5391137968911828,1.5307608093814156,-0.20706299599960912,-0.9479600411073491,1.0384913648928886,1.1384717197374845,0.42623127173265146,0.33702855230566525,-0.04572238823171608,-0.615719481256346,-1.2563261168495072,-0.2615902442678623,-0.8442445736880555,0.05086515500462404,-0.8513979141882099,-0.39248821914170534,0.2621248735045939,-0.8609687713375883,-0.03205205080927477,-1.9205032403286066,0.9326230721038982,-0.038583697451498714,0.1479844029612757,-0.3108263602509927,-1.843248360200649,-0.24152620824982007,0.4030666656787243,0.8302624326564326,-0.7370848643971196,-0.30342355283615874,0.4749315017121599,0.5656559456251862,1.2954664034657422,0.3476926657902259,0.4867183640339657,0.3532725516406868,0.5680223770887736,0.22726341894065819,0.9295135726456764,0.3377419663885982,-0.04536518653489625,0.010493028437817924,0.1528891085561691,0.6939608217232408,0.7412878480661667,0.28056755183298804,1.1959441274365408,1.230042094241336,1.5985217630067456,1.6890541979353315,1.3968090997153817,0.9680778466999471,0.806697529145135,0.8328761712847015,1.738109124928379,0.5807919192192833,0.7504127393545016,0.0693300201896588,-1.6188636202356195,-0.3449028655326987,1.0191307531998206,2.123403093924043,-0.6150797646562126,0.530989347091612,-0.7698549257390226,-1.4866330466027529,0.4392694078522002,0.4850896989895054,0.2501991055922232,-0.9755675534536886,0.552068449538456,-0.9406281057394894,-0.8168845852363641,0.6307710585119777,-1.175215671904278,-0.7630693021351496,0.3781596177902921,-1.5754723711458964,-0.621755884062744,2.5620698013927345,-0.22035861146665006,0.28484336297254215,-0.4482438931388305,-0.35548522293216345,-0.08454483916904765,-0.3156731942567213,0.22997408138020306
0.8604165563026566,0.4892847040006581,0.9444105986577521,-0.8275155543940065,0.6202683992500742,0.9537703532701741,0.4797805723135155,0.43655296439925967,1.9557941011569402,0.5411055440907069,1.238405903603966,0.892914420653836,0.33939811214449256,1.4961580169991813,0.6137424104089751,-0.41855497709923045,-0.7573920263423095,1.0203195146385735,0.5802293685505107,0.36567846182081976,-0.46885606606499036,0.47007221372182706,-0.14646296836601236,-0.2172383541912463,1.5288924421206693,-0.28356983022026416,0.985002405118199,0.025109926853840416,-0.7763683803283615,0.2513945672553889,-1.2622238942929007,0.9275090079183878,-0.7631028062883259,0.09893557401131534,1.271159319009046,0.545428401844412,0.05277577161339752,-1.361162236088415,-1.033789520957119,0.25325691375511444,-0.03399087933772355,-0.9689776335253028,-1.121157952644628,0.3280983840765534,0.9892436416918177,0.9376651727665154,0.5381151708043045,-0.23218483647745708,0.5206623882976579,-0.005091171813468274,-0.005142882304247916,0.6921496384851048,0.507590805277953,-0.5639365607405828,0.8023542812491734,1.6514606082794667,0.3922132047552999,1.0400500395623964,0.5081471433644393,0.3658493188108386,0.5832116311522764,1.056560827860978,0.9598577741546706,-0.3590502759180672,-0.6607007585871787,-0.396643988878625,0.1046136227701321,0.3903879323158285,-1.11156773873529,0.24592232246983337,-0.39258334631932984,-0.44538526496734915,-0.033497046969010645,0.0813501493475403,1.2844120761163198,0.3237240602996488,-0.4998400027862338,0.09898385034723836,-2.392710090998486,1.599609032810316,0.4278808503647676,-0.4184253668134772,-0.6378583372445263,0.9254529978319846,-0.04530425145695751,-0.009384615544363014,0.12992660782043555,0.10560453563284236,-0.6852748934339897,-0.45046468460330374,-0.46168182330798385,-0.5794498430979619,0.8661371510215812,-0.5724668994099081,-0.04540303671276116,0.44317914212504145,0.3209152927891712,-0.22656086628878452,0.012442024635326683,0.06323369112480465
1.0599661952963058,0.800591679101846,1.2200320298638847,-0.8165702059239436,1.7220897680165548,1.1571172887441155,0.9000669255691547,0.6959404162312224,1.180422587651646,0.4608969002309167,-0.001555354283072875,0.9547022147721019,0.3694646006761624,1.013613965278357,-0.0041846182294675025,0.08362224524307998,-0.6005687779997221,0.7114799154965431,-0.31911331800106196,-0.6900187262394839,-1.067527421083272,-0.29408870199847653,-0.7111207980395167,-0.4112058545690471,1.7887889307817613,-0.030594818239426714,-0.36470240247530566,-0.01730772923675545,-1.652214806984575,-0.5990186180605686,-0.3987167467089397,3.123008910179598,1.1913503103858747,-0.4501442305251901,0.618343078416018,-0.4310744215816331,-0.527792595407374,-0.027011680612741104,-0.8498931507082818,0.3687624036440426,-0.9325523343558267,-0.4153267291897272,-0.9175545086856987,-0.20892165352397798,0.26557023909924304,-0.48977776760734565,-0.3844099228369096,-1.1075895588062308,0.23696468615296565,-0.8663141150528223,0.9193800987182984,0.7156604807316423,0.8086029602567434,-0.7651122799343436,0.918454659857138,1.9217480296776657,0.01698526031245694,0.7795579836122252,-0.14043559567520628,-0.2682649764703174,-0.7972366264513359,0.8655213664166425,0.6805703538365436,-0.15974504222625072,-1.2107820519899024,-0.26520786588760775,0.18876086922207247,-0.684122792403546,-0.8088856470172895,0.054281851115535844,0.2534451368241566,0.09759177175603245,0.7126039490598106,0.5425316316398062,0.14191755428768385,0.5553639044747657,-1.2440762983264952,0.7741763445742412,-1.5288819566787466,3.061453561048563,0.6842234432658004,-0.4547194975609417,-0.7796177708859412,1.9447004580712663,0.25439766081645354,0.3147862373659058,-0.8902183333280694,0.7813254721906464,-0.7984678161473175,-0.39669847468545966,0.9095250972551268,-0.34764917988446525,-0.0931606375236562,-0.10834357494793824,-0.10686021433945998,-0.30836455669898116,0.20826446208784025,-0.5503478286258574,0.04215916517897454,-0.5786680752459211
0.06392569922707447,1.0838574030704347,0.3923363535677502,-0.44755371648084985,0.4388840453654072,0.014627494736019082,0.7217267351217944,0.3997179781604338,-0.4008712371479288,-0.3495283187552671,-0.5474013962748717,0.30062586002413,0.30874780830152815,0.6270119462503447,0.5191188416449453,0.08930473618615725,-0.033995207596418026,0.21891636186888136,-0.1750923802670333,-0.9494635692727347,-0.5992516697106911,-1.2979819783658835,-1.2477960703819402,-0.7447231228606531,0.0626534023895694,-0.38896116571405015,-1.0279356629772791,-0.5102539150795926,-0.8039428707797974,-1.1689872382389312,-0.03343415550969734,2.589573510073712,1.7706474734073365,0.004367402547843671,-0.5156587453090792,-1.2804012479157525,-0.39453661674564083,0.46914419963165027,0.37990382806511164,0.5075535397558797,-0.21904692352749836,-0.4086162284124498,-0.1628504713229868,-0.4747760256718404,0.43603777395822124,-1.053295207878996,-0.7224779235698686,-0.40118822913386165,-0.056925314956157075,-0.6100880980928266,0.20774741230483457,0.49041514330627795,0.20157709194244477,-0.7333002537067438,-0.20668253527168562,0.6466373961366052,0.12846665655248585,0.07822231442001293,-0.3934412456227823,0.057988667751153564,-0.4113793360290747,1.0168788196965854,0.9489371278317396,1.271700665892994,0.41191741528700265,0.7600377054833239,0.6686750121206649,0.21666212599124668,0.8431701372065248,0.2889761094545866,0.712457477317171,-0.10533396629784929,1.0160537143483097,1.9147554342990263,0.5949278037729318,0.3502850942075031,-0.39583681487167716,-0.11305766033761266,-0.5798477677376607,2.011153461477958,0.8881543612893973,-0.3452144118988613,-0.10033473355210956,2.4307600608675064,0.1264521541838354,0.08944433134839111,-0.7905281035727045,0.4918836458424501,-0.8535413181802022,0.2321653946772747,0.8369227875496286,0.40412290471582835,0.6062805291439876,0.5527245696327432,-0.02780456079281161,-0.9991446717735332,-0.486470719627406,-0.11013007620776359,0.10048548363614757,-0.5913080218577766
-0.8472321162735016,0.16162544568975956,-0.6711466795490536,0.8626176825525008,-0.43377222733038806,-0.8930420441208945,-0.2765674794088432,-0.13498772460605973,-1.1854347628409512,-0.44808227946927826,0.11451679579849737,-0.7665151596957157,-0.4521970684398015,-0.6303395276717786,-0.001842977607635492,-0.9812765574896005,0.11796202427145841,-0.8719676396593028,-0.21278144158449552,-0.46431411415286816,-0.5182291587075373,-1.4194179683475545,-1.664996796472542,-0.6546787066537959,-0.9324260325158402,-0.9600795579425507,0.28152085095097795,-0.6516107540015034,0.7581200642409368,-1.4440423735409524,-0.7179105715047066,-0.5130249106340407,-0.08798283296779441,-0.19374760384950793,-0.3427633077636623,-0.8223344939421647,0.8109425380005468,-0.12212323206612374,1.6612067197583011,0.6296810549109965,1.5544761426710232,-1.066591206687554,0.6635544466365574,0.24968438110377303,2.2547883359674574,0.13553711563800136,0.38602994002978597,0.5056080520900541,0.3490558794922818,0.3185098010442612,-1.6467196626946534,0.08977509982056528,-0.2976600901536095,0.47129746609713435,-0.6705620826834698,0.007458975199143895,0.18145365403734617,-0.592610639329563,-0.2301361107741528,-0.19469300382317384,0.42231891990043857,0.7392908882876982,0.1615693404695251,0.18355177157223537,0.6795877796219906,0.09291175722191729,0.6837618707618051,0.901215891295298,0.6485024270869585,0.2550101930734752,-0.462157953012779,0.07605602665934884,-0.1474748768520865,2.182946886596399,0.8340210009348804,0.07349777159326744,0.3316499035887118,-1.551155771636192,-0.02197692418101759,-0.5023213766429352,0.628035269906446,-0.061948210076534095,1.0482544740396698,1.6573394876884728,-0.40782470614231425,0.08114243520713231,0.23550804228895214,-0.30903024333176426,-0.5389061540999556,0.852596223646256,1.0141300369672022,0.7364787070192378,1.7943985899157322,0.11431941907781538,0.5264099425924746,0.12005787494898945,-0.012687533808758528,-0.06554550558023518,0.7015156403837738,0.18409925026901575
-1.3773219451028427,-1.059028010341675,-1.443971099114577,2.087916475858955,0.7010628336392205,-0.7510943328109833,-0.747867952841511,-0.13270049802372108,-1.0457697232895466,-0.28370407106526385,-0.5601799816049527,-1.438076772556647,-0.7749885540545638,-2.624949404393078,-1.8795726607916998,-1.7718660246973692,-0.4791828235490515,-1.728213763917243,-1.6301337646276903,-0.46114963114900126,-1.7178325414841438,-0.9252643138238014,-2.408112013831029,-0.4835561614471204,-0.291779759440294,-0.8116603895546426,1.1381448072827172,-0.7539963713901792,0.549566476031592,-1.7374021489151468,-0.869288043251573,-2.0993543483262993,-1.2380641899483955,-1.5472944040601078,0.4505067612084333,-0.5634374827239402,0.7989920983780184,-0.6979702110430535,1.5046095497319645,0.18692810330197993,1.655598527866859,-0.654690983719415,1.1408019031648722,1.0205461775695601,3.113073857100746,1.0390551868510507,0.8797155154866397,0.12115271015623535,0.3549833157694683,0.3708177836821642,-2.0355410171237343,-0.12423090814060071,0.2363328188906571,2.3626638121111814,-0.35566683614433386,-0.17497793316391008,-0.3034005620071061,-0.7257623627812938,-0.4410741833851791,-1.5623071815734806,-0.3475621257731226,-0.08390604280739823,-0.8066919250933189,-1.9131453586168912,-1.1123053959924758,-1.4489215895447092,0.17110105794445885,-0.03680416914532172,-0.9405785544325447,-0.39306857934873424,-1.6681344749292084,0.42175810392564617,-1.396869909696558,1.2440881261519685,-0.4420514103879898,-0.746817469475783,-0.08124664768256175,-1.7535032887177144,0.8567241339952613,-1.320145997424186,0.06110119374925442,-0.03274092348645848,1.5261486552209662,0.8994875988552474,-0.9051177021712042,0.07952174631899812,0.5492146932642831,-1.2478168841694355,-0.48280362549694983,0.9343833296872587,1.7586525446167036,0.4890766235845429,1.0463643181643503,-0.389449196722585,1.2657521633700426,1.1838682044413318,1.0668553975504769,-1.093664905959713,0.769061790727325,0.3966515863290748
-1.7290074654233893,-1.042215531544449,-2.0881119389956635,2.2026843887926377,0.9675486781580435,-1.0240473194411768,-0.4342509455787042,0.03205960287846382,-0.9133333535168412,-0.46934616945939805,-1.6677200170028177,-1.0733421468632895,-0.0646604648024725,-2.507753209774536,-2.2533836546041552,-1.2637996753776877,-0.4070388401631192,-1.358310199506208,-1.8384625588872368,-0.3050636451474576,-1.7030025283094594,-0.08698595638799952,-1.5685667091992581,-0.01168145066817727,-0.1525778414265053,0.0032426037452712854,1.0729833955619976,-0.4055353266059341,0.09525094083975298,-0.9325806268028253,-0.4692641725395304,-1.4164581169228951,0.23151304860900643,-1.3841908723787268,0.8803422729115052,-0.7455084996845607,0.0004568613042424515,-0.8608041886792194,-0.19801810789520966,-0.9440812448256499,0.05704699109046717,0.856693660416449,0.7769476060023881,0.3787488084105722,1.8580220624362414,0.44594654337373263,-0.011731432765108503,-0.16328766506515394,-0.6325853966564153,-0.04611532542078686,-1.3536287852602502,-0.7576856333847094,0.23765976294448019,2.5691945557199216,-0.8643236972067814,-1.656344528717738,-0.9037652731156548,-0.7409570240055067,-0.6054705653761316,-1.6620098893332302,-0.7757944512575962,-0.9205040273163607,-0.5602745689551032,-0.8543533814294132,-1.1007926921501108,-1.218645502064447,-0.5471035848093505,-0.5440804684219585,-0.8801227438364061,-1.1517921763702832,-1.2021196578459115,0.2276852523400804,-0.9281110374680237,-0.047866918221666166,-1.4289990500924876,-1.6841770774579312,0.31577675786766995,-0.323697629778609,0.861409377407944,-1.0224053063036587,-0.27924297349282956,-0.4089367051801532,1.5619606607713317,1.07111255306734,0.05562780847779497,-0.01742190941817133,0.4919595474583395,-0.7325462317554837,-0.32606229833609435,0.10205562860222622,0.9266291751770668,0.10860695235079589,-1.2632226986324364,0.10244292016393212,1.2842443118953022,0.8690277939825188,1.0361324437228412,-0.9278597972875975,-0.3092628390395829,-0.12712013173134884
-0.8603412166453471,-0.30869444475088414,-1.8209489228586764,1.6933828185971,-0.11541075463891205,-1.92431137131521,-0.09312968112872984,0.04166063539269929,-0.8231683407627822,-0.061944630114382074,-0.3401252254060557,0.15809153686736688,-0.14090674445754206,0.412717790834258,-0.49507764313352354,-0.05797509725669091,0.4830190428416231,-0.14345652586018526,0.8401477524461272,0.39633973633125996,0.7869928544838949,0.6694380403030009,1.4655518049421434,0.930207943224419,-0.43250543847224965,0.7755951880944097,1.1987004324721728,0.7010882987275988,1.1710001351715273,0.9579439633568911,-0.47262515839278024,-0.5946553868206155,1.0763214113486381,0.6924305422239232,0.7009964569353523,-0.424197760120704,0.24624138148337146,-0.10118743494147384,-1.1698056533157113,-1.1449674375319108,-0.8166670512527168,0.9758915247386027,-0.12773794746296002,-0.9539995352191587,-0.019140844467068773,-0.3703577645928454,-0.6884831639102756,0.10673449415207124,-1.317613906251591,0.020734801219710434,-0.6338006516157296,-1.1839773437768069,-0.4970589523954091,0.9373083036356642,-1.4940769069264765,-2.5002369627093826,-0.6121048963691206,-0.6706817158435223,-0.04167772929497926,0.2564427215553881,0.6067419991796106,-1.2658417287620156,-0.17124005935207556,1.43940243450131,1.1096733444247362,0.09545285559974362,-0.8349818991129658,0.2173113541089688,0.8014556278951892,-0.9133491714072302,-0.03275608495867319,-0.16002094582907794,0.545585764008809,-1.4103334037219266,-0.7166905445301968,-0.9381448224716032,1.939950137673787,1.6318611882614917,-0.47829784074649045,-1.275286777326654,-0.2847035861626306,-0.4787673243878974,1.2395381040057307,0.9797586798382095,1.6059049567894872,-0.23684333970148153,0.9263898700164599,1.2455559208456002,0.48937951689071957,-0.9898669349741066,-0.8374314088141829,-0.17586273898170937,-2.1606974099906577,0.5220507343083972,0.32485239807180244,0.4849191361186925,0.17996410676991056,0.6858062916378442,-1.0096139315589217,-0.2604369815678356
0.8736763359891211,0.22804700882113552,-0.023608014811130888,0.6589550780083441,0.1879927148371364,-1.6733261539066204,0.43276084633379336,0.5899035280476855,0.02273476140627754,1.308325457190103,1.9192414131757884,2.1160475183701943,-0.8924521946870293,2.5250831822247766,0.9690863747719828,0.9925108420840026,1.1115285403306505,1.0541257045261057,3.2896501292498606,0.42631679830032354,2.8458779457509813,0.6251469820917728,3.3545801788881326,1.936435217129224,0.7769481246765159,1.5654931023615397,0.9492552210175955,0.9616917733341971,1.4961923434187638,1.8845374677000102,0.39417642086911875,0.16167956889886897,-0.1440957570920059,1.5667079745850971,-0.09771216639991305,-0.32665730160978507,0.28189257337163176,1.9275213219168508,-0.03987469410627036,0.12776410707127894,-0.6099518258609552,-0.08471350017314395,-0.3603661046652039,-1.0488302629522501,-1.5003230425159322,-0.36237502140247924,-0.53383779394309,-0.32845836739133766,-1.4470536935729166,-0.20739098259241512,0.47826094872916747,-0.06646687133650607,-0.30204921279317815,-0.3542599612048911,-0.8783049566730584,-0.7014723473121808,0.639785385016893,0.17939721350437046,0.6838924956355505,1.5942475655607315,1.758253018075717,-1.1258379457354868,-0.3900854866551684,1.0629538590590364,2.065685043633841,0.4651388575324782,-0.595989684902347,0.4770407910870917,1.4019833464834992,0.2528518238051103,0.6742439622102011,-0.3807780296772983,1.4966582658976808,-2.211673290837594,0.7277039052149797,1.378881539702919,2.1125097341013097,2.700477989148875,-0.7610740725317204,-0.8859313887577287,-0.3542115717352379,-0.21255106143794933,0.14831680938192315,-0.2317488382715067,1.5352770725139766,-0.8650421979123514,0.5854824222796235,1.6866203231403378,0.4825056194023102,-1.2613305209825412,-1.3489783708743113,0.13206602217245164,-1.4857192106083204,0.2918688057184585,-0.831010000826759,0.4732252235923211,-0.31661352866278925,0.8573191832998761,-0.871474733638982,-0.16120396786879027
1.0148126273488376,0.8218833949508876,1.6955106273832905,-0.3732308442190739,1.3234642865818695,-0.37101047665606224,1.2147110627684117,1.442932660628263,1.2845987257792326,2.334516618723091,1.9173622094507765,3.6929623975125225,-0.1338425791908779,1.6176423320062476,1.0659451459477614,1.4357967946526031,1.296542949336509,1.521232296761461,2.7153935096133566,-0.017908194188453314,2.476303166208693,0.6650649991125253,2.4501537486798854,2.3989144035476,1.9916713613464418,2.2269042978754867,0.6753155993740247,0.31715548903759294,0.042215512680930704,1.574523868599674,1.9106133053502588,0.9660831063489926,-0.48954581263930236,0.7620284661661411,-0.5389939378673304,-0.9679777907313768,-0.8710675440860761,3.3126231542657765,1.291227910492809,1.219638371453647,-0.6509483240400757,0.2976466832908978,0.34618888509260265,-0.13746061633203532,-1.8698751111733485,0.0721798262937736,-0.08367458476157794,-1.1238328654438332,-1.6683687431906336,-1.1586440113335446,1.084437043729774,1.1929114638304628,0.4419070746137103,-0.2650802476801861,0.09169618341795505,1.0456369779724393,1.3599505669158836,1.134761537976753,0.7574425530281174,0.7137940101403467,1.14855164219862,-1.1723321560519278,-0.292448421015498,-0.635072086234289,1.049285446933826,0.16038230035730616,-0.38851614048852884,-0.036345890473988465,0.2534237048411927,0.7582510277501426,0.9326853660815541,-0.49806307877527206,1.4824552374582696,-1.2325992895059592,1.295423298699678,2.15486559888321,0.4645753263446761,2.320017938994151,0.655803462995564,0.290625481068454,-0.5193057959109976,-0.4151932914446262,-0.7458955146602573,-1.1153112562969845,0.8608249815047206,-1.1591476181835594,-0.996720268533016,-0.01776937408230382,-0.8052593915101173,-0.7585606841740204,-0.7529462660260737,0.6729911758271354,-1.1302573186259062,-0.18737783031011096,-0.7285813714489277,0.040606411851155017,-0.1846920279978875,-0.5323862737624843,-1.0309026420948504,-0.5836045718082628
-0.5658636094417818,1.1022345468652126,1.2785541409619476,0.294699155791386,1.02555602679773,-0.09739431208710342,1.0046439698395884,1.1658856919280114,1.1505559849445939,2.160496695495125,0.5014448427784539,3.0624125557873247,1.2847702457237737,-0.35440830267107537,0.4193330196918766,0.7840150834816403,0.727906611079795,0.46538231284069514,0.2599798256638235,-0.06340832818999918,0.9078484191666127,2.084509317836417,0.9996559423195132,1.7670296205366625,0.8909762408693389,1.955727498054556,1.274434217821475,0.9197513158746204,-0.7973564506006665,1.479067841061497,0.8884077267351247,0.3428696385734789,0.37171749639762364,0.11131444139951134,0.3768965602929742,-1.2508332932311677,-1.4196441839833807,2.233003867058248,1.154731909380306,1.5680546024672888,-0.7956316544693472,1.372779596483348,0.8925545146833869,0.2698190111774488,-0.7397842118778182,0.37960719479172444,0.46805161467080586,-1.3523342127503328,-1.3549615738517502,-1.5220008004269376,0.28944677341754715,0.7116082054826457,0.4782959634743203,0.6040950022494597,0.358197630524484,0.5002739778835946,0.606219223590488,0.803313815899334,0.23091580685729376,-1.198569885770577,-0.41672714694437796,-1.8316267588657675,0.11356174673307588,-1.410586510401456,-0.4641509292036236,-0.17981819798444354,-0.1547283077471407,-0.5895264366625064,-1.0502050909802094,-0.04432154493397823,0.28965794433390296,-0.32709563300772254,0.4714471342296418,1.1070544232896726,0.23145055344848506,0.26576700522411806,-0.5419573986411456,0.9288130618128767,1.209561098672468,0.048498901930040375,-0.49312547535391427,-1.0409408740947435,-0.4149994537836186,-0.5076048147987539,1.034153078589753,-0.2654203845861333,-1.7722421389752587,-1.0105387880780767,-1.10754623674891,-0.3925042641192544,0.42273403745043786,0.2019877157185518,-0.5771779188115083,-0.6888395002783182,0.7703138197955254,-0.3445093772350382,0.2893113940489151,-0.9184000450595543,-1.0537345862941645,-0.8456790867580545
-1.2330716145743352,0.1369589621989391,-0.7032814273972178,1.7678243753603586,0.11337243496669845,-0.9711588788246358,-0.5605118440630875,-0.20208856957397134,-0.6217175105514701,1.1482208737350834,-0.09770794487951666,0.785743540871597,1.4304321658917665,-1.1854833219704906,-0.6345649174476531,-0.4781178139843949,-0.34748302983133056,-1.429442352078279,-1.6660315207494556,-0.5537749039378626,-0.5677378917144867,3.210399230491966,0.19186535348257225,0.40854172263617566,-0.6230390557855359,0.9793358559176178,1.0088164150241647,1.6920707891441447,-0.6778669919777778,1.2432924241106382,-1.9924563058148261,-1.500142051125524,0.22071611223728024,-0.584080387974298,1.357923232802869,-0.8897832225712291,-0.9497174469606584,0.25989878643420844,0.531702310552337,1.617394118589956,-0.4549067431446533,0.6438946873143335,0.711334536022268,0.25890671766030077,0.2726403211901684,0.2847777110303061,0.5663091087488669,-1.3661136470327935,-0.7215451313530523,-0.937669026151266,-0.3031765391970707,-0.299587385189166,0.25909501304469923,1.1547611762492136,0.16991666971195304,-0.6292847894879208,-0.49184064441907377,-0.26187162346596,-0.5355216235532305,-2.5751902877587236,-1.416360335845872,-2.0689370797363127,0.12069801066687239,-1.6656304202635963,-1.777890311589395,-0.8573714120031376,0.13519667342639674,-1.5836092545628944,-1.6021666417229548,-0.9752602898945403,-1.2030699939545926,0.2479652688596979,-0.7884970359204505,2.2031084148696083,-1.4865139797026499,-1.4406067452390974,-0.5802769252744583,-0.4657788733743794,0.06382840576055593,-1.1901250150090052,-0.44469443401147346,-1.1873924359915795,0.34074550747109744,0.334476295105351,0.3335225019623836,0.7290210870596316,-1.1356698546971187,-0.5836522201608385,-0.15684916914537042,-0.6337159909373998,1.6336127328610472,-0.9424960304350422,0.4680730847191772,-0.9628533996799267,1.3371772277482754,0.20169145569528554,0.36953244015440834,-0.20560571894818253,-0.5196174583871621,-0.5539855924342131
-0.3666655555155769,-0.928179064958156,-1.4373923318385748,1.389735115137261,0.009790914828092271,-0.8928762496362032,-1.2650468967689563,-0.6256776134915014,-1.3904255589109678,0.03171029712151325,-0.3781477807754638,-0.7720161397761973,1.4475963360438264,-0.5824244433304402,-1.1731954795740571,-0.5844837126370868,-0.0472180784516109,-1.4476142023325942,-1.5296415431490955,-1.2027504994335958,-1.0545511595554231,1.8549807199670902,-0.30688258012434183,-0.20436123958539276,-0.20533806668053423,0.1038596998055902,-0.6369148541696525,0.11895899095428376,-0.8560444035400862,0.2666403417452096,-2.272682660965488,-1.779059058209325,-0.2402300174787216,-1.1353915763318516,0.5982330750731348,-0.6679728745145266,-1.0316837397783347,-0.26886140868710184,0.5227447604793289,1.1032644192347267,-0.4876900798119804,-1.0210704900746828,0.19922052778005628,0.2560579330695409,-0.09876343563391869,-0.37563371555199543,-0.4338303313029528,-1.3490490496101435,-1.0096522678015052,-0.7227295774272072,0.18682829408081447,-0.39183399062151564,0.08240730864717932,0.6246137591662615,-0.08196970083249432,-0.5721109452077733,-0.4850868312823274,-0.35899272300729057,-1.1662624718158958,-2.703497271090768,-1.0001478520376992,-0.44521333290457676,-0.06062796837822972,-1.0579695584851654,-1.7559946552162986,-1.1612517283583694,-0.04795077333349015,-1.8668636633361244,-1.1994301834683447,-0.873362540751206,-1.4816685268679728,0.8709322159421901,-0.7229037966961157,1.0783215501088688,-1.7228810974871651,-1.326701980442767,-0.5638194919808628,-0.8859492587716538,-0.6115004005605522,-0.7831655665658432,-0.46194384599645233,-0.7211729770517229,0.5810380531064038,0.2939449406050782,-1.1831106263710578,0.41907260602482604,-0.7958209828071768,-0.31191931146906604,-0.17142018537828607,-1.0554126298863995,0.9942803044314771,-1.1056846083691816,0.0533675440730272,-1.1421970775233867,0.09559100278652215,0.8252735375441339,-0.38714418072945833,-0.08446501003632155,-0.6962187876099323,-0.7665693711475354
-0.04461363373675027,-0.1826315334775244,0.22193905170470637,-0.30547518103933563,0.26030033889128834,0.5182006095718811,0.20032514590005374,0.5299037237481974,-0.0666865610413309,-0.22554107785699498,-0.8464453490484369,-0.640729356248276,1.7859173089390241,0.5350597299190293,-0.3164743266137911,0.6399897675789182,1.388203890104706,0.9451355305908781,0.22619580967298045,-0.4798799494691865,-0.08815877664168917,-0.408012031473433,0.17067268138623884,0.555293136125847,0.7249815249527821,-0.4145630246760174,-1.0650436476439378,-1.5392002076972218,-0.3907678855128279,-0.07036895995493656,0.03724637867151709,0.20915198539904098,0.061149850666673305,-0.11910250221682384,-0.8130085431651692,-0.6458391484363517,-1.4342820430425542,0.23074625172837873,0.8159978878694726,0.29255483418724976,-1.2226120890128334,-1.416782494672895,-0.4146029628868214,-0.36961241823667074,-0.7062293778272359,-1.1805603205805804,-1.7645517954610717,-0.9864035407459147,-1.2189196827094932,-1.0159997927938116,0.15127217087992667,-0.36839960639854413,-0.47679753741972586,-0.4817554929859498,-0.22621901516589676,0.4043890992221408,0.28357246811785103,0.4993638949179719,-0.9569067075612379,-1.2997313481603994,-0.1700148033850547,1.91266479011679,-0.38132734455459993,0.46458277664232606,0.051365353831251646,-0.24614962805391025,-0.40658528514012693,0.17637179280319792,0.3654684738127029,0.0388324710893447,0.25484563214221306,0.97446703712129,0.6883821868664578,-0.17142366368208387,-0.1952075953882405,-0.4047264228327803,0.13859155149076374,-0.2751692642101399,0.3770314799409408,0.7355383769253637,-0.18125814801602624,-0.3174304245537843,0.4130851861487742,0.17388135793825452,-0.6082644806404772,-0.5818185458900443,-0.828360683839976,-0.2699743222163884,-0.8968015951880959,-0.7844844750140764,-1.3208466637658574,0.016934373678791588,-1.2558172425494696,-1.0839253346509523,-0.5017947618398904,0.10853181762634587,-0.94021240868394,-0.5241239585253327,-1.0539324367638292,-1.3171616724415731
-0.5657631565653692,1.3818800655453474,1.8368095355255558,-1.4718669001099214,0.12247453905097991,1.1650477915951851,1.4701620821485364,1.1603006037618355,0.8379978229495766,0.7964806934818516,-0.11424493765962165,0.5499872517081019,0.5801051649912397,0.7029676091322951,0.5279532130818569,1.3295342140170583,1.5133980313616722,2.3781741900606703,1.1409078948036322,0.2914414010814554,0.8512863872107279,-1.171500171625971,1.171254860070407,1.4590281163714698,0.7264100509073136,-0.12494572504332008,-0.23694416471604768,-0.6235620789115969,0.6907812907677333,0.4770708724422898,0.8091084268510221,1.3006642818034606,0.02559263232709433,1.1647401176791272,-0.9071714204530719,-0.4153611656635395,-0.9064328402895869,0.3798106280298735,0.7515355185940755,-0.2847012207792686,-1.4505706393275035,-0.8674207764011462,-1.1644490503634701,-1.4295051394531124,-0.9352775928681671,-1.5958005999829015,-2.2020763428053662,-0.40283081070395627,-0.2761440761343811,-0.7885737813246679,-0.38407867781648986,-0.6480448275911003,-0.5299263358824117,-1.1862328137961493,-0.3060054025201178,1.0696589196430193,0.5176660084284266,0.8682596533334228,0.40802521805630865,0.9844881301903541,-0.1747005043775109,2.1379513880632275,-0.7649555936017212,0.854753509834592,1.5171100853132964,0.7627102399841413,-0.3434894693502425,2.057491168958381,1.9414506963697094,0.747686378173409,1.515141365323262,0.2855115533139743,1.579106551319823,-0.15260983114906215,1.0915553232971134,1.0580769954116012,1.07681132111885,0.48125422460860845,1.3162865852474157,0.7074624486371923,0.2225720207329032,-0.10544779325180406,-0.1294480905822628,0.4058283670902062,1.165340198826115,-0.9883137792608435,-0.0634245718666779,-0.014559298374190737,-0.6072335183560008,0.12003719092329775,-2.2714733103747364,1.1985426672200545,-0.4606043910335676,-0.4007275985688626,-0.050008887832435456,-1.4184469706856255,-0.7977195690675937,-0.5660741677728997,0.05319922138626849,-0.9071494738878497
0.31269724766290236,1.7094166050329085,1.5760084042269005,-2.0729115899515156,-0.3719245970141166,0.654456043574056,0.8453247041413067,0.3343990422741116,0.4367917764256594,1.9296167134945594,1.5269263155174644,1.3084839961980719,-1.2611899453006734,0.0006107774953699543,0.1727689060339742,1.3459101197348355,0.5847293654597666,1.416212099120532,0.36512944065123004,-0.24912926988991813,0.7519976404680238,-1.0336933094953398,0.9229096637570631,1.174157725479755,0.6890779059622245,0.5170104447792485,-0.37025028170614604,0.48263736986103006,0.25784704496337124,0.23983885283316803,-0.40061354070532823,0.013565629418332361,0.10444141284945996,0.9270977407374931,-0.3676794754274861,0.2515060363055335,-0.01458125171358026,0.4707575316681376,0.17276048262680108,-0.5848092346871088,-0.8955064708279485,-0.7503675051109058,-1.6231871028955185,-1.7425334530445749,-1.3767649412126175,-1.6263552377115442,-1.618883116080833,0.18913733625181925,0.4891457758970075,-0.17695088567269898,0.6150005507788597,-0.1663592791254533,0.8907714189742498,-1.4088993240414442,-0.15303178227975847,0.9624123118130479,0.28400726295498063,0.6546556004893114,1.908326351679017,2.3444914142185427,-0.36167016028301785,0.482549039967047,0.020141564327012543,0.23625457213415366,1.2845696070019739,0.9008934172886974,0.09046238326952781,1.1536510594213665,1.831622640453391,1.0120298143568414,0.8989734430683372,-0.6261473936360142,1.0725122257381685,0.35811294655250736,1.0292296653738333,2.1983176921792746,0.5366861509240105,0.6609434915811467,0.558530182607831,-0.2287791922627169,0.18883870321198287,0.2777458763964671,-0.8564804686499152,0.19868570248920273,0.9318949039989235,-0.6749585440326131,0.81395070506154,0.07639284668901329,0.3304566534012072,0.38311235579932174,-0.8718646183149307,1.4566493747481262,1.7749280649335495,-0.18165318694874277,-0.9844467127538192,-1.8159280931131014,-1.0964700125599796,-0.23422446303049038,1.4094246208443066,-0.0550221277985507
2.415527536046267,1.14935857502678,0.9680146372908806,-1.8249401048538514,-0.3850367189816829,1.0000546469131761,0.06968943472338238,-0.2671415488809519,0.6669788000782191,1.5705801004015807,1.777486812185722,0.2159991753931504,-1.1823748782759078,0.16195596811402438,0.1330674536729133,1.8645149068034965,0.04370238154869527,0.5778513319822668,-0.1164092220560037,0.045680808875737215,0.579372670038313,-1.2291346119312148,-0.06176086468001966,-0.20636434630185888,0.7029187352105739,-0.3398461775422575,-0.801310030245781,-0.04869679474379639,-0.8688731771725724,-0.6338799750149995,-0.16827291469156216,-0.5978570149101619,1.2467884259868534,0.5199233215824105,-0.5127497511148257,1.24612134397265,0.5488047846537475,0.9850352578107474,-0.3975368720213765,-0.17060698217657733,-0.24760238802419768,-0.8914955626948836,-1.153564782897227,-1.0685303326646236,-1.3649814710610753,-0.9836067773837884,-0.40573361383406137,0.7961624809334623,0.9115599440895163,0.3914610678001327,2.196147866177622,1.022218926219422,2.2111828251477434,-1.2807675517358335,0.7829669347892693,1.1169724061090605,0.38453182929934365,0.8301312590301275,2.026672104263941,1.7297848979287882,-0.49348096646211126,-0.20399437145498714,1.6857023163906697,0.8347774483312843,0.7461624104861344,1.0706650761520948,0.939770658090919,-0.2580763876207289,0.6999906257780032,1.2722837087686347,0.2195331430512173,-0.808479183026012,0.21915184481420866,0.2918063161352675,-0.05911743666382266,0.849544622815894,-0.6256079027784154,0.2859728112981866,-0.2784122816635487,0.3972121201140725,-0.14012493482107652,0.9739171196064114,-0.6483357105710121,-0.568137970543302,-0.2517360995862834,0.13978491273084487,1.1204314252558958,0.26295174659218534,1.4428343757021838,0.11035481121195154,0.8770723599348141,0.9458452112285295,1.9276967994091376,-0.4922364499125242,-2.315537686339691,-0.5797864211268648,-1.3049786615658154,0.3223043357695352,1.5410743233592419,0.5164795379155963
2.564951189710024,0.3333090795388034,0.6883808809878456,-0.7738833468906986,0.18245507109355255,1.9967834564634601,-0.16917533827554582,-0.41892296871126167,0.9355402435436245,-0.2664532191370049,0.3784196389143395,-1.8625363248380897,-0.21499290746082172,0.8732246325584047,0.8778688287306176,1.7015307347543258,-0.7816692172324435,0.3438682961626289,0.22952763733697665,1.4716225083884695,0.07659905265267063,-1.4767160208689154,-0.4899351426651633,-1.5112929860454067,-0.17457714112628991,-2.089306539943354,-0.3864228730488788,-0.3061719672137133,-0.21612944598706738,-0.6829189311765248,1.722930530970763,0.908564201705761,1.525951521213504,0.5065350186561213,-0.8560743050409662,1.5367489945609603,1.469960680916576,0.9578337292885768,-0.49782944158880565,0.41983884442669367,0.7751268209886552,-0.47572123618522355,-0.23405940762755947,0.1352018681428973,-0.49081632110451795,0.440945859421147,0.804693715093925,1.4009975168549793,1.8698529041707592,1.2495131676103495,1.4938586273855574,1.1644308500521368,1.2634895891692492,-0.700940353694113,1.7066994268865499,1.2408964092542487,0.025623184410098285,0.7013168176069501,0.6038495177461621,0.42337499052718275,-1.0824532086008425,0.1437629646348379,1.5362732746254155,1.7745023841571013,0.7152556424607197,1.3705584967765991,1.537221955519324,-0.08389230262481379,0.31387951543733134,1.0729185474012417,0.24274135117901055,-0.18011260306213553,-0.2800757647719007,-0.7191272124944066,-1.5615613413872858,-1.4969939992562442,-0.5124021855961381,-0.19995321745660422,0.7161940714020619,1.4966733965360426,-0.29404276484088837,1.8758737119890712,0.5983572084684909,-1.280708736770754,-0.3598390017353784,1.3437913801973895,1.6336566108524209,0.6451647609048498,2.7849731505798134,1.084705621150509,1.3772766176888138,0.29599481347475,0.20755080386783376,0.6264613938246946,-1.1303903236055883,0.729596071419277,0.10937839564620272,1.3204878113767244,1.4941046218608265,1.7454156407125503
0.7170703016618626,-1.2092665298125054,-0.5371856272146368,-0.6500162888433492,-0.12818340419307855,1.4901984084890387,-1.158643843722611,-1.4512866227419494,-0.6945099177468453,-1.9991475490672086,-0.9424726593965466,-2.5789407485336606,-0.2409143072823002,0.2730369301784967,0.5377987475145597,-0.3152886189609444,-1.7556129929425295,-1.1499478354415278,-0.23391884289371864,1.1234438513954372,-1.4668526538845303,-1.3996832183597667,-1.181817589616009,-1.8443333241664255,-1.281430795718484,-1.8067909214679392,-0.624929341491705,0.1802525040051948,1.1361510910894095,-0.4497653990105398,1.7635618549986645,1.6019706053203662,0.09727806083360317,-0.8100876921347522,-1.1292035642796845,0.4781486329564024,2.285049278137347,-0.19911293762128793,-0.4378458473499126,-0.35379825490925243,1.9277418078335822,0.03213222985594352,-0.18480348536507007,1.5706513104937512,-0.17041815650782097,1.1814599849136742,0.9659176705815085,1.8553538300494923,2.127238572109404,1.8286841208565292,-0.32396810182216385,-0.07755328475357254,-1.018752110786931,-0.06413428200918019,1.1717577980275016,-0.24229617848737683,-1.4039532537495443,-0.6413129303429915,-0.9195860552937929,0.08932018024054054,-0.40251724936942934,-0.17324639889983884,-0.3934373681998304,0.8467995157405698,0.20767451744803536,0.5646798146776753,0.7242858747862628,0.0809734493873251,0.1942777701413038,-0.14417452319149307,-0.33081149925505254,0.29957571337711464,-1.0959542947105263,-1.7041310750828675,-1.9584464272194941,-1.1791406809546878,0.17082474924330893,-0.5464258924478521,1.3532509765905,0.6890376206980798,-0.3609480284867681,2.0849207885982417,0.7931332962100474,-1.7599603386157763,-0.8576231513405932,1.7892162221668406,1.7704430202859132,0.1281820681132377,2.7275946290298574,2.5998418785614903,0.5507895682081208,-0.39337159024075063,-0.08034670227897181,1.8698197549385729,0.7487969332215246,0.9342115647634887,1.3830045030671154,1.9466276139139116,1.7264206433411948,2.9754522363737204
0.09702492200502937,-2.235962885559155,-1.7328946531644942,-1.3012777099789183,-1.0432312945121707,0.07785045823165408,-2.0454754392236483,-2.3675070385741157,-2.31382119101217,-2.272346841538307,-1.144236499338661,-1.490974589937706,-0.3748415396932723,-0.92707745855767,-0.5757578063766446,-2.0224638752870767,-1.4902035291370983,-2.6376657560369168,-1.2604441983397694,-0.4127415938466047,-2.2811017613933466,-1.3135679456857838,-2.236856019576839,-1.5628014444688207,-1.306382382390967,0.09747415456332797,-1.7570630739663093,-0.1214430749391683,1.1353155004696691,-1.1957401737290307,-0.1577240779046295,0.39259423483319394,-0.6457899399416859,-2.559598864208978,-1.8836448846589176,-0.4177603939865172,1.4065490180391411,-1.4466313146725593,-0.7007072869923505,-1.865139824677728,1.5894080701135875,-0.20328874071183903,-1.0109624311784844,2.318384838841335,-0.5563548598521435,0.23394507048475624,0.1843298598378825,1.8086315098334669,1.2740009866969955,1.2466047388098307,-0.18480494339285947,-0.6567610422776214,-1.8757538243175937,0.2590052110716178,0.030439625276373186,-1.687629861535335,-2.04139147130401,-1.57501919292116,-1.0051943936090284,0.27762637574861737,2.1593388367234607,-0.4783809401038953,-0.8735133055643225,-0.9257268169830248,-0.9710057855159718,-0.8009853152399912,-0.44652452720174973,-0.48236560734907996,-0.7973990430040231,-1.3468405992009465,-1.1568036307687979,-0.2738527413401199,-2.1694321495813775,-1.5593885525866975,-0.5113793506336968,0.715734780599257,0.13635178246264126,-1.1002682739777687,-0.5113124629335339,-0.6274177506688602,-0.6610265565094783,0.6224511622945675,-0.7836827627229931,-2.0589318532564604,-2.1248976089739187,0.44599588673791235,0.478336136559176,-1.0441375804896604,0.746142226667352,1.8171754153507822,-0.4845022641143618,-0.95069531697465,0.6320748143767939,0.5844237142158416,0.0010679387633556196,0.5381851874349871,0.362319703682329,1.135962771080338,1.394823256183047,2.1785381894148155
0.5764865011224153,-1.3071041117182598,-1.3324212320061015,-0.7081057587356705,-0.6304752738697199,-0.38438456508783114,-1.4848146613198097,-1.7089453568081912,-1.557815373086847,-1.2747681202126124,-0.22386515495198428,-0.15556255950723316,-0.12566916483275403,-1.1170971237743703,-0.4476594205414253,-1.793976080366797,-0.6220427202685552,-2.0679946216004046,-1.1656125012795768,-0.30014586750631306,-1.4888263929177519,-1.494096056369524,-2.233632538707818,-1.260046172180087,-0.7085283979089413,0.6628634594716681,-1.535880643499032,-0.9048441608623606,0.3464196506558622,-2.254593199442442,-0.6078299655388604,-0.45959084182919585,-0.14139652299907435,-2.1887109962390365,-2.245245510805477,0.2108374266336503,-0.23832321459852426,-1.8121448193111604,-1.2424257914075978,-2.330581354657784,0.00707492822124333,-0.1488437498693927,-1.2486330173763889,1.5964352252643574,0.043648217911863615,-0.6902639040550468,0.06406813143297348,1.0303216092036211,0.9607624842440484,0.500800496391067,0.6430946714425209,0.06393228785526549,-1.0272241382074938,0.544694879943369,-0.33631677304300645,-0.8348509322297427,-0.9811007814797726,-0.9614780494964613,0.38614571285273347,0.00033614780610747934,2.957486882949339,-0.03387544339563149,0.0015440280146943766,-1.4203316711044376,-1.592449703436907,-1.0157081281663163,-0.398340141464155,-0.4363086008800877,-1.6123433698399714,-1.5204189277305058,-0.9921954132072298,-1.5946908451270971,-2.142970905725379,-1.3134610339172275,0.7253519935952333,0.8862151755397402,-0.32250872451618917,-2.00601430281887,-2.1476337248129824,-0.5969927275743196,-0.9269634969051147,-1.1334849770872573,-1.5459832389825323,-1.99787094550019,-1.7595284635458779,-1.1635466308799236,-0.718222770726131,-0.9964144549623792,-0.4944933673335262,-0.5274775296806473,-0.4686584866708805,-0.7352362873505107,-0.7558241458916214,-0.6168969672891836,-1.777065569617172,0.301509350178762,-0.8008579353188038,-0.1060188758723693,0.6968067992057524,0.5122662223783111
-0.2340175322127258,-0.33937415058523795,-0.7241021414135761,0.6175341869909136,0.23558250379061726,-0.2621387650420754,-0.7823338684868413,-0.7935494063719842,-0.09589871627870665,-0.4580366985577902,0.6511547395377377,0.1568636395279737,-0.49609997984915244,-1.0591888545276011,0.1548872867399843,-1.205631631724006,-0.5295884072490468,-1.1034950200391684,-0.484128352628658,0.5593106110304059,-1.0837138379019824,-1.30818574114366,-1.479406600056108,-0.7229751070818783,-0.7617013084387237,-0.06884841170008177,0.1287448181696285,-0.8862334142526117,-0.3881136564854169,-2.1160702866416186,0.34376163307037116,-0.334705266143162,-0.40986649854988083,-0.7708790907077623,-0.8885791532115384,1.2254237756934405,-0.3023352584139331,-1.4342874486259467,-1.3559414110828005,-1.741112548175754,-0.401157319073803,1.4637518492887063,-0.13038214803385523,0.6730427419814442,1.556758008895144,0.1402166547495953,1.0033151468895831,-0.06026129880755095,0.9219691004787219,0.7634556717522097,-0.3507547775968237,0.11565614079764805,-0.5427364496327807,0.8898376911649235,-0.4069687375459265,0.24986958253030145,-0.19991939077026177,-0.37713560208097757,1.2733296395612923,-0.08725255411260391,0.7037156371104428,-0.11666417337462645,-0.46999001767146564,-0.5130602455324748,-0.9576639605023899,-0.41132102261262193,-0.2208648857437665,0.31160219073578627,-1.1577156741570092,-1.126118941914995,-0.6462730696472768,-2.2161509179171097,-1.033838145436089,-1.8782533647151314,0.3280392874685255,-0.1851426507860512,-0.6968909866299654,-2.1633957049933876,-1.1295466751093919,-0.5253877895006567,-0.6296918258622088,-0.8460081816651425,-0.21232239599258113,-1.295644118702495,0.07620714332580533,-0.9271245049129202,-0.540796253779256,0.2295134579660074,0.31654421417316914,-0.9804968900921587,-0.013194895902166055,-0.3511224887658269,-2.747475795351141,0.8729628281164441,-1.34954634404621,0.3038593230309515,0.18833308343980418,-0.11847222057764134,0.3690872812530339,0.3811503582702569
-1.163307091905778,-0.887773892374312,-0.790251284903048,0.6541549492817141,-0.060670827978198415,0.07356743404379419,-0.6785176612063707,-0.7059433091368273,0.25250531848722485,-0.6675485558133825,0.23810576078011536,-0.3994720870042992,-1.201991072735405,-1.426438399802186,-0.40497769829803276,-1.2300146837706647,-1.0988065518233894,-1.014600293119411,-0.8161288575991167,0.7414822001719336,-1.5246806625748395,-0.04460109561877359,-0.8138606776521621,-0.30136883628282257,-1.0989921588142095,-0.34294943317401105,0.6708144898093806,-0.19143220748865147,-1.0755098221954535,-0.870577906982758,0.38618991983169343,-0.09974992475789214,-1.4977097463492335,-0.8056780526788712,1.0797980922305415,1.5146490604309963,0.5882583891491758,-0.8309763056790461,-0.641150242756934,-0.877046808729397,0.919498259208618,2.61000223463622,1.3314303164154553,0.8968413280521566,2.0499804023811277,1.4864558281869733,1.5469720468412818,-0.41013117323771026,0.4091253861549892,1.2915213760749866,-1.3491962281975385,-0.8276064959357942,-0.9370940151670488,0.8006933243360269,-0.19575851120870114,0.021620559055617612,-0.3998380568824509,-0.3523308845974211,0.31379602731672185,0.6851897345680521,-0.8988450338420976,-0.8210384308667769,-1.2834159809131491,0.6168926559160265,0.08251421142344499,-0.30468251482590997,-0.7295493172138355,0.6469857983731742,-0.5601099864141791,-0.5156412341153537,-0.8856077159651448,-1.3100171767062123,-0.2580345505132294,-1.8836441476758827,-0.2760278310486175,-0.6683902085989272,-0.6782911655703396,-0.79566664364668,0.7496717699729172,-0.6571635174338483,-0.10496267192861951,0.7902522128663827,1.0375194603854834,-0.3924493258409476,0.6238924962856228,0.42935901917196345,-0.2796962198908974,0.8299581191685597,1.5135079205381052,0.5515946866290141,-0.2246103011636199,-0.9029800244733212,-1.8802885672985377,2.0268629564041656,0.4899068538678918,0.3809608132765965,1.4723653526410452,0.74539873921788,0.7831883142613892,0.9865472042022654
-0.34973924584005217,-0.8428894827386525,-0.3141581871435761,-0.5908982199381786,-0.2730744736372698,1.0117984229121468,-0.04375136048012197,-0.4353590853145789,0.239386621481438,-1.0316405545167573,-0.47574109422775007,-0.6657784619718973,-1.3501633987419643,-1.1702698165920735,-1.1617533719901054,-0.9847893700725937,-1.7264697855776845,-0.35116404847425947,-1.5720238240792836,1.3564182217341796,-1.3736225100851425,1.0214117915056469,0.2362396539561247,-1.0330751039976542,-0.5016778396927846,-0.5262802274191474,-0.6631364343078698,0.1160427770980553,-1.4136782612433658,-0.29555973092241644,0.4092509415772591,0.2616145256801613,-1.6775721719647678,-1.312149051870599,1.5092541699082758,1.7528822953182226,0.4208950552968295,-0.4838472823864638,-0.21198762050906741,-0.4161647059817987,2.070519130317079,0.8804225446082649,1.5524362897130668,1.1021469565252244,1.03026134017171,1.442000206626831,1.2625373418534385,0.6430373767879727,0.895006493998349,1.4124945198679963,-0.3535291118734849,-0.8243570299342402,-0.8948359506837599,-0.01763570367317168,0.5623613020907057,0.19297978147936692,-0.18151307599844213,0.07836405566277611,-0.5676042895375253,1.5100837658169735,-0.4089346224677932,-0.8176137172165666,-0.455176863748282,0.7522927080509088,0.27007982799543484,-0.5990118062437946,-0.512719581394659,0.2422111619180757,-0.9387648801146605,0.2683012038313014,-0.8860078574845895,0.13118251119255062,0.08154159001742371,-1.0791776064429799,-0.3391018244872715,-0.6781229751609069,-0.48942020774235967,0.323288846915818,1.8790061109404397,0.5106762294964103,-0.26214666279765814,1.2565309759414476,1.1151264524294808,-0.6181160860534038,-0.5432848624927022,1.0742608955156447,-0.4605746145993848,0.47765231020314874,1.9052377552518294,1.4999770864661732,-0.21533809050067346,-1.2314639414663602,-0.09615610290553049,1.0176168760387776,0.9031273177538947,0.34671835171612136,1.07973921689755,1.2440514167914811,1.7747357280333307,0.9660780369278426
0.6827656443669564,0.6848678286946636,0.47905318156296495,-1.4950367522326928,0.05332825184661335,1.488402301571549,0.7416987061083269,0.23509085554791975,0.3737863336631728,-0.7331643339936786,-0.3534675718536404,-0.4580182321465672,-0.9967799908153672,-0.08045334184943123,-1.0774010904991114,-0.42744032657386033,-1.8834517083705342,0.5564462020655848,-1.1578382367302524,1.8448604497094212,-0.940251545818831,0.436657693856141,1.0427957182049297,-2.398812340491066,0.24382223844537151,-1.38540461347155,-1.8972778707533033,-0.5190555787183913,-1.4238528058484412,-1.0235211861003868,0.9451118841008448,0.4647743881071764,-0.686018909595954,-0.6497468261365739,0.6806334975755775,2.1489239283506043,-0.060553277821296846,-0.44951707742400027,-0.6228085926074414,-0.7044941995391232,1.9415690291129304,-1.4146379016409816,0.5496078499419346,0.3461567813128956,-0.04753339635602301,0.6776754850664874,1.2666854154820637,1.9571026328636885,2.2624130335525603,1.6926221359179703,0.6694986804204,0.12926566899239172,-0.26366990785183353,-0.9036890008513496,0.4593100989845997,0.4539749315218854,0.39824235983016365,0.09080893677738326,-0.15658605338158593,1.5347557462995067,-0.005455021791294716,-0.18806200795183523,0.26666704567634636,0.10877815533720962,-0.2642387447259198,-0.6268762643178902,0.56651709721341,-0.10478217205975471,-1.5925944717118996,0.42075023320739346,-0.6331684348854625,0.8013648527727282,0.6492501914981216,-0.9479120413486879,-0.8885939029189351,-0.874034147247208,-1.3178426043613984,-0.5252859786863769,2.164043245070162,1.6796480703092564,-1.141917707794852,0.29455859872801315,1.0811465558760964,-1.7592742610005372,-1.5595798426240397,1.1148773435692934,-0.04096435389778683,0.08254549179623004,1.4781094065259373,1.1937997151331887,0.48723441550870134,-0.2883751709418836,-0.3035088732286055,-0.05357497204290828,-0.14384451138997895,0.2638538328091546,0.36705478258766355,1.1792301610178855,2.080691694322925,1.0374528598355843
0.9119488819023254,1.341689650902344,0.7275643080602977,-0.8628307871684983,-0.19323480541081034,1.0250067168592243,0.6424855626171332,0.5947705334496387,0.5554252541106436,-0.22981470280598965,-0.5009224241429099,-0.8241281028600449,-0.033251201054825166,0.7821673283081726,-0.7997038003918515,-0.09134681679512652,-1.3330100404105654,0.3081794371046047,0.11943402000944676,0.9012030652995406,-0.9124452711162977,-0.24351840515477044,0.6190794456769435,-2.782788820830794,-0.17797385839595364,-2.0466367750067422,-1.541219168796633,-1.1186291475589638,-1.4630764125868472,-1.1258232461324005,0.008461697849129854,0.40403177518067723,0.351992324180047,-0.06368980399412667,0.39688008562741156,1.9583711323890343,0.6311999209985479,-0.04637166505058941,-0.16933262016141015,-0.5929510690307832,1.2149294908037174,-1.1451801642441222,-0.174042203971892,-0.03635290560235427,-0.13994946940169026,0.7530527670306918,1.6416323833195192,1.6211947017793336,2.26997894815027,2.010974816203335,0.37988369305675596,0.45803517032608726,0.08996068249201841,-0.8539561998488684,-0.45096310066647827,-0.20606037796064036,0.5168543913991179,-0.6807736923282607,-0.7242528168179848,0.6645134732896307,-0.3531136628185326,0.28439957518368814,-0.15761628275119133,0.27729961035979506,-0.28269134948260777,-0.22257874999752117,1.2341398301820017,0.28425823001290196,-1.537982722806721,-0.030803337411060977,-0.538935107056233,0.9766017757023023,1.1373982602269308,-0.818964512927519,-1.6967428069858925,-1.4006082142714775,-2.6213394880976324,-1.2960752652546361,1.0692761941648161,1.2371974786469746,-1.690224460358797,-0.32036597924659393,0.6920524076422291,-1.5820551354641883,-1.3213703581064973,1.3938012087455303,0.7965992661798352,0.06028896688664599,0.7172059995155449,0.6871926218492036,0.5651930022476491,0.2508987375069069,-0.481739063450125,-0.7198551053555816,-0.4116025727501489,0.4041248313910355,0.9326764755469855,1.034340285120009,1.264518936861832,1.3670347513417291
1.250977339794883,0.6147953805689995,0.9290842397290439,0.5002475251924332,-0.1603271983368697,0.7868429396000993,0.5492069476476521,0.9396630255399588,1.1073029567214328,0.22939150970122996,-1.1858921819097585,-1.2522713471596674,1.377363354095091,0.9214753089301492,-0.3388263507312785,0.21023847525655626,-0.5139854196399192,0.19972132184799452,0.7928214691758156,0.2519708901007911,-0.40659713880419635,0.5074112577328118,0.2312329709042401,-1.7778015653695156,-0.19235435300490375,-1.6009018458996709,-0.2752559344988321,-0.5166695855632952,-1.4901102267549216,0.4188067661117646,-1.2000955716392627,0.813553128124254,0.28731452264557195,-0.3749678470303517,0.6034819124236358,1.168703990621354,1.2702339555505884,0.8199125998437505,1.3431603734160817,0.6310923061972333,0.7016242236615929,0.06879785265962403,-0.2660357866244315,0.2507466397647343,0.17977535404349004,1.0735553183404491,1.3413831476225422,-0.04748566437348149,0.9957247201716812,1.4807879269658941,0.08755814921591427,0.3488531126738739,0.19239055618520803,-0.27131893949037655,-0.28866864078193427,-0.0011840544897641335,0.7965144306408753,-0.24786758868095785,-2.026656281180426,-0.8498006809545061,-0.7770677395707636,0.5552125295888988,0.024358447560619566,1.0227285072476644,0.3387256695975742,0.3369886376162364,1.4364089931265893,0.6241100546957892,-0.9003754403861125,0.2337672955374624,0.06032683600215279,1.485611354416046,1.0304924776995785,0.6017224285488545,-1.2758040795880956,-1.5194107583699652,-2.092510544305498,0.1608268577323271,-0.48080390117653005,0.8452665764951626,-0.969780824287947,0.11202047055694164,-0.4536741296417671,0.12860023533248102,-0.19766009083291966,1.542540758336131,0.8711138007938406,0.39670490109689716,0.5172043953467957,0.5876024305324998,0.07426095515659589,0.012891669898846058,0.6324908512353875,-1.2884745317720783,0.5921292511060362,0.39617968508125206,1.8263950894003598,0.9401019939368447,0.6804247803175097,1.089899205478806
0.9284733800721996,0.2960025572442292,0.7345406931386955,0.5793705261808391,0.27667988283782746,0.22985636827950728,0.9695693846022877,1.3652467438025517,1.311877286219837,0.6214184227053505,-0.87475868517195,-0.31754677651998464,1.7535739406933055,0.5519884834528562,0.7595627582230594,0.4493680259429625,0.1977223812699818,1.04278876191249,0.5217253408590508,0.5368598870164852,0.6332218947061458,0.9413514989415536,0.6617391286669738,-0.14646191687611068,1.297693452635054,-0.3269557310718963,0.3709673189274515,0.14075106177082738,-1.4704492709963222,1.688575856741677,0.0802736530106462,1.089930912930139,-0.9178934998483618,-0.1747277131843827,0.13020120481942948,0.07876159705113632,0.234376710566268,0.9528811751300575,1.3514247797334404,1.260130427589521,0.24622694338110024,-0.08291480924315209,-0.5109625511331646,-0.35575477115958454,0.01082283677542443,0.250323457375335,0.27506897046406015,-1.0178863541727288,-0.20540036511885398,0.24291252011648917,-0.10977036232408009,0.47764665337076,0.19177812046805892,-0.5364545047495174,0.008069610130329903,0.8185241274146071,1.4267060675765144,1.1551722769346509,-0.8438535036165802,-1.9519215160315864,-1.1301251230458313,0.4263018407771813,0.501298753802686,0.4175267047120419,0.34523518905984607,0.2797701120741468,1.1477704882712887,-0.08782586122042423,-0.48514478127496724,1.0155513642157525,0.8946719217343064,1.7426589941414767,0.37927478369337986,1.6624128839062622,0.148064596021112,-0.12322969704339322,-0.40932411967145815,1.6246782893867364,-0.5070358163300968,1.2709621786951486,0.48677381317738794,0.2933132118886394,-0.9309671500584292,1.213975022640567,0.6533617108651126,0.8049619378179192,-0.04782208438419004,0.6300774050767183,0.32197747446340885,0.528883482605626,0.032806071561578005,0.831226018143595,0.6720143528017842,-0.4564360682944157,1.4308753632126943,-0.32906669849207887,1.3474914112771064,0.4165027123863365,0.18987432583068886,0.26710785488418676
-0.6277425813119494,0.3130297939822955,-0.36942706167658285,-0.388330150241028,-0.8353680923823212,-1.328556522990957,0.7875771766031042,1.0285191186980218,0.28716128676781827,0.20687680265286781,0.3286833803256904,0.8469419442669543,0.5554097773234797,0.008515834211606317,1.542522231595617,0.39476445388084724,0.4481635552673347,1.062638643383983,-0.13048888089418112,-0.25776745322479805,1.104391307185982,-0.0739789620778667,0.6060483528021754,0.9870580195584093,1.3156928796621505,0.861292785925144,0.16506772558663999,-0.6231379023506909,-0.9802033391556423,1.6041414559843576,1.6403367994087223,0.36673832798589096,-1.3311877661545337,0.6538594790315184,-0.41504548959044046,-1.0980936873176554,-1.2497935576737138,-0.054400805883340446,-0.32710280269730746,0.4116427311873947,-0.5788665689998639,-0.4720546739048555,-0.5688889915467289,-1.6151589826983959,-0.373093843114348,-1.1211944028315357,-0.7215057188131596,-0.7003205839544308,-1.2426776183570785,-0.7621355074913799,-0.6303247615449702,0.2498399721559354,-0.09805708267276014,-1.2179387999363238,-1.0617763642291902,-0.06164468470794705,1.2630203045584585,0.9150342634452721,1.1965604030988726,-1.4386935827034093,-0.7298542089185149,-0.33874940856108504,-0.2467114567125295,-1.090240916202515,-0.5904140876990948,-0.5681243173409055,0.1870650595298513,-1.0985594708459205,-0.6609704304254036,0.8638975235174792,0.8752150403513074,0.9170802411493693,-0.19827575035736641,1.0619874777377927,0.6353913741399327,1.814218769213921,-0.06766196162068848,1.0349214134830431,0.17248791723259932,1.1365826348320056,0.9678690995158383,-0.6586367664745965,-0.4583116555403756,1.3182588201568939,0.630621300281273,-0.46334288063909207,-0.9453103024034026,0.17574468985511324,-1.0817382503702713,-0.18176749279811102,0.04356363635985083,1.657361076498943,-0.3008462373336061,0.9935221084580935,1.5604578909826352,-1.0843591635326895,-0.28203644084243934,-0.4666070683961756,-1.2755249627883671,-0.5902389716468237
-0.8759114124893016,-0.23484839280759456,-0.677870035116836,-0.1872654175626572,-1.9649201139183958,-1.6665838448625057,0.04678824132549183,0.09389450757540974,-0.719170688308744,-0.5005644785380299,1.1852870783102956,0.7917847957814116,-0.5972167917653702,-0.3049271221878411,1.167646855682329,0.3469282119418513,0.1420805407113302,0.12408713430300748,-0.6397211219268885,-1.1875695336718017,1.1307055378800868,-0.5871945910216421,0.03158291112292452,1.163379103624485,-0.9334418731946181,1.4263240228759742,0.38598846363736833,-1.2281197223428144,0.6022086850752424,1.6007427164484105,0.6161013184465759,-0.38191272031868184,0.08876509177128063,0.7044375123086112,0.15492765547058457,-1.362938081421008,-1.101499465994158,-0.7975090457593549,-0.9102499762002167,-0.02128574031358796,-1.1148360033517473,-0.1765159180231138,0.04936199775048495,-1.5091262545406214,-0.17591710924520737,-1.2763991166994013,-1.0047089644425047,0.19132744501194543,-1.448017504349695,-0.964566525584636,-0.13655703809873995,-0.24610499770476596,0.05403112041927029,-0.6174691315424717,-1.262211699937738,-0.9638065582924175,0.21107767560710944,-0.5471683968996877,0.7106826129795789,-0.08255916965063095,0.7210832897020467,-0.9425040900041243,-0.7938250249702615,-1.4877584683671223,-1.1580872229544041,-1.060002101614289,-0.07584391896071431,-1.2393274027237857,-0.6229840294341632,-0.01887550724378105,0.5438978622510864,-0.11481471705469834,-0.15867228516531526,0.5913721252642121,0.07579676625072199,2.1246626265199056,0.018715217855165216,0.29484923917593303,-0.5392877244732153,0.653631384520154,0.117952806031108,-1.3738742891540014,-0.3666489522851635,1.4094543677825078,0.4645622761258481,-1.1543517020860194,-0.7407290137318436,-0.5664783151224335,-2.169748623490779,-1.0221712801861558,0.04941503143840927,0.2444076356630507,0.18508481350377667,0.8029854712065853,1.260390127738183,-0.7521737153553352,-1.191006413495554,-0.669652467485018,-1.9595731766073292,-0.9966667077285284
0.9515273152088936,-0.5289133732298757,0.5162485196234384,1.1182904730797032,-0.04180889200867345,-0.16260680939903463,-0.09773274491800685,-0.31567862461081264,-0.5083493602361555,0.349626299424775,1.6386136569073402,0.9537198969005873,-0.695122619469468,-0.13597517887997815,0.4684542536453072,0.4250882919134505,0.49994431753627,-0.04126033197499446,-0.3914103956993878,-0.03719443519850706,1.406914533258584,0.4427126739660304,0.15942479069433374,1.5176905273536914,-1.0854370347567666,1.628811452847897,1.5264440149582335,0.2256924180922456,2.265279780305782,2.1139038329545112,-0.842533264776198,-0.693155131010042,1.2025106051931878,0.18186867269360707,1.0360367013082925,-0.42478911921439566,0.16204510232464925,-0.3151227668496347,0.18203794520241653,1.0154954450099163,-0.4638823078347566,-0.08187710293738755,0.5050253984559111,0.0775019090588625,0.4759332371855858,0.08695248897939369,-0.5045744307661477,1.0031277587653875,-0.26563853866749765,-0.5140662119042679,1.1815706323126478,-0.10029954676445031,1.0432679125443796,0.7992971298515934,0.5427875388379179,0.29036603149523205,-0.4918696307415491,-0.9056319998477687,0.10585888434708364,0.3358497127228223,1.778982151814083,-0.5144893340245901,0.21519944518411702,-0.9075419220886763,-0.5775833406598234,-0.5841595243458096,0.704813301423861,-0.7342661170252598,0.3738315276118354,-0.6009536194070415,0.6150730350223145,-0.38410571040652347,-0.18831595033138926,1.208347235122188,0.5615199682651701,1.1090641337879077,1.7410489098503021,0.5847346864465472,-2.027969339278591,0.3559756004408207,-0.27536440748437274,-0.7343977992031683,-0.4157151213605643,1.1045192554093617,0.7197656743842296,-1.0946177402090738,0.04611501576848754,-0.8299720294967159,-1.144303065833638,-0.7855107180249564,0.48426370723804857,-1.4958339928788544,1.6054346487424966,-0.27111141977489933,0.4527850687242482,0.2758834557429816,-0.52176357518926,-0.3590772266141151,-0.46837418674398773,-0.5257500898037496
1.1439950264154537,-0.21650192871865098,0.9133241159249949,1.422689845048932,2.215788742229014,0.2863646551451426,0.04614152988402316,-0.20533323984194013,-0.1077977611819147,1.8831280128298857,1.1659939200668397,1.717521157896736,-0.5391271682915615,0.32087743851307804,0.2894784033902833,0.42777456035926886,1.7621466778895605,0.26491897377394924,0.5526074424328649,0.9133478379089758,1.4687213259713694,1.3640788140208704,0.4321861399730325,2.285261943896678,1.240425434368948,1.43652895966501,2.3279555483647374,2.198007382164727,2.4789452170123623,1.7539773160976917,-0.6117233847946052,-1.0941756093710298,1.1082450453323478,0.05930194709460193,0.9249257708886519,-0.12236807870046226,0.5128105179437877,0.41680470682002546,0.958198995278475,1.7210125303371195,0.19674004617080093,0.011101382059115464,0.5172010196893354,1.1288965609876136,0.8880741336764333,1.2771152696947856,-0.019638698119675415,0.5218513587276568,0.4033666167637389,-0.3927869177112035,0.8856416428021197,0.18572991939586478,1.3806179200740176,1.2291482975780847,1.3301375052614879,1.30728136968173,-0.4373463581654975,-0.3617708513654489,1.0722673535882885,-0.06397590414579211,1.248581172081054,0.29210518089666115,0.9051464173288973,-0.38880185688044044,0.19734536259881064,0.10202466174929449,0.47845194561047594,-0.26548522614061654,1.2675699275914178,-0.9071012603672264,0.4469135614756745,-0.5061625280973484,-0.7833108678595867,1.4106094118095733,1.8128973075807029,0.35618754618702625,2.972191515851971,0.5268627125857135,-2.1889292423340696,-0.7490612383528932,0.6315055658087495,-0.10962873478398748,0.11634078204398687,0.45485652897920803,0.9758040337223632,-0.9919520604382877,0.12196427645031638,-0.5733799778948767,0.009071075020965805,-0.15704842201430552,0.3952774913125867,-1.0606454718911968,1.7073636790979407,-0.6808079110847568,-0.3394213238597308,0.7591385872753732,0.4064770674274255,-0.9437058801337289,0.5294648719632933,-0.12432173559091315
-1.6813928020038122,-0.24129113103280886,-0.3728248865334191,0.521848104462268,0.9868773886959932,-0.9749997843866521,-0.3445102226125517,-0.2769553466586607,-0.3580941707208959,1.3842083587234717,-0.8153132073374059,0.9789654661985117,-0.5181681986160868,0.5899849588955206,0.2626027553442568,0.39595261107803614,1.9572633602287863,-0.12782218622696825,1.1193405802474419,-0.8055651191644623,0.8253338641550302,1.0014527829952706,-0.11978352032240817,1.799603951187766,1.2621707738990382,0.4742213238567997,1.8098569020808806,2.320859518617115,1.637603767712491,0.24202375682056274,-0.20976944299851807,-1.0483592073999337,1.526470604692914,0.22904650205291202,0.19293429700854928,-1.4177486214191755,-0.30053411560001136,0.3116754890005469,0.6072549799181248,0.7293913861731962,-0.7419168850884201,0.6919058990610396,0.7414046308866342,0.5704864967140887,0.7229933280295887,0.7975083885908342,-0.40249293131169783,-1.5698850162562012,-0.8491777734679186,-1.2871397078136106,-0.9617142075571908,-0.2674367862796732,0.25577765291014154,0.7230189602969705,-0.08994833956791642,0.2215869924215273,-0.27487802069140443,-0.10408527202198856,0.4075341568422633,-0.09790780532356952,-0.19191536237153467,0.4096249743065924,0.03733347289479503,0.19481487007941953,0.31427462335292505,0.5232774359355048,-1.1320409762330887,0.09288869484198976,1.025041367416575,-0.9320929045272415,-0.02240242314304128,-0.8516134596482324,-0.7626251293440957,0.6590803592512473,1.3642701661140733,-0.16103050652927567,1.67458619847232,0.011737907917283132,-0.7310830667330943,-2.319813198096063,1.4697861612681093,-0.5077077423695358,0.35849406337935213,0.6248454519549614,0.9405392069422405,-0.8899809616195591,-0.2700309621583828,-0.06436897311174541,-0.8207359511247395,-0.605382759984843,-0.5705177717691708,0.16321192312498975,0.507263756798699,-0.9483281851809328,-0.33577788939192876,0.4131330606577618,0.16157438171896016,-2.031816873756873,-0.8850868459519179,-1.0185507943998007
-3.1261060705699646,-0.19014806140694107,-1.0357260572729952,0.05789720099991853,-0.7964985010480471,-1.4813085082199213,-0.46734735464210087,-0.1135250286531843,-0.40447069823114923,-0.3543231174785294,-1.802458924086173,-0.46445241420498756,0.13342807031977175,0.4535854425370649,-0.20082921135831477,0.19975169651615002,1.0380093783757782,-0.31064573371801646,1.064311684635634,-2.461017363025218,0.19826845952180405,0.08356265004055245,-0.3911731756142892,0.6192494720015861,-0.442822570366088,-0.2422726591207738,0.3785040605240648,0.8138132197883573,0.6325848617222787,-1.1556836006267948,-0.6040696546337393,-0.4691515657103933,1.3162937038798406,0.9911172051270905,-0.30836128946640307,-2.2487095239006414,-0.9287041141315715,0.063635068228037,-0.06013581927140756,-0.4054717635437729,-1.838495238327567,0.8471467624034152,0.6207552932099748,-0.6845721112116991,-0.2873550698212214,-0.7418764677858622,-1.1803539571546058,-2.6419432543379724,-2.32004939990928,-2.189933501803238,-1.6140016515698903,-0.5610738257848029,-0.6721134948805314,0.28777742145969143,-0.9282273738073117,-1.0723110718517606,-0.24745695962976447,0.19005615496016157,-1.135980363616434,0.1381567482907996,-1.0485328079380618,0.4379905373659423,-0.40900739860084095,0.6752725438656629,0.4776043844062912,0.8837629092588681,-2.077425641548252,0.5528477213034678,1.1551221198826,-0.05272782524234694,-0.025653572988529563,-0.5206034067336085,0.32069465809680414,0.05914012354924532,0.16693334151589576,-0.5858186729279381,0.012921032760674467,0.0222494672461934,0.7533763810434105,-2.427192302859493,1.4321742777387323,-0.42669829367503165,-0.01116255346466863,1.1322262360247826,0.5419680797546412,-0.5151056992090921,-0.28001839514864785,0.2927519494158351,-1.8837203980599002,-1.385684402344393,-0.9876772301390143,0.6348417176220156,-0.5135242794466798,-0.7996583426618187,-0.3088989671860683,-0.30584672864306384,-1.0637098736219093,-1.8092931662828615,-2.4997049587921407,-2.2221441186665167
-0.4832411185924104,0.9060685077603544,0.21105878274824133,0.6184836630027745,0.49167200564907215,-0.35796797719367596,0.5050403603802918,0.8794770516349315,0.3343707474212962,-0.9807739941482354,0.3048174930180389,-0.2306116448909458,1.677210897975977,0.08517996915774764,-1.0934732602216855,-0.3877662079894663,0.7792113499979434,0.7293652726162181,1.0845176072430947,-1.4585177000569471,0.21296283233208588,-0.6028926876028369,0.6544005658374992,0.720263282131948,0.025829177783869305,0.38255592673423156,-1.2969554671897272,-1.008873462424547,-0.5761706983164216,-1.814844856912803,-0.9744769173319963,-0.2642915283668604,-1.6862927744188545,2.8928406307085335,-0.5611908283495693,-1.130348101885011,-0.8195777312626945,0.6076281193217629,-0.5161177729878637,-0.16203091666790692,-1.2323154021913234,-0.34324073114928366,-0.6402824069608989,-1.6658094070324148,-2.179219258532646,-2.102934181743288,-1.548495491695098,-0.910936043053233,-2.501294016482439,-2.0871544389277594,-0.18292349830868693,0.23898293280956687,-0.208295511759601,0.024073397380792613,0.31058678162198855,-1.187916666141427,-0.12287374563089704,1.0001073573517325,-0.01565148495057689,0.0609696011256499,-0.822294940454471,1.3256614254410835,0.9854834491896671,0.4996774986754928,1.390093759276736,1.2500753840348333,-1.6010200704266688,1.1680486476790863,3.0473889915417383,1.7390594626481892,0.4940302253902893,0.8467594408336676,1.4896451522699217,0.08113451802911026,0.6600864461472701,-0.4040985024094268,0.06399750472807611,0.45608487977105105,1.2965922190417785,-0.7491744477411519,1.114131865045275,1.2026828211723335,-0.220767273400541,0.7670746191141218,-0.3166174870187934,-0.07632898920933436,-0.024993666120726996,0.1723206090997926,-1.3335204715475173,-1.2331311478140121,-0.24698063465626258,0.9327491285611004,-0.8312932320405094,0.7501820443808309,-1.2391434052671515,-1.140590656781509,-2.4804895293436338,-0.03405291271978764,-2.4820566968980433,-2.407970199452752
