0,1,2,3,4,5,6,7,8,9,10,11,12,13,14,15,16,17,18,19,20,21,22,23,24,25,26,27,28,29,30,31,32,33,34,35,36,37,38,39,40,41,42,43,44,45,46,47,48,49,50,51,52,53,54,55,56,57,58,59,60,61,62,63,64,65,66,67,68,69,70,71,72,73,74,75,76,77,78,79,80,81,82,83,84,85,86,87,88,89,90,91,92,93,94,95,96,97,98,99
1.78963763445057,3.7969057851041765,3.921469855602276,3.7421776715102038,3.7784026269104993,3.940524212530011,3.4358405868462985,3.770312678244366,3.988104377961694,3.81952571913787,3.5975503518593674,4.028078199730696,3.7292543480621685,4.228051075938403,4.256469060968436,3.264497872329503,4.166215029536951,3.898806711138388,4.053941407947614,4.14045232127323,3.6831029195088085,3.9654660152664727,4.104485559149365,4.224717243768815,3.7387802996409683,3.7462909541341545,3.6085101212945534,3.530298727903924,4.168561494017954,3.9827883630428116,3.9259778749625003,3.683334278539455,3.2762970569431604,3.8161200745813315,4.085638040686021,3.9477931724878634,4.12548144122676,3.3467001452112415,3.6075150354245293,3.80848999757814,3.880069723545993,3.4995586589800243,3.5466176137118692,3.9346061617434716,3.774281156147481,3.4724024984588278,3.719011901197422,4.039616024793573,3.5739624439310806,3.4957627082732,3.754524405677353,3.592825896471686,3.92161758118692,3.6950210699096915,4.0611610498809725,3.6557742411788867,3.9639944120545034,3.852162750099269,3.961611105863707,3.815733013168542,3.7521794126195296,3.868017513402234,3.90164591587066,4.033688515463724,4.255194242573369,4.334245632773962,3.9114318774230807,4.142042862750498,3.869134994508623,3.770933920026124,3.88188359284854,3.6233289079659086,3.6896685785659873,3.8700519026391444,4.4072976831692,3.9587231129926614,3.8998684833244512,3.529599802218923,4.056214426277308,3.4999279042802622,3.6549716290566687,3.99864619620366,4.175087860897028,4.078847379447444,3.571255006696981,4.05125139279916,4.209026649583751,3.771699355360061,3.8051418714109637,4.150093221655434,3.2312597056874117,3.5938768984101555,4.004889101451996,3.6777371061642747,3.431047342300079,3.835754144428882,3.9430534537171718,3.7417035678467454,3.7473803515855244,3.8265177003233912
3.7969057851041765,1.7750126145410203,2.8547810611730715,3.089195273569663,2.6720986954487627,3.0683438362879696,2.9839208657869483,2.6554404230438897,2.689982904147832,3.213296617677056,3.4506905219710142,3.450638688350059,3.131341419409934,3.7073203376645374,3.497196682167951,2.8756197987500802,3.6349725013863665,3.3826031603832387,3.1968617869122093,3.6292504937738745,3.334323406005988,3.7350996366394016,3.3397217001845716,3.695827877616113,3.650327306073489,3.380210504466713,3.4175433184992463,3.3466149139899044,3.4467092956531284,3.303357589998416,3.5839720310068564,3.2247172782962705,3.282944376142144,3.407048681218936,3.558827947203016,3.2636769515830775,3.624868812973143,3.195261534465283,3.6936935313707124,3.5926323915529017,3.667206068382017,3.6367946643387445,3.5881935396586666,3.70506408246008,3.5969322293788233,3.8172076894070703,3.2590788053724125,3.075051114379988,3.1535809756857343,3.2205341343403595,3.5192801619830445,2.529412202635465,3.2002675193180243,3.098356403412881,2.953071179122541,3.2794312485270423,2.6730097667259036,2.6762200829146288,3.563150281571251,3.3328749877233688,3.642948863689211,3.2474654376747654,3.268731311668078,3.542783521395583,3.6359023203106533,3.4279954805862514,3.300284267961274,3.2920224326382685,3.093493351260529,3.585218936056518,3.038998892735034,3.567950662881949,3.3989859964821987,3.3391342072296815,3.3695608504118693,3.3940085660572805,3.3654110674829494,3.2329021090928616,3.43320164045951,3.6599141896252063,3.254872273444023,3.2708381288832413,3.4329982201827565,3.3701610232698065,3.1096730922795452,3.5443236892188335,3.3909865611311685,3.3183503196229567,3.2108042535630053,3.244398718865372,3.245630874014458,3.557607125278123,3.4588568934235275,3.4361504018416964,3.4997116125772765,3.4190781292123735,3.439172387650175,3.0391870651776434,3.298307368515706,3.2263586139178897
3.921469855602276,2.8547810611730715,1.7640629585357788,3.4819377255174757,3.212596896156977,3.139179082369669,3.567857666366406,3.336981494587542,2.8382950396663285,3.619709607716407,3.923510604060316,3.7857852024646155,3.844659361725446,3.9658752790439586,3.6782701105044042,3.3724116252905456,3.5430234542155308,3.7427902481232986,3.435467279470377,3.976031004994895,3.68384934743077,3.9516428886904813,3.935021655890229,3.884542439068327,3.850222624803798,3.6975767353998252,3.7561067252362603,3.578887007592006,3.998499847583107,3.644444522670819,3.9823404520097,3.976694283085135,3.752943737588311,3.417001407388424,3.7144512433841315,3.7437179098860858,3.869346881076163,3.5124046122884427,3.864611951235617,3.951384291216569,4.058367774297652,4.125291060728576,3.9776170531615,3.880159380357326,3.7496883822949587,3.6546299474369675,3.8918796835242597,3.420552398394205,3.374927156142679,3.4353971253557645,4.0408684187748305,3.069423962873396,3.7666574083630473,3.531257250664036,3.0604906388387128,3.606754560453929,3.4489872532643973,2.919521138840281,3.9949288877139453,3.9446233395985835,3.9669849919303397,3.9625900371887655,3.7466249844900856,3.6514260337508744,3.7039446787542585,3.988433674557762,3.7213918407417337,3.593977004525885,3.6239789675956247,4.098020541347382,3.8710892486042967,3.7048903462006955,3.850281436348771,4.17042232093851,3.9116389623103407,3.9663866079743766,3.895691638524566,3.7755548570410062,3.8476156368264287,3.866932139299564,3.6340520846104165,3.693144438593564,3.76644243249918,3.717446278908689,3.7118516661103897,3.8212071616543217,3.99338840113268,3.794764915598251,3.765577632688271,3.8828392525768156,3.7856473415994816,3.8301793149932637,4.2275959745633465,4.118430535676313,3.779823186451794,3.6304832316354916,3.59953198890405,3.8680000080772428,3.7541163856007915,3.695038161111141
3.7421776715102038,3.089195273569663,3.4819377255174757,1.848703787558579,2.54856510048748,3.424524257473369,3.3076101577075696,2.7007265123687274,3.5088945010341224,3.2093733744602884,3.5394503201451584,3.7173977647474894,3.319087160230171,3.73729471276167,3.6981465964863265,2.960385618501507,3.3216153506587216,3.3401130297453743,3.334322725691423,3.6414087279979883,3.629243325510073,3.53137005348365,3.6818573982587988,3.520414382748114,3.8855254116111535,3.630874984006973,3.4249408304859266,3.0748347599651447,3.727135852591596,3.391050106491362,3.5244510701155365,3.4897014810095635,3.1845815545631275,3.429276428929643,3.5735117327976362,3.632861123596265,3.658179802345822,3.1930367721349304,3.5707074398007923,3.6799298539934613,3.7877453118276296,3.4375550070027336,3.5112235841136448,3.248816074762309,3.426847921588894,3.7798715551167494,3.513293322045565,3.404295865447372,3.3458715654670503,3.3537386445646327,3.519504673761002,2.9884558351575716,3.2551307124445947,2.7151447973707095,3.138378825294161,3.217694188694802,3.139186052215395,3.097669928268194,3.2418471992263522,3.366864061929987,3.5488342848003445,3.3812270633506474,3.62086558121035,3.3328445901263635,3.632239850929201,3.529047080085731,3.5353420767172223,3.494631030884787,3.4608617837745865,3.6406178682512538,3.4918110004948932,3.558834926336862,3.4413322453191513,3.4198864374413436,3.450528151079062,3.5070464932813605,3.6819375502101326,3.6014059146446393,3.557705980396492,3.634198994189959,3.4155788623577674,3.64355722643393,3.323949000259725,3.458605602566187,3.187831073842802,3.6341709216381375,3.5459648057018,3.30148266466004,3.589921650229115,3.185293157217561,3.2234667543827835,3.5716253705546834,3.564142621765749,3.59707286651714,3.351722418326455,2.9129912010010313,3.1669554792136454,3.336557838227544,3.4718911216785817,3.318914731051818
3.7784026269104993,2.6720986954487627,3.212596896156977,2.54856510048748,1.7961060581258503,3.250836946703351,3.2622893828640804,2.3144400535623455,3.1188371048095878,3.1976113107189716,3.51939178724244,3.750798090771897,3.5029391329168424,3.906702698297186,3.7388808837874783,3.119655853122512,3.6643522691922437,3.325473337928894,3.457469895768539,3.3983915738827175,3.6614962090622987,3.404029186037457,3.8353341595332746,3.4861685211604803,3.6560840784434325,3.5051057621998924,3.37797577668213,3.2408169823927566,3.4872717559806143,3.382836515680072,3.2652742197606135,3.578536444080064,3.138232289576212,3.577102822556744,3.458359808375081,3.5653591003863294,3.639855523816043,3.5073057624598145,3.819360448363676,3.576038362059704,3.413124261059106,3.4968941989290037,3.6935551800602684,3.54803826016922,3.362968550181225,3.7723468846510366,3.5539989621764745,3.3672883494891876,3.305977018707276,2.9900306577230853,3.5151371047630655,2.8296398830069873,2.941379427127021,2.5557507496275593,3.0034862659269064,2.9041990061057055,2.742130308707273,2.6866177348801243,3.4384243472600375,3.0250628551888465,3.3303897046782778,3.5464555484809805,3.367242551322625,3.6131889840845846,3.6409885078894955,3.661962054001216,3.7325553935842004,3.626770213221989,3.3100374732735602,3.554482247758743,3.003067978557505,3.2951478980603053,3.4878912518958187,3.535004963343847,3.198350587143063,3.5409642704315445,3.1372757809899556,3.315609456900466,3.425855978262677,3.186462648817183,3.0915350640986814,3.4698465954891318,3.4108389832148256,3.2107691826110814,3.363339923777213,3.5639044436372775,3.569874676259776,3.4620198743874524,3.5658113664842133,3.3337431868005414,3.125794273432422,3.478167831510906,3.473717415383347,3.264381453227709,3.55251643273094,3.2175858135406417,3.613415987524326,3.399894270593309,3.4499071083804007,3.1132194705929894
3.940524212530011,3.0683438362879696,3.139179082369669,3.424524257473369,3.250836946703351,1.838990060061718,3.296998705707616,3.1439055559184155,3.013531717454832,3.774598439159829,3.8189125939190367,3.932991289466347,4.130382611242757,3.957277995903786,4.0850438133868785,3.4925911092743545,3.7856075698251304,3.7062976891372013,3.824172302421441,4.204613935057684,4.034739167841958,3.9939626992414343,3.637840171879829,4.055208076606541,3.9834847918934466,4.002922246861945,3.5843655390590787,3.8009350522059155,4.180629512607023,3.469519721976563,3.958815096923795,3.6341711794915286,3.522664536913623,3.5993542541803283,3.5636338347328413,3.9666794645315897,3.6733833139484884,3.7227562780867,4.1526504450402975,4.2229219260654896,3.868083055656759,3.526118996521951,3.946066823996718,3.8209420893145905,3.941882168579745,3.625157499816878,3.6384033072899014,3.6849616808709005,3.667350529452462,3.4969639897824565,4.243946276884441,3.025744839259657,3.52771251761962,3.4761081446226667,2.6238126454962396,3.3464933246299027,3.081788949469127,2.9245488940223527,3.9483707073446865,3.8135188478821958,3.79911800379359,4.244013684892618,3.707287163075338,3.631659773302849,3.8623505865488763,4.08536435044278,3.78223072364428,3.7781648992932806,3.562119327985074,3.6161232031425996,3.805339223569545,3.536934096893012,3.946416304144751,4.293413423095623,3.985653470609361,4.048620080427681,3.8355821513000725,4.0280593083177925,4.019708262465146,4.028181054182857,3.786091216834772,3.650346212981429,3.9547566897735305,3.781267220053753,3.5290334724748122,3.6817513431988282,3.7647973023649,3.6889399788997688,3.651167074032505,3.8082707122701236,3.7391810465084006,3.5919754749053188,4.35261952089881,3.914332202067052,3.8669229319450653,3.6850372916778205,3.6879764348794577,3.666872408011224,3.9408395081322323,3.541961713442387
3.4358405868462985,2.9839208657869483,3.567857666366406,3.3076101577075696,3.2622893828640804,3.296998705707616,1.7817998963019936,3.050536216638404,3.208035066973815,3.635800767269885,3.813869696536842,3.591559116834346,3.8057380678825448,3.928408323287205,3.7454627140076653,3.2337096275654695,3.6296904196397226,3.1156012748410307,3.868844026415586,3.733787688796413,3.3830006951126874,3.928185745169855,3.805078703287537,3.528349493457838,3.9647270179189373,3.552769844513817,3.3611066543308366,3.272606646065621,4.09908488386591,3.139221094004776,3.8677777024651685,3.7804141070039363,3.428227853228322,3.7996973904959623,3.5735999715965616,3.707906450170055,3.8554666833258664,3.474784051476864,3.809324767017204,3.8876623645405815,3.9441040226073576,3.7028601032504267,3.4149495627627924,3.51411928594394,3.4116114033563703,3.507730650590754,3.6482152512728687,2.984049095415115,3.203215064103244,3.1708986685755303,3.7872018929897893,2.869949649407673,3.067766988339093,3.164809050374189,3.4655938846776615,3.618096009391953,2.9224984119038333,2.951081136921926,3.7804300739621852,3.7672428950045056,3.6332258141954847,3.8577993641469583,3.291999944041202,3.9092887444683795,3.4378149765271657,3.8954851195730176,3.703588148162597,3.889004872783435,3.700822632867624,3.3601961866545387,3.5440215962572865,3.3937270580540466,3.280915787730786,3.745088833717236,3.6544030990496856,3.545752032330092,3.6650018612265733,3.184633164461746,3.5909433196122573,3.82007923081016,3.3176432266645,3.7040066179799367,3.3665296949191768,3.661484063825092,3.3664654307793476,3.8300690177541714,3.844396033645907,3.4891491059149313,3.6422046267844785,3.3270525914758617,3.177381734211846,3.2301659239664366,3.635338379952829,3.453856976870163,3.488352070759348,3.243691387378621,3.662755869334296,3.366267499155024,3.4601669930986567,3.3061684270992786
3.770312678244366,2.6554404230438897,3.336981494587542,2.7007265123687274,2.3144400535623455,3.1439055559184155,3.050536216638404,1.8206831887641335,3.1660105400412784,3.2579444072023778,3.3562946276826944,3.4382680342055774,3.781959336707699,3.7293731612947703,3.4707674045638877,3.196420575194042,3.485007264531588,3.1420030169165427,3.4006542454036386,3.714664278490072,3.689664871462953,3.4684055260098465,3.8033572672294507,3.439441927037633,3.6687216452379956,3.5241742166984125,3.3192494819829785,3.494868466839918,3.541404421180359,3.5863866822353216,3.5703890049608544,3.545791996922231,3.288879027019079,3.6455032245186247,3.4019837986913997,3.722455424013419,3.5278180522068334,3.361137748482248,3.4129674341815375,3.5788422849923456,3.3662805419970843,3.4716575982824063,3.5143359854580374,3.4097468880874895,3.2216918920997712,3.3937130180501778,3.3381597251906765,3.3553857216877128,3.320161910486238,3.1556024601057944,3.5617891936967796,2.6394028939652574,3.009111814025707,2.7494371052225395,3.1235448237885466,3.0975798094374625,2.5268427739828248,2.74929445224277,3.2361439076374214,3.302021808670519,3.474134548485407,3.7719908671450804,3.6428068474859736,3.330575907266363,3.407822105941608,3.450932470448941,3.3424394514115585,3.423639493408523,3.696823967241408,3.3538500323320184,3.103856650001807,3.4268205511349397,3.699986443583821,3.4252594859606433,3.3834928963866733,3.4475030238750084,3.4296543165998528,3.54237327670813,3.4689407383180106,3.8858081230525183,3.223106756313449,3.3017182053062037,3.3003884460242876,3.3495180162303675,3.1605101958606334,3.540588640504279,3.4092247705367043,3.350066092178145,3.304430744138232,3.51690441492211,3.3175703383600634,3.4106367544225695,3.5041456323412747,3.2750693443739873,3.47267448881855,3.2084227062608135,3.314381541313513,3.1982438887728244,3.478916421873749,3.193732809187111
3.988104377961694,2.689982904147832,2.8382950396663285,3.5088945010341224,3.1188371048095878,3.013531717454832,3.208035066973815,3.1660105400412784,1.7155303707155514,3.7229948873821908,3.4829475193852684,3.8591769057158625,3.653240768008056,3.9696959855396425,3.6032626336275317,3.3221798945021974,3.833013056861294,3.699922681457958,3.776090170852929,3.8628127131182826,3.60444019960171,3.9298360979172857,3.6093704923647625,3.847747748523583,3.795329053220695,3.9714133632069606,3.676679985245243,3.5722388481752336,3.569342443927589,3.3996797545403266,3.7704510502380293,3.6426045155288107,3.9452389249776663,3.360265505555563,3.4837585453349535,3.51527132086391,3.8926883474797567,3.72885998632792,3.7425036788800887,4.101914131075933,3.887957979078579,4.023751729673422,3.654236176025079,4.020023916358712,3.9493378676121274,4.09748065252639,3.7063077271672604,3.0593290523663326,3.1482640641746813,3.237787319683468,3.475827810003076,2.814766924302134,3.6893360504452946,3.365308366332802,2.480676489315358,3.569232906302925,2.9461820302257973,2.366235084495553,3.923392100627775,3.7242211158229237,3.683224371211219,3.7793379603298636,3.189448597177396,3.5326272189479315,3.6657641729343218,3.694779226537311,3.2691441891026143,3.6931083779132683,3.56501144861411,4.116518017776692,3.7380460555729953,3.5231961077807266,3.686990537077954,3.7627932055416644,3.7508773417353107,3.7264231677667836,3.6321995135893475,3.5031637338279586,3.759947287911136,3.9023739099248447,3.245190678434746,3.434537752423137,3.4182914905277304,3.4675496133604127,3.2699979079737536,3.559334248442525,3.64712552958295,3.1149650440391112,3.352723830933825,3.3612268394199902,3.6008021838614064,3.3600007593299597,3.5638902503742305,3.746176691909303,3.5272655901774437,3.5637211116765473,3.5401231343991633,3.2491420106133253,3.4194949435965074,3.340011934183616
3.81952571913787,3.213296617677056,3.619709607716407,3.2093733744602884,3.1976113107189716,3.774598439159829,3.635800767269885,3.2579444072023778,3.7229948873821908,1.7620941631873654,3.511805302554641,3.5776595584562347,3.2796396975488253,3.654987310604289,3.3590154392898515,2.886825284268124,3.7443153324770844,3.6697072590868185,3.7408727555152006,3.7378578717010993,3.4801796679092436,3.5919048818572694,3.714336515721131,3.8866289606762714,3.8209483575479735,3.6408189363151298,3.6196701635335997,3.9036378733924724,3.3546835534221913,3.676301344168266,3.534079779819784,4.054021659678105,2.901828894464787,3.6898868096557504,3.528844890077274,3.6125034303643297,3.6574579841585426,3.3208307526422085,3.3972625327247132,3.1915450014591182,3.626105104394902,3.845641447488705,3.801296457288633,3.9395939687431474,3.839427104293026,3.768156880249933,3.5436265638101117,3.4571053756975885,3.4403972958955182,3.279244758687477,3.6857572018634968,3.7710974901326373,3.5298394015960044,3.6242400711233613,3.8347115984834788,3.748970064091239,3.6913478739222474,3.725815014122158,3.8156954945745127,3.6416496242928114,3.6153933815059967,3.3650784141420065,3.7359933787289417,3.432774210161828,3.6737814339332138,3.1817815346221865,3.5230022185808387,3.778760310131437,3.5360734104504425,3.5719944293577406,3.684916350737353,3.170200417568008,4.013348740498231,3.2107383816602133,4.131987989057286,3.7646676799136856,3.469421328601328,3.4993832764535258,3.93044185920155,3.5099854117441898,3.5835648853755764,3.8305658067472446,3.996611897902747,3.6855415708838226,3.339372178290801,3.761963772158528,3.766423898111293,3.732752422167441,3.646883369647638,3.646657063429415,3.6426771872859964,3.545324330415037,3.626970694359419,3.6325124544021983,3.6948808240744233,3.8455313933681885,3.706832789763981,3.903670581774774,3.794425900727618,3.649380052273823
3.5975503518593674,3.4506905219710142,3.923510604060316,3.5394503201451584,3.51939178724244,3.8189125939190367,3.813869696536842,3.3562946276826944,3.4829475193852684,3.511805302554641,1.6546166957506392,3.5576552825044554,3.8287591803789236,4.0242869773892425,4.122234167852676,4.232240678827092,4.022346418751198,3.853235317480289,3.5311277304417468,3.854968940179095,4.201702893708979,3.6746114618311845,4.2380680651862965,3.88123136182206,4.063016546298171,3.824971803183978,3.5509278105598683,4.28662868959413,3.7737013988788655,3.620541160010952,3.6687334694350078,3.871474277645092,4.371168452603427,3.7226328075154105,3.880951592636904,3.9342069021239623,3.8222913852728375,3.918821100855958,3.6415632553256856,3.900881148019183,3.6992227990804802,3.855626820704745,3.6625410586233835,4.11504241185511,3.9889850428864064,4.032252791758978,4.179842481467861,3.593316113175506,3.3205573645793325,3.452072804985374,3.1985647024281416,3.8197597527320237,3.5133595919359712,3.9946414993877015,3.9766177568459335,3.849391951504119,3.6479894593200504,3.9723938382189288,3.5762358952167417,3.647022112143882,3.650713741239525,3.8176356763345516,3.7846181889505996,4.191230551175591,3.790906474826509,4.141907197811121,2.8726777649638677,3.7604258978791245,3.815492538574822,4.091584168297063,3.782114857795021,3.7164541925069536,3.920278097053728,3.6782550336713697,3.8590314147856417,3.77459945784091,3.371446925143057,4.032689322110911,3.798853227051669,3.991619062172975,3.893069930357605,3.508038486614927,3.8973549507134853,3.8987976502849238,3.5779554623937537,3.928639561934937,3.8856377085741802,4.225461510875475,3.655604072357754,3.7492768495112907,3.715443510325304,3.6278831020538678,3.734895801062697,4.062025560879607,3.7217137053772786,4.075220673651203,4.079385877963071,3.4723363883065144,3.2952016660689885,3.5822650207004174
4.028078199730696,3.450638688350059,3.7857852024646155,3.7173977647474894,3.750798090771897,3.932991289466347,3.591559116834346,3.4382680342055774,3.8591769057158625,3.5776595584562347,3.5576552825044554,1.5897424621600218,4.458932069400589,3.6526624915792834,3.9230243673803553,4.447961656065099,4.2373317101064165,4.3997754390626165,4.143105779825254,4.6413488061140855,4.042324568082165,4.080390952526616,4.61257853424565,4.256890781463818,3.8337757761199445,3.73929742310193,5.03119897318963,4.719306195510117,4.2141867117438165,4.759402585478415,4.303714786284969,4.621673852014268,3.9176257624274187,4.105983500198234,4.273517177469806,4.492629475665254,4.032687117206292,4.339362896396244,4.02057668952943,4.499131213554618,4.334504722645655,4.345753188886926,3.9561344572816197,4.6114815145413015,4.377955358755344,4.204796322593247,4.267312499038167,4.40435102467956,4.20730037714929,4.280163120987619,4.2338960510805554,4.86522489066268,4.521686629134621,4.435841919160922,4.605741935009537,4.628303607153453,4.9412576830434585,4.5366151145586775,4.297830394936416,4.5368231989014545,4.692093260928967,4.565720399911198,4.1590933404076305,4.209009577558476,4.091271535668536,4.023512757570376,3.6941161940726306,3.920766640876169,3.88842700715643,4.346630334785596,4.338937745149993,4.193022686912105,4.143802973621344,4.462298585359143,4.246804308757362,3.992623737851689,4.428250717890676,4.202529654214548,4.6356265795660825,4.027963698138904,4.517322608864562,4.424929041211233,4.261737743250387,4.619985132033665,4.761687830840682,4.623551882813938,4.140488126931302,4.781295268432763,4.195684049821936,4.840869266504194,3.937665079851545,3.2001354434221803,4.287712651322498,4.073681937306746,4.34836031509813,4.430594767401064,4.054695565837038,4.141159102119052,4.325709660988311,4.321470920273925
3.7292543480621685,3.131341419409934,3.844659361725446,3.319087160230171,3.5029391329168424,4.130382611242757,3.8057380678825448,3.781959336707699,3.653240768008056,3.2796396975488253,3.8287591803789236,4.458932069400589,1.643508772536023,3.4775466871844656,3.5259536428867198,3.355452487677616,3.707032187110701,4.096579339450249,3.586936689806183,3.6707098987663236,3.726601929526039,3.9893108398150963,3.9547658223911277,3.977008795112508,4.0999021647753855,3.848199168145846,3.9841254260891836,3.9779375658042273,3.9076538352350587,3.676405434400719,3.612972890656363,3.9876100123425493,3.2638187635118645,3.8196716696155235,4.124619913180225,3.9915436826721518,4.028152811199715,3.334100140760134,3.470905709030301,3.7776326812831424,3.792977680672059,4.0452368964783725,3.6164760850404365,4.031988665651338,4.102362320402224,3.9199784364739334,4.000872467195072,3.995008297233621,3.6756108049745344,4.181016635446461,3.935787377978864,3.838231225239531,4.0293033208294,3.8563354530000504,3.5853291462977186,3.596629510222407,3.6472193738011,3.4347787523118596,3.9004564580729393,3.900190475566389,3.4875322295633175,2.655004245299179,4.058381935556712,3.6096363188201885,3.966776490921284,3.3974328324985423,3.7071053172351376,3.6654471319302364,3.8794287128843092,4.003016822499905,3.792962704737965,4.0239301784515105,3.420643532210986,3.7645530432666545,4.128217859708057,3.761057433494045,3.927115391304539,3.7914836882734306,3.837983677698189,3.6086942591822604,4.143805038178432,4.121746895132748,3.6319104576149095,3.753064275333266,3.8415248742561046,3.6837873712048106,4.246656370062867,3.967685186748574,4.062909824523828,3.9779517668069246,3.892593680407985,3.764615836177795,3.915089787718398,4.151710837351002,3.9738867176908714,3.8961639568008435,4.186360675142277,4.04690271734604,3.8376631494486424,4.3853130233545565
4.228051075938403,3.7073203376645374,3.9658752790439586,3.73729471276167,3.906702698297186,3.957277995903786,3.928408323287205,3.7293731612947703,3.9696959855396425,3.654987310604289,4.0242869773892425,3.6526624915792834,3.4775466871844656,1.8646955467269877,2.8357346501764673,3.5835939946008124,3.6869578365941496,3.882524039195655,3.231996246281986,3.8662575676834474,3.034122792365471,3.8522524016972564,3.667261842107421,3.9999373620962935,3.7644856831110154,3.9174988942389963,4.092866733948639,3.852222093655425,4.223868828980774,3.8008536340083423,4.081470357326053,4.035517961761077,3.509628634372964,3.582481169335013,4.072587506803107,4.011857940764819,3.704983104465518,3.7722994589543393,3.598863054801607,3.7333861927904515,3.5641065306612987,4.409805881623962,3.8005253459182784,3.9003374018244856,3.6444141442347893,3.930493927278082,3.8698461537870044,3.78961744643377,3.6747590842539988,3.791811486839163,4.015336726526432,3.730377371492747,3.9939555120592005,3.877545242974987,3.809531157365422,3.8052178890971438,3.7351930889394107,3.856179503815541,3.874423218451918,3.7699383454176005,3.847763023637488,3.527708788122692,3.6778027107038938,2.931636578239541,3.5565959861000658,2.981862876963335,3.9075663577027826,3.3337536089044995,3.569427292064757,3.912890680063373,3.4756200604990326,3.958258893053681,3.72902575216927,3.923540618839713,3.92894145012375,4.03193311423067,4.102969618260342,3.8825009588243113,3.9755753573305963,3.7789197484312167,3.9621884335951045,3.716190686016943,3.9130231706706016,4.018161002747725,4.0885120353082,3.9965777845738657,3.6350405834421773,3.793766580364032,3.904189766225328,4.1612846764208085,3.816575227718359,3.7213173241645463,3.6750653158007864,3.995873186265584,4.077794132594244,3.844029454251901,4.138316679623158,3.9225511964751805,3.9645497151610662,3.900366842484688
4.256469060968436,3.497196682167951,3.6782701105044042,3.6981465964863265,3.7388808837874783,4.0850438133868785,3.7454627140076653,3.4707674045638877,3.6032626336275317,3.3590154392898515,4.122234167852676,3.9230243673803553,3.5259536428867198,2.8357346501764673,1.8091902261379877,3.674196000771597,4.105199642917323,3.880390437118205,3.781931693659111,4.112585559047939,3.292495678815589,4.0174158457873785,3.951836774393697,3.742702127491986,3.7950580020082865,4.257353701340062,4.18194792854161,4.3314708062068075,3.9167852802328196,3.749348032766806,4.319613731492961,4.28067721184259,3.5365651216954395,4.081038128814509,3.9769093576540926,3.9475151669131283,4.146505745126902,3.8145792492418824,3.6426408710907783,3.834170070305435,4.150834554115878,4.4690059660987345,4.077554505159314,4.088914080006695,3.902101155986966,4.195154285249393,3.9370239352830767,4.0234610099375,4.078726815956572,4.1575827395651945,3.818283189771955,3.932281494096794,3.748106063240145,3.9940558468017042,4.184536939702934,4.176364845395356,3.763124329621793,4.093270927826591,4.048076809232174,3.747193784283747,3.6297527075526985,3.6773763769131924,3.3378698582926583,3.0396938366672717,3.4204152052707655,2.7414841306733093,4.1982909858836965,3.6808322559338356,3.9847619406410586,3.700339464020806,3.815800214423976,4.299935442372354,3.933048079577602,3.880865198380993,3.8463375851437624,4.0355766660399865,4.207679185544388,4.065881274530375,3.9528153949836096,3.7362202423246296,4.002911383965562,4.11393402949998,4.0122569059280115,3.999061429976221,4.182782118217009,3.917081868957589,4.1444249067674415,4.040428605362664,4.058067349431928,4.043314755786601,3.6241220249402586,3.9971901550504345,3.9339868789036254,4.191041288890726,4.055302452529777,4.09455675568762,3.899415427100276,3.994227712014932,4.194857050480721,4.23956105608715
3.264497872329503,2.8756197987500802,3.3724116252905456,2.960385618501507,3.119655853122512,3.4925911092743545,3.2337096275654695,3.196420575194042,3.3221798945021974,2.886825284268124,4.232240678827092,4.447961656065099,3.355452487677616,3.5835939946008124,3.674196000771597,1.6385936284780218,3.3407737043830803,3.170262430768489,2.9568505934081313,3.639631814163639,3.10102527322909,3.3506114855956417,3.2082497300364183,3.622737509561315,3.465825353372357,3.3707019918904764,3.607586134827929,3.550175130465157,3.2396704206525677,3.709447284707429,3.162664579535261,3.5569023502169426,2.9512518403173127,3.4047137010628132,3.27628151526436,3.1550476501200566,3.4184991649597354,3.2116491895702657,3.4125974924614257,3.504677605973732,3.492782204508663,3.2790092152541566,3.5891842589591536,3.4031323569614447,3.2104416767311483,3.748155872431163,2.835621018524217,3.3753374682007333,3.1863019945631894,3.201731256206888,3.277560829115073,3.4193263742645192,3.698083004125917,3.4403119640534667,3.431786879404581,3.2803012596829535,3.624387315342855,3.5579138541151836,3.5846784683339963,3.4607180165165694,3.4972395379545484,3.448166696986939,3.5917623831642724,3.6302053869578828,3.3762757644116483,3.580040700479782,3.383992547720731,3.33177233110075,3.2357372629561536,3.717480949972852,3.2718830684854385,3.2209940060446547,3.6060932862708994,3.6498572110467653,3.6344721465019685,3.4575665140649043,3.3403359805825583,3.1054146283249455,3.4694827896885228,3.0864581025899316,3.364196762757833,3.394078731760468,3.314500990028381,3.284417896193635,3.370117730811796,3.166385824682513,3.353231554183508,3.203442377636161,3.5017115317502405,3.2985630810164133,2.6338131214060003,3.319339372482845,3.3856980021301766,3.472861607288244,3.0183050204020283,3.205485899199248,3.3987213242497356,3.42332569225416,3.405581949263626,3.510139974107219
4.166215029536951,3.6349725013863665,3.5430234542155308,3.3216153506587216,3.6643522691922437,3.7856075698251304,3.6296904196397226,3.485007264531588,3.833013056861294,3.7443153324770844,4.022346418751198,4.2373317101064165,3.707032187110701,3.6869578365941496,4.105199642917323,3.3407737043830803,1.8861863735283007,3.469432441059774,2.832037983811188,3.866034641776898,3.6528973293167777,3.2876346533826366,3.6588032756037463,3.4289940711149174,4.240411089986522,3.5852344938248573,4.08057724663981,3.885788241756724,3.901440371268321,3.8202244574992745,3.8869734488641536,4.081092276931978,3.8156204093222703,3.5348919580176177,3.6841788662092556,3.649325165889427,3.724597881318884,3.7874410893688117,3.6107288260216968,3.787553572362687,3.8092627123765777,4.298480591789239,3.7677003793154515,3.807165635703429,3.818435089749667,3.7526124773090053,4.009344731197393,3.9206231683588286,3.7644029079868573,3.9402499469199928,3.923119459324037,3.9938818473795483,4.063592752405981,3.6940286559256417,3.972193578716704,4.114019139585386,4.019284121420806,3.868044703194945,3.6905759370979814,3.7137088259235624,3.5689678906056885,3.6472698492578943,3.787358090988177,4.0417517803363365,3.577441951924338,3.828045154450847,3.8132297582723704,3.545014011782458,3.7972930501189754,3.9074093153773,4.085174160313754,4.205152202994236,3.8796154294152707,3.8972112657481928,3.472507780121213,3.556123230832453,4.054183039413281,3.8677451696519882,4.183630816748652,4.211628345530616,3.6047155443088372,4.076645959542519,3.7723140523905383,4.086636994387125,4.155915666736604,4.195451561261076,3.839029155808952,3.830793686950028,3.6942032572230135,4.090185296397995,3.842406957903088,3.609463812572055,3.6369213617497804,4.023986334369334,4.183065264327652,3.9185540766211533,3.8654844007850317,4.076826408887075,3.876532044732801,3.941628268832709
3.898806711138388,3.3826031603832387,3.7427902481232986,3.3401130297453743,3.325473337928894,3.7062976891372013,3.1156012748410307,3.1420030169165427,3.699922681457958,3.6697072590868185,3.853235317480289,4.3997754390626165,4.096579339450249,3.882524039195655,3.880390437118205,3.170262430768489,3.469432441059774,1.7107719317906858,3.6838278669808533,3.5568832401200066,4.045287980631779,3.684134227434387,3.3991033634025323,3.880899366731944,3.9923757325360256,3.560540912500259,3.333896443725854,3.6222210011070666,4.099449737470284,3.6857044140165343,4.01458210666958,4.134116211160614,3.6515231594657953,3.8914091364770584,3.548988185189066,4.1730062275343105,3.7502736815386597,3.874558228868788,4.0187572040507975,3.86290060177924,3.7500312499920683,3.8831872462491663,4.0416914028468724,3.8907563105904703,3.5238149190730748,3.5654925945756855,3.708574676807229,4.002835386018284,3.700329514279222,3.627568549302381,3.9117780513964506,3.448222353611463,3.123513070093491,3.4687337289168574,4.023492876579249,3.686613057053897,3.084224542592628,3.8866205398146385,3.9936530642831087,4.118622211866836,4.142858051452319,3.6582165944305967,4.0502023618286485,3.9196676227781144,3.962157500877421,4.210202841950659,3.8531985939611832,3.648752362682227,3.811914098135881,2.9759276109381223,3.6154278045111945,3.627696353158515,4.032390288466985,4.480984258209484,4.0601361618842375,4.0062793781870045,4.137801503545925,3.478111796809441,3.812572093848757,4.068901012194202,3.6678245257955138,3.4961920661272035,3.6572741394906223,3.2380505441032343,3.179013466791638,3.6035426417527194,3.6398164525987005,3.4721189123938054,3.9886533788086544,3.5175810336918363,3.5958864435730122,3.60041952352417,3.9192517314347914,3.834476588415773,3.5365033670385873,3.9283430436493636,3.8933655845708692,3.8602597326794386,3.9189075041089936,3.7034192848235543
4.053941407947614,3.1968617869122093,3.435467279470377,3.334322725691423,3.457469895768539,3.824172302421441,3.868844026415586,3.4006542454036386,3.776090170852929,3.7408727555152006,3.5311277304417468,4.143105779825254,3.586936689806183,3.231996246281986,3.781931693659111,2.9568505934081313,2.832037983811188,3.6838278669808533,1.6955821791849193,3.533995237234721,3.338834947088964,3.3497200663948905,4.112787176201079,3.5487257835714447,3.672403320471834,3.739423495462229,3.902858416138741,3.955712238190268,3.5319344626508014,3.626144398778517,3.5121000292124993,3.783055727842473,4.0464027813930965,3.326517275775897,3.5566312052684856,3.534110030118213,3.6587098313788817,3.6207561776408888,3.6936446243358754,3.6892541607354943,3.816019648066852,3.4258952134585265,3.45574185404866,3.7514657693478908,3.962582113589625,4.275640390845643,3.640927658272747,3.8138940416612757,3.597824670544886,3.772872479918182,3.5117414123746773,3.7972054547866416,3.8608082052124137,4.081323351479647,3.5134820946181593,3.8239640968819772,3.891165694879199,3.839743063664011,3.8966341064592127,3.8498393137884235,4.02559869824442,3.6796723477378235,3.8396444521318376,3.643653770306316,3.6395521555615526,3.891769711281722,3.6714512846310563,2.532378574569766,3.5872931864640316,3.9885196897708037,3.5999836122770494,3.771059504984457,3.7907126658651835,3.4987988137212356,3.738265297697534,3.563109607711908,3.716902611309388,4.076388828464971,3.90138974401045,4.162056980893222,3.756567389663382,3.7379796846832294,3.718444270717622,3.5762257684133734,3.449616245427059,3.5983020225644853,3.6843127267919136,3.7596516390955137,3.575969044327099,3.597514002537413,3.950312522177189,3.81766757324277,3.7659399852344047,3.864751629181417,3.624735663878722,3.745735840981715,4.096618980276414,3.7207142710417385,3.550977153757993,3.7587035262018365
4.14045232127323,3.6292504937738745,3.976031004994895,3.6414087279979883,3.3983915738827175,4.204613935057684,3.733787688796413,3.714664278490072,3.8628127131182826,3.7378578717010993,3.854968940179095,4.6413488061140855,3.6707098987663236,3.8662575676834474,4.112585559047939,3.639631814163639,3.866034641776898,3.5568832401200066,3.533995237234721,1.6994457742007072,3.9237036665462965,3.7790494344869363,3.8648195544904156,4.074919898162301,4.082563052335856,4.26738951826457,4.146491083794667,3.984023770202202,3.376076734276694,3.6529396749480765,3.882824763094435,3.9621836550334,3.698884896511146,3.916581958584942,3.96837151979938,3.739829025631104,3.8156493288531927,4.047355727282097,3.9559869426219385,4.209471398857861,3.8843298136472653,3.9258079906387184,3.502051125630799,3.8341415050952117,4.165883394439115,4.403397778465066,3.9466715342050946,3.5182230198846476,3.4440891743247346,3.6349040638433263,2.9314016515582697,4.337066533865419,3.763976151122967,4.279006490884716,4.467438964795341,4.140850910882904,4.186748287143609,4.426325210136717,3.8343195421262863,3.805802851448771,4.15927447436099,3.3401155359382058,3.634092865543534,3.697953363287749,3.9978980799989694,3.9176420891377965,3.8774423095435355,3.683049579089531,3.718309204478451,3.717814419114421,3.7092947152442486,3.9264953437949233,3.5537049416667905,4.20940269078929,4.14890114884914,3.7876611360914523,3.462735172986869,3.75597904704563,3.9947341987786786,4.187635914654495,3.6938111111978507,3.8156424216007894,3.9355611901530128,3.9889035801359705,3.832825369216954,3.8690902144482244,3.9275054511499072,3.7694124707344203,3.4056934862080572,3.994823211270946,3.85912686315776,4.373790749540444,4.209566781917316,4.347030640916852,3.498026946383259,3.948985537506899,4.2762276296092505,4.156156847382683,3.23717899943785,3.8737725323665857
3.6831029195088085,3.334323406005988,3.68384934743077,3.629243325510073,3.6614962090622987,4.034739167841958,3.3830006951126874,3.689664871462953,3.60444019960171,3.4801796679092436,4.201702893708979,4.042324568082165,3.726601929526039,3.034122792365471,3.292495678815589,3.10102527322909,3.6528973293167777,4.045287980631779,3.338834947088964,3.9237036665462965,1.7190296126926905,4.235928345913592,3.8435879089451914,3.8593212717085326,4.402425966155702,3.9460986366891713,4.304539655562183,4.167528867674553,3.8918897130301264,4.460654843331987,3.942630132085822,4.358024279112908,4.032328355008892,4.383465208925903,4.0005619322314026,3.722914892957907,3.6167701840246416,3.898913461957079,4.296770282299775,4.020949215206008,4.203259594532414,3.957549680463945,3.9587553484323887,4.029265882512415,3.9778174502451322,4.316249288678064,3.5238141518250266,4.316125394799848,4.054049794780118,4.046441736936359,4.210684878437144,4.024698383378211,4.158099939531928,4.081667293535049,4.239973694016827,4.113285877212678,4.073950285256667,4.264865353012779,3.7472431304041245,4.3170461527365696,3.6274942134861266,3.825914255508988,4.064722411131329,3.9511871953825586,3.5640746294628807,3.762970515144437,3.828451862298793,3.8356254090812065,3.6245397400886312,4.210891225793666,3.2594417297724707,4.032150776191701,3.9131083866727105,4.100569816062171,4.036896127544063,3.905241492040493,3.8501101163679072,3.9275835028407,3.767233408078655,3.8549317850659395,4.127384635725326,4.212444585600806,3.594817623462509,3.9076114951298324,4.0440921046302725,3.859346805029677,3.874996676973397,3.8036371839567384,4.0948129231836115,3.821153308839384,3.299426793990827,3.934666636062437,4.151878678618288,4.039162627990337,4.080283732735058,4.254721251340399,3.9583709898873822,4.215293635336901,4.315977728237338,4.13381308541499
3.9654660152664727,3.7350996366394016,3.9516428886904813,3.53137005348365,3.404029186037457,3.9939626992414343,3.928185745169855,3.4684055260098465,3.9298360979172857,3.5919048818572694,3.6746114618311845,4.080390952526616,3.9893108398150963,3.8522524016972564,4.0174158457873785,3.3506114855956417,3.2876346533826366,3.684134227434387,3.3497200663948905,3.7790494344869363,4.235928345913592,1.6249371413513825,3.747987213924015,3.8053454011181373,3.8523822719201073,3.863696404526333,3.4537712830037,3.7573836640637808,3.852587497343565,3.1660752232437765,3.3624079970770056,3.673402908656893,3.7198538771333483,3.5584658450520745,3.284887770561051,3.603978830868743,3.6469011162485194,3.845452335691671,3.311361316117081,3.681279180929365,3.7576056622647678,3.743667770761445,3.6177766480456985,3.607709467410931,3.649479070927887,3.5748406094457783,3.783449344271629,3.2764734554784694,2.921065766925904,3.2345971438539696,3.4844802722069153,3.7305793011914097,3.541083238967488,3.63100325659475,3.7189151125253606,3.6141195444766554,3.616083480592802,3.7185038859825013,4.031935905982594,3.54802720269614,3.776910675143656,3.684859246696669,3.3325212341809634,3.638427259485199,3.515375715214606,4.1240315388171584,3.6068182265639335,3.374912884796216,3.940439429328024,4.038458962413012,3.645509353853921,3.181272295573807,3.433975315993525,3.571493680244566,3.838772114330831,3.69916818359491,3.7403562439600027,3.2799140954347656,3.5046731644650135,3.7754841396769394,3.151511421268695,3.6349777544287853,3.9492675712157026,3.712793950038736,3.3184557483157238,3.7095846797198173,3.6440462647241345,3.8688409769536305,3.6239491762054397,3.5301073072534113,3.572146522456364,3.786507273225997,3.5105329235939857,3.81330617060665,3.4073034077430906,3.3486842970876207,3.8977879973635168,3.680578941220338,2.966692291769165,3.6740163995302564
4.104485559149365,3.3397217001845716,3.935021655890229,3.6818573982587988,3.8353341595332746,3.637840171879829,3.805078703287537,3.8033572672294507,3.6093704923647625,3.714336515721131,4.2380680651862965,4.61257853424565,3.9547658223911277,3.667261842107421,3.951836774393697,3.2082497300364183,3.6588032756037463,3.3991033634025323,4.112787176201079,3.8648195544904156,3.8435879089451914,3.747987213924015,2.011160412321287,4.198419851768586,4.114287268731669,3.924602056630175,4.001205778990435,4.049342151220422,4.005968760973397,3.8566291483970776,4.12337403716299,4.061638968369129,3.520780433798535,3.709338118498599,3.8476690053701614,4.129116380300691,4.124740044119549,3.783805663266646,3.748881566162279,3.9398798941402617,4.12377583629702,4.347461858237741,4.065101499148408,3.84307559346771,3.9079301430218663,3.9278435850899776,3.76935295217893,3.86491467078063,3.797484883822874,3.8809244001196177,4.220783191154284,3.9671263728404527,3.963350844902695,4.067559571594164,4.088529200845184,4.256692839584453,3.731482070627992,3.9894254572396814,3.6312562305552283,3.8537927011536377,3.969715090941995,3.8735035223273457,3.898500113695727,3.987574379578987,4.108683583258508,3.856390811945878,3.8180865588695743,3.7178790047951153,3.8947480159173438,3.69711852891452,3.981649578422609,3.9865211616940432,3.808564846738112,3.85758664535697,4.215348625372661,4.14747939662911,3.9214229134599763,3.9611655479682923,3.99074641180932,4.020272085774379,3.9860685453200615,3.8750579260499745,3.9729994717867476,3.9776670675885097,3.834042401412486,3.904512688254195,4.160515664897257,3.9308460958721843,4.0776839885284,4.129417013287913,3.7450526109261766,3.933927235654189,3.786349648589297,4.031144275936919,3.8474633746752276,4.220792078460761,3.821182545414981,4.04818728328802,3.986438585117742,4.051951751429296
4.224717243768815,3.695827877616113,3.884542439068327,3.520414382748114,3.4861685211604803,4.055208076606541,3.528349493457838,3.439441927037633,3.847747748523583,3.8866289606762714,3.88123136182206,4.256890781463818,3.977008795112508,3.9999373620962935,3.742702127491986,3.622737509561315,3.4289940711149174,3.880899366731944,3.5487257835714447,4.074919898162301,3.8593212717085326,3.8053454011181373,4.198419851768586,1.6523590494853455,3.987793685524378,3.9413932902579956,3.8420345063800587,3.9654233112317305,4.025764070783136,3.7249156371370353,4.230825673374018,3.745677650621253,4.065479689640847,3.766636117499325,4.414488870148555,4.019239573589208,3.7040058206806274,4.0079008097568325,4.109346775320161,4.230653384515843,4.1315283641437786,4.127387050997624,4.240542664379928,4.045933329373029,3.9585953764709103,4.04907771361841,4.476446927147999,3.4564782242338143,3.1854639627419448,3.170280419851864,4.09886395899217,3.9043215825633006,3.7927724211744054,3.9889744743335442,3.751496773211647,4.305657534519682,3.9008286626534168,3.8558444745525153,3.87801294369524,3.5762910364883775,3.3134401311959167,3.6657241076386455,3.4751629234558092,3.634816267416577,3.14896079637372,3.845106013164393,3.8343839324129974,3.4591130773389684,3.6130357626731766,3.942166615731263,3.719804539154032,3.669529369588454,3.5853609423094617,4.113516026737472,3.1554131146208486,3.7284116240427614,4.036597272798862,3.4390589282411357,4.005912240361776,3.9970226859866234,2.8482764415171284,3.7895003769425846,3.7902451700276676,4.29748044578272,4.113591216622877,4.250881578397238,3.769305902324371,3.8753626273889665,3.829212752881887,3.8695811918531136,3.50277562493659,4.095719144023325,4.305028421928633,4.009193674766329,3.571886130731679,3.9269856401698,3.8068585102637447,3.8994875646349727,3.6775229476219025,3.247219886377965
3.7387802996409683,3.650327306073489,3.850222624803798,3.8855254116111535,3.6560840784434325,3.9834847918934466,3.9647270179189373,3.6687216452379956,3.795329053220695,3.8209483575479735,4.063016546298171,3.8337757761199445,4.0999021647753855,3.7644856831110154,3.7950580020082865,3.465825353372357,4.240411089986522,3.9923757325360256,3.672403320471834,4.082563052335856,4.402425966155702,3.8523822719201073,4.114287268731669,3.987793685524378,1.7899390966167512,3.762624548127121,3.7844970591928124,4.257511088165856,4.517572470683124,3.7241551208718318,3.7904348272871866,3.744860066689021,4.326787358056477,3.712017961244559,3.8817472268580646,4.213458058652785,4.048586590231189,3.950227538243881,4.227076383717996,4.020230524905094,4.048749696167756,3.4514267148937763,3.685207995539805,3.840649368065812,3.7269100847555627,3.7079576101131515,3.355299349311331,3.762400803139957,3.989652492601165,3.647757247170488,3.7618375279805187,4.0672305655014656,3.9866400449992545,3.883471737049948,3.998813226001316,4.057188517166821,4.070915196039796,3.9624625493791408,4.062506626299947,4.10301632498583,4.02860720171962,4.127548326137361,3.2129957875373263,3.959835287770489,4.025861277408203,3.8886005076995884,4.212790473507636,4.217534459669593,4.032772285828007,3.964596486968194,4.170668169342921,3.574976705286067,4.056653676460482,4.120505504902389,3.9265237158125066,3.769711739581067,4.264600066539218,4.014174485481922,3.884570209870303,4.022764739929424,3.834574082114017,3.5111060582926963,3.835215043927415,3.857851993297436,3.932445525153508,3.823246930655968,3.955280641112078,4.265150541567032,4.140766061671515,4.229496467984494,3.3209050755937026,3.4381696716962287,3.768200113421643,4.049640747974215,4.011684027041089,3.6042908486972918,3.9477426616104068,3.612414137230565,4.132966097778403,3.851484210824912
3.7462909541341545,3.380210504466713,3.6975767353998252,3.630874984006973,3.5051057621998924,4.002922246861945,3.552769844513817,3.5241742166984125,3.9714133632069606,3.6408189363151298,3.824971803183978,3.73929742310193,3.848199168145846,3.9174988942389963,4.257353701340062,3.3707019918904764,3.5852344938248573,3.560540912500259,3.739423495462229,4.26738951826457,3.9460986366891713,3.863696404526333,3.924602056630175,3.9413932902579956,3.762624548127121,1.7813181622995036,3.017614474096755,3.0120122768273467,3.4655119856218377,3.1200462613110775,3.075108842322398,3.32572354844676,3.4448761425075407,3.3114141620504474,3.034645168506124,3.4448255190656214,3.1069199954969777,3.146486750716473,3.2699029183276154,3.3864589406200873,3.408185172537617,3.0474002996590013,3.1604480291558525,3.024050268576349,3.3351072084203643,3.408237240446515,3.1935275770082763,2.896589087401002,2.787499873193417,2.7512991651177447,3.240815009672535,3.1274698246881147,3.3232143309361644,3.181770338231566,3.3653583743130326,3.3722297911112777,3.31771512282621,3.4429952880049166,3.479862287721513,3.4927859261995033,3.6225094824819273,3.372742882051945,3.2226040935733073,3.260407559371736,3.318329615407227,3.7183793365918714,3.15309409690957,3.1796728390839757,3.4001013979323322,3.2223893325065713,3.167549531073088,2.8464964719105885,3.031652042202021,3.109722057859716,3.280831932595704,2.6455228774605617,3.1859063219154433,3.002338327226652,3.4119548455737667,3.6628992244976564,2.865969257020248,3.031463599666896,3.4392413317894848,3.1385044104018567,2.691907273488484,3.143325200678059,3.101581891417469,3.137513684570074,3.381895903815319,2.815608386622889,3.31826842117549,3.2686300806579296,3.1075506471737744,3.1460186464440025,2.7934365480541863,3.078787259347549,3.40640022684563,2.9931820025899176,3.0277947710333666,3.0199175512526972
3.6085101212945534,3.4175433184992463,3.7561067252362603,3.4249408304859266,3.37797577668213,3.5843655390590787,3.3611066543308366,3.3192494819829785,3.676679985245243,3.6196701635335997,3.5509278105598683,5.03119897318963,3.9841254260891836,4.092866733948639,4.18194792854161,3.607586134827929,4.08057724663981,3.333896443725854,3.902858416138741,4.146491083794667,4.304539655562183,3.4537712830037,4.001205778990435,3.8420345063800587,3.7844970591928124,3.017614474096755,1.7563441199316827,3.123344244169223,3.5228022982889837,3.1890242460274716,3.274623319266721,3.5234740296803513,3.2806028004512764,3.4999865505377166,3.1659012306274636,3.5229925024332904,3.278520682465521,3.3759100738072734,3.2097775217480318,3.449155225426708,3.4724860024582775,3.0929529326387355,3.1468272967861233,3.5620708147044255,3.414796085513336,3.227468839919762,3.683186865517315,3.4455818142994974,3.0225055231765534,3.0770871101643107,2.9922608505281554,3.371336956980141,3.352270572095588,3.395182931641134,3.6254303571976254,3.427015921090036,3.1586682176955234,3.505495803714057,3.6467490430609133,3.5540196863703093,3.592106720613743,3.0360762831180566,3.5706021644399426,3.4229806180913527,3.470330321105398,3.944554814178836,3.074941295651387,3.483610075832079,3.7338162088120654,3.6290002046400915,3.4356021120594007,3.0969472917186565,3.0836168432378717,3.4564451989053335,3.378850090156806,3.071437779543924,3.260202596846369,3.031125295267241,3.4006198019500617,3.510504172844311,3.0711809256068037,3.0784631887725733,3.3553386559835974,2.758719905856805,2.207585028108435,3.194119456458747,3.2878280869614813,3.2519748723245465,3.5724047066104156,2.9056992073642105,3.504497832429947,3.160846176277384,3.4896039869260598,3.609928794892636,2.806949700862079,3.4860602388592383,3.443868437826216,3.1591027175164124,3.130219863362722,3.2434631815064354
3.530298727903924,3.3466149139899044,3.578887007592006,3.0748347599651447,3.2408169823927566,3.8009350522059155,3.272606646065621,3.494868466839918,3.5722388481752336,3.9036378733924724,4.28662868959413,4.719306195510117,3.9779375658042273,3.852222093655425,4.3314708062068075,3.550175130465157,3.885788241756724,3.6222210011070666,3.955712238190268,3.984023770202202,4.167528867674553,3.7573836640637808,4.049342151220422,3.9654233112317305,4.257511088165856,3.0120122768273467,3.123344244169223,1.746469093766622,3.8491516784645237,3.8061560582426934,3.9704228131489856,3.9418724379737324,3.5671945719592717,4.018164890687236,3.9049041317309294,3.538894108198223,3.522727241140601,3.8582849221910154,4.1234419325857985,4.018932074239674,4.010426938699728,3.80646980808747,4.060109051890978,3.6022018310521293,3.601383457315543,3.9294063390117033,4.002703779422842,3.917345481041498,3.648429004620064,3.7314080955549502,3.753699011472765,3.5671713192230654,3.5332462113394705,3.734617059067842,3.8793294499707276,3.749713053286152,3.576702232941329,3.8758433466650213,4.1297266089933,3.539764669998947,3.816778814230422,3.4595819431829815,3.744658743461299,3.7091582701540986,3.513275630503513,3.7786374511908494,3.804503607023792,3.8159070344569055,4.0465824785523425,3.7732590043087515,3.687872100934629,3.972661930209345,3.681121377333747,3.8873946868589813,3.762221060989856,3.6496810247972777,3.757151115388763,3.1464918455985074,3.7784206790768073,3.7065081543826497,3.4193868485150767,3.7568303697060816,3.262230271261283,3.546123691570944,3.1651172456039682,3.7114167598169363,3.5240326392277166,2.4892534838152875,3.6172471917340636,3.483176734573598,3.1095840867556532,3.406203961728716,3.4861725503057293,3.827365439913261,3.5959280282680997,3.7505540660275933,3.3822403344178604,4.029377612911922,3.739766646445084,3.776083004468121
4.168561494017954,3.4467092956531284,3.998499847583107,3.727135852591596,3.4872717559806143,4.180629512607023,4.09908488386591,3.541404421180359,3.569342443927589,3.3546835534221913,3.7737013988788655,4.2141867117438165,3.9076538352350587,4.223868828980774,3.9167852802328196,3.2396704206525677,3.901440371268321,4.099449737470284,3.5319344626508014,3.376076734276694,3.8918897130301264,3.852587497343565,4.005968760973397,4.025764070783136,4.517572470683124,3.4655119856218377,3.5228022982889837,3.8491516784645237,1.8576886272423476,3.929259913834401,3.5578551953159154,3.7270811310232963,3.842676824966215,3.607537404866408,3.7056718009428553,3.5664061704158554,3.5352701334320265,3.7229061383637907,3.4738539076155837,3.682260421799929,3.795165875904147,3.768855098396343,3.6947445093501066,3.179273106528797,3.6996134739141304,4.260314432911105,4.135293371427889,3.869645890279458,3.399125873979799,3.4812406024685623,3.636291914449846,4.016472360405861,4.067185148258267,3.8900948496127077,3.9987248615128257,3.7848769710216406,3.9957355074868537,4.067537868780928,3.9566903752196585,3.64493098425942,4.285418061428376,3.608154798088411,3.6528737675633245,3.992211747163239,3.8073071694478284,3.8050727633819963,3.633917985442482,3.672971823584147,3.802511250785084,4.122071913508598,3.770861655155351,3.7555241316289534,3.964234467206847,3.8259273491862844,4.080796352277122,3.687908448227397,2.8843896646287845,4.069911466867025,3.8265825058597,4.3336464834814095,3.636139075449727,3.6978319609065835,3.906993039529655,3.664380811527738,3.6961831504884644,3.5568462639008414,3.553245339832672,3.761768903719299,3.444667437527728,3.7121220423423567,3.9505437339133596,3.928186020591457,3.6943084589576074,3.555773394923632,3.7342533034401746,3.5206858788990534,3.861943089452789,3.7951767999264483,3.6303491117903883,3.539807363870666
3.9827883630428116,3.303357589998416,3.644444522670819,3.391050106491362,3.382836515680072,3.469519721976563,3.139221094004776,3.5863866822353216,3.3996797545403266,3.676301344168266,3.620541160010952,4.759402585478415,3.676405434400719,3.8008536340083423,3.749348032766806,3.709447284707429,3.8202244574992745,3.6857044140165343,3.626144398778517,3.6529396749480765,4.460654843331987,3.1660752232437765,3.8566291483970776,3.7249156371370353,3.7241551208718318,3.1200462613110775,3.1890242460274716,3.8061560582426934,3.929259913834401,1.742823849166313,3.6313533965326723,3.7359761081976903,3.148655550830231,3.544469809504453,3.6659792007845233,3.4256189623790214,3.7385050480358437,2.960814503853561,3.3772470126881444,3.1608843982660835,3.8106496591184436,3.685059350110984,3.4460336023514455,3.6677174312546983,3.91203309537586,3.65093793312773,3.97740121786894,2.93579038999856,2.9337354403447957,2.8320681569463684,3.492878484146277,3.4959584153576526,3.553076339860195,3.3757693066432415,3.6607626713740817,4.085115128328015,3.3705870338400534,3.094079318466814,3.7259692001886178,3.744418846530396,3.9343643961616497,3.6846304146352176,2.777387242347081,3.702868840054683,3.4459905043014993,3.907635307655417,3.4016266263827806,4.033279383657552,3.8070244985469985,3.672026951012049,3.8847566905524875,3.078910461107776,3.5881263010052615,3.8332486158855588,3.7205783152891945,3.826214966190399,3.5859491159129595,3.304994044670813,3.585992946806038,3.5284052670491026,2.9748180722378272,3.243353988229443,3.7881122470106847,3.827868239632029,3.036996750666014,3.752086895772984,3.675153331755282,3.8335684236688796,3.7535846736061016,3.234589225877422,3.3863677150492197,3.737343185608007,3.308256446160801,3.731984285316297,3.2691245379049434,3.4420791341283272,3.5191800413299474,3.0580887709194107,3.2016907235241856,2.9896335661579787
3.9259778749625003,3.5839720310068564,3.9823404520097,3.5244510701155365,3.2652742197606135,3.958815096923795,3.8677777024651685,3.5703890049608544,3.7704510502380293,3.534079779819784,3.6687334694350078,4.303714786284969,3.612972890656363,4.081470357326053,4.319613731492961,3.162664579535261,3.8869734488641536,4.01458210666958,3.5121000292124993,3.882824763094435,3.942630132085822,3.3624079970770056,4.12337403716299,4.230825673374018,3.7904348272871866,3.075108842322398,3.274623319266721,3.9704228131489856,3.5578551953159154,3.6313533965326723,1.6989017293159807,3.592072615448065,3.4194958905425565,3.7594020454003902,3.480226137261156,3.502565932617433,3.317675361399803,3.693022644021763,3.63529976652088,3.817456160719644,3.858179218635182,3.1308871143672405,3.730974186362973,2.7936203573730145,3.2009648791723158,3.9828959345128596,3.6994884622601014,3.162583846061474,3.1097857018923896,3.024141911991456,3.2555528681238455,3.598376995596114,3.6842543564646415,3.7186317731851184,3.7701531572976914,3.847572927300512,3.6701049895186055,3.5313059240954896,3.9629156399841996,3.6344335872608684,3.9908203554253694,3.6601731033994835,3.177795112536851,3.8257883756510354,3.80249320454661,4.088668780878151,3.5236236815430924,3.649336573055502,3.753220152719694,3.649613340015463,3.5013540619436387,3.1636576514414854,3.6373230179234053,3.645294167076603,3.982161406058116,3.3354651297264106,3.5585622538674153,3.6757311471443557,3.099941959362306,3.5168016608654664,3.323723894274708,3.430071410193267,3.344674098599321,3.373625736228323,3.0870463691672,3.295150328593345,3.237282101538629,3.6154572768485194,3.624206879438711,3.337235647440298,3.3773722246080258,3.697824121627031,3.280765218672959,3.419291933963549,3.41191562673317,2.6337008185998223,3.679960876108506,3.0789388652492966,3.477136081296271,3.3895730032325653
3.683334278539455,3.2247172782962705,3.976694283085135,3.4897014810095635,3.578536444080064,3.6341711794915286,3.7804141070039363,3.545791996922231,3.6426045155288107,4.054021659678105,3.871474277645092,4.621673852014268,3.9876100123425493,4.035517961761077,4.28067721184259,3.5569023502169426,4.081092276931978,4.134116211160614,3.783055727842473,3.9621836550334,4.358024279112908,3.673402908656893,4.061638968369129,3.745677650621253,3.744860066689021,3.32572354844676,3.5234740296803513,3.9418724379737324,3.7270811310232963,3.7359761081976903,3.592072615448065,1.8723900244217646,3.3532892493475837,3.8069740834294166,4.2721049890838065,3.698316793561573,4.033402688278305,3.3452497549707694,3.552450348017818,3.956314305980928,3.991223752933489,3.857342239510871,3.2774305293093153,3.711915357049098,3.677952686719374,3.8858277622905533,3.8073106690823706,3.4031997972868,3.314494167270747,3.397416330261557,3.49239994784727,3.5541534571357607,3.509523848664999,3.5869579301288503,3.9172431963517838,3.7639500884806454,3.3098138138096047,3.4729035216577415,4.079193685930386,3.8338935947397808,3.7840927958944404,3.626299741728331,3.354532534778325,3.593499943674523,3.5847006576516662,3.9039644548271872,3.4891914125290246,3.6550436042417065,3.546235291100701,3.2772595298564147,3.6772865697699197,3.6146455805151665,3.282430154095422,3.685773874791382,3.805130188944116,3.8362048160887667,3.574673263441037,3.9712669623811014,3.6935122835560596,3.5497775264448017,3.5295486293705247,3.4516645358637192,4.0231377766214536,3.986907622793989,3.8640274886584187,4.107587761480616,3.7656491980576927,4.081126484300851,3.3271377210536457,3.5657869795941783,3.218607341545725,4.13883852364152,3.8387463096008463,4.007353877299694,3.5839180390794843,3.581205562378937,3.738264131208495,3.427356682485839,3.3304292184704494,3.39924447801619
3.2762970569431604,3.282944376142144,3.752943737588311,3.1845815545631275,3.138232289576212,3.522664536913623,3.428227853228322,3.288879027019079,3.9452389249776663,2.901828894464787,4.371168452603427,3.9176257624274187,3.2638187635118645,3.509628634372964,3.5365651216954395,2.9512518403173127,3.8156204093222703,3.6515231594657953,4.0464027813930965,3.698884896511146,4.032328355008892,3.7198538771333483,3.520780433798535,4.065479689640847,4.326787358056477,3.4448761425075407,3.2806028004512764,3.5671945719592717,3.842676824966215,3.148655550830231,3.4194958905425565,3.3532892493475837,1.7130703109197,3.6444485655378007,3.471705436951967,3.533594946514754,3.634684455913777,2.8936531057155266,3.1162888896959937,3.2081480047967,3.5751557812272154,3.8926190428318024,3.486316396049304,3.79950820733962,3.757256971299472,3.403988628879221,3.757123317858913,3.527473554414273,3.472357822959944,3.542962113085676,3.506741396868971,3.9519237786667145,3.5045838937127103,3.761317107586063,3.906562189327985,4.114779954510121,3.708199436094977,3.776059222537518,3.939026311259289,3.465554824766674,3.8571013856428573,3.5098356572188205,3.584001554814411,3.3703152801112544,3.684383378129348,3.721059616278759,3.7677670533449006,3.7278594728362573,3.8605760659291906,3.2461613384099812,3.6939316987411206,3.600567023399918,3.5835012059705336,3.582036981430086,3.9505169990082023,3.7636183254194298,3.712412825000151,3.753344533138403,3.7259361292069246,3.4366218459261977,3.4924791414996794,3.7571472969199173,3.743567979180325,3.709997326485253,3.620685809487395,3.440328621819994,3.7398101808230564,3.481352907555538,3.681577772747542,3.693066461457588,3.5171829973740643,3.4229949644088395,3.5670350709330547,3.6007825434136764,3.715937722108042,3.6277291709077524,3.6066470883514854,3.798147713462814,3.574758760484318,3.800726410631787
3.8161200745813315,3.407048681218936,3.417001407388424,3.429276428929643,3.577102822556744,3.5993542541803283,3.7996973904959623,3.6455032245186247,3.360265505555563,3.6898868096557504,3.7226328075154105,4.105983500198234,3.8196716696155235,3.582481169335013,4.081038128814509,3.4047137010628132,3.5348919580176177,3.8914091364770584,3.326517275775897,3.916581958584942,4.383465208925903,3.5584658450520745,3.709338118498599,3.766636117499325,3.712017961244559,3.3114141620504474,3.4999865505377166,4.018164890687236,3.607537404866408,3.544469809504453,3.7594020454003902,3.8069740834294166,3.6444485655378007,1.838558244313768,3.3606613705567026,3.8511646393229295,3.7702485870934788,3.635811721792804,3.496239467203083,3.8828040119516842,3.534977144784178,3.3402303351858094,3.655728216503192,3.737763270922797,3.969530502916583,3.695319131889664,3.7216144902958317,3.2778544837227694,3.460187469953058,3.2992682074379815,3.5768795674281866,3.5296093201300827,3.84705727836822,3.771636351348064,3.24729785512671,3.923065862153031,3.772237354386373,3.455477374483973,3.816666881186082,3.6675027402238354,4.006491950974795,3.672227742882214,3.540086035938839,3.8123694345855488,3.680909574917853,4.217790377675504,3.573055518785283,3.656939707479935,3.843537794834461,3.9330953850655734,3.7376665538146536,3.591826681575372,3.647773666343254,3.861514774198007,3.832774639113066,3.7113769553767693,3.528803342864444,3.754824024304478,3.987971367827894,3.778441687476167,3.5187513897161544,3.1535594572006023,4.1454176992331195,3.508562074973134,3.414701657561104,3.5967471271934883,3.8015942996694765,3.7245156948690226,3.754960959735259,3.7093775820332042,3.7469360502372973,3.2177451766844483,3.867850225896395,3.984521177527856,3.7291676975454826,3.6986545930253247,3.812380373411898,3.133300714680352,3.7202413478398215,3.414030874477648
4.085638040686021,3.558827947203016,3.7144512433841315,3.5735117327976362,3.458359808375081,3.5636338347328413,3.5735999715965616,3.4019837986913997,3.4837585453349535,3.528844890077274,3.880951592636904,4.273517177469806,4.124619913180225,4.072587506803107,3.9769093576540926,3.27628151526436,3.6841788662092556,3.548988185189066,3.5566312052684856,3.96837151979938,4.0005619322314026,3.284887770561051,3.8476690053701614,4.414488870148555,3.8817472268580646,3.034645168506124,3.1659012306274636,3.9049041317309294,3.7056718009428553,3.6659792007845233,3.480226137261156,4.2721049890838065,3.471705436951967,3.3606613705567026,1.7767258665057672,3.760998495844348,3.55546318528727,3.676229032819753,3.552043908495705,3.635401690806082,3.367237085832733,3.4740880876817313,3.9380845092321213,3.21697244132674,3.4410415504689364,3.516117594713079,3.078327776567429,3.6124092239856265,3.358989467317054,3.1864362058656597,3.572190692135434,3.483260993904705,3.7407054672618667,3.7594134292988843,3.505213811362012,3.7184871146550367,3.35190227595782,3.436251677998135,3.9013806286421313,3.7268247248297537,3.9582467623858384,3.6553132877857393,3.6890003303249683,3.4679393460662142,3.7852215886934775,3.7380636007449666,3.557668067999428,3.8733376141281375,3.660358619425317,3.980522311823427,3.5864512634326244,3.3124958570708207,3.5355278226324036,3.8027499059211154,3.663502546476285,3.381953810111989,3.799720031008155,3.2645212615952084,3.2386590455111888,3.752426577409305,3.5876271552550834,3.385217055905254,3.8508401148809366,3.3546646217922254,3.047500587700769,3.301735805180076,3.622827954797148,3.19113422520212,3.854472231642605,3.4955695085082614,3.2944628548340904,3.313737492977716,3.595952203799669,3.5367014908728778,3.3347179238094533,2.963781201764257,3.4878756656061576,3.2068197262028972,3.628947412312349,3.400747185280368
3.9477931724878634,3.2636769515830775,3.7437179098860858,3.632861123596265,3.5653591003863294,3.9666794645315897,3.707906450170055,3.722455424013419,3.51527132086391,3.6125034303643297,3.9342069021239623,4.492629475665254,3.9915436826721518,4.011857940764819,3.9475151669131283,3.1550476501200566,3.649325165889427,4.1730062275343105,3.534110030118213,3.739829025631104,3.722914892957907,3.603978830868743,4.129116380300691,4.019239573589208,4.213458058652785,3.4448255190656214,3.5229925024332904,3.538894108198223,3.5664061704158554,3.4256189623790214,3.502565932617433,3.698316793561573,3.533594946514754,3.8511646393229295,3.760998495844348,1.7420137483472806,3.633497770467274,3.962630950746624,4.190999511873032,3.605469696864888,4.163844583112673,4.264795729124892,3.9807112492455254,3.9658767573149607,3.9844200328623867,4.258053302227448,4.051980933509822,3.92263253340558,3.87791970786322,3.805993590712114,4.535325323582655,3.7587631226224074,3.970444472673924,3.8299476254761333,3.9187416541194007,3.9231734339788544,3.98303717724746,3.624786827007544,4.015552722005443,3.6035506260592802,4.1756200082448895,4.14255614892779,3.676870785472153,3.7458279943996633,4.142075639624928,4.321139093419869,4.2608429784586015,4.04301730471971,4.217766630586257,4.4509566223112245,4.164222578637511,3.8690264874444638,4.005956980637323,3.6263655889865225,3.9301176495705157,3.9557223605096623,3.5903432220165166,3.975966045330796,3.7951796924320447,4.3893426468064085,3.952791052199962,4.079292727999347,3.9463213257870984,4.212493951606627,4.07103831438906,3.9106309682880736,3.791863293182998,3.7468161315790955,3.3140214559785943,3.9309230590853694,4.096020960969754,4.181657745475705,3.959637117910527,4.21816968459169,4.277560434460056,4.014962647209322,3.837340847147855,3.9393093224560487,4.114168816189307,3.7703492737432187
4.12548144122676,3.624868812973143,3.869346881076163,3.658179802345822,3.639855523816043,3.6733833139484884,3.8554666833258664,3.5278180522068334,3.8926883474797567,3.6574579841585426,3.8222913852728375,4.032687117206292,4.028152811199715,3.704983104465518,4.146505745126902,3.4184991649597354,3.724597881318884,3.7502736815386597,3.6587098313788817,3.8156493288531927,3.6167701840246416,3.6469011162485194,4.124740044119549,3.7040058206806274,4.048586590231189,3.1069199954969777,3.278520682465521,3.522727241140601,3.5352701334320265,3.7385050480358437,3.317675361399803,4.033402688278305,3.634684455913777,3.7702485870934788,3.55546318528727,3.633497770467274,1.4584060290331071,4.348624571607869,4.238842010113906,4.2047409672790765,3.761875822565454,3.5996989487512105,4.454482964352454,4.527174913047896,4.306980655259714,3.8891878275361487,3.334254504826415,4.076113920664247,3.7903904001463187,3.80757599278861,4.285397988429105,3.9389162022764888,3.985904553435239,4.176467843087354,3.951773963638712,4.353971214141728,4.094008368524539,4.22342536997744,3.7632233754338933,4.440222519085212,4.3730219772512,3.9171630735378096,3.9126092477694976,3.8496596532396374,3.81036032117064,4.016097532867577,3.988937269955105,3.689222853517931,4.02917445510266,4.672172765506187,3.8126931437982643,4.014588942143044,4.028783673362797,4.186676434426075,3.9407655613836385,3.7727909787432368,4.005583448913618,3.7319092317686215,4.092203606652211,4.0012597187421495,3.9363440845735704,3.531137245586415,3.2727263576908765,3.27496633912151,3.5572808686719575,3.60360557825651,2.084404555329697,2.9868003791618523,3.953803372643566,3.7048429287407747,3.472221917614242,3.8471756439001688,3.581256635373673,4.153099223721797,3.8402151281118178,4.566001220610967,3.5439755898134635,3.631281235276259,3.9514100373399326,4.018082656358248
3.3467001452112415,3.195261534465283,3.5124046122884427,3.1930367721349304,3.5073057624598145,3.7227562780867,3.474784051476864,3.361137748482248,3.72885998632792,3.3208307526422085,3.918821100855958,4.339362896396244,3.334100140760134,3.7722994589543393,3.8145792492418824,3.2116491895702657,3.7874410893688117,3.874558228868788,3.6207561776408888,4.047355727282097,3.898913461957079,3.845452335691671,3.783805663266646,4.0079008097568325,3.950227538243881,3.146486750716473,3.3759100738072734,3.8582849221910154,3.7229061383637907,2.960814503853561,3.693022644021763,3.3452497549707694,2.8936531057155266,3.635811721792804,3.676229032819753,3.962630950746624,4.348624571607869,1.6416960898078088,3.041590506135937,3.1892908191214513,3.6070544274862604,3.938257631537528,3.081186530947463,3.9516742965230587,4.0439388574905,3.499946788410921,3.802950506736568,3.792200676278669,3.869014280373257,3.6885314812121797,3.808295266527308,3.9233674884787413,3.664960346899352,3.8440230179104673,4.078523879641192,4.426306373873773,3.6814606712023616,3.7131274104004968,3.967663937995214,3.983616616803327,4.028853163181028,4.188307530937697,3.7994058011967415,3.9576119565215886,4.1700808019256295,4.3649342637613975,4.011581138095741,4.273882818626616,3.9735960237225965,3.7359612672235403,4.1082422097045255,3.61135552848831,4.010696672208519,4.205588710625111,3.9102115956345096,3.83142581358087,3.708676745534596,4.000385293686158,3.5738985680650637,3.6825410328728494,3.965964214273536,3.5785649243154616,4.107398999409664,3.8170634506296137,3.7330150688046904,3.7907527912525976,4.132395685914828,3.8292922432564356,3.9587332595860163,3.7549123231169843,3.5375945487631997,3.8739198415632976,3.931922308088988,3.836665985446836,3.9769923817869266,3.885278071546112,3.672672310781055,3.573415461479511,3.920977888703479,3.7524301764765644
3.6075150354245293,3.6936935313707124,3.864611951235617,3.5707074398007923,3.819360448363676,4.1526504450402975,3.809324767017204,3.4129674341815375,3.7425036788800887,3.3972625327247132,3.6415632553256856,4.02057668952943,3.470905709030301,3.598863054801607,3.6426408710907783,3.4125974924614257,3.6107288260216968,4.0187572040507975,3.6936446243358754,3.9559869426219385,4.296770282299775,3.311361316117081,3.748881566162279,4.109346775320161,4.227076383717996,3.2699029183276154,3.2097775217480318,4.1234419325857985,3.4738539076155837,3.3772470126881444,3.63529976652088,3.552450348017818,3.1162888896959937,3.496239467203083,3.552043908495705,4.190999511873032,4.238842010113906,3.041590506135937,1.772695327458751,3.0197097991561415,3.158048005721012,3.8259645810031966,3.4785533781370934,3.653664037801049,3.703100086551931,3.495699921960936,3.863881284729908,3.3861048523652615,3.459743129453282,3.251486948104909,3.46534064898211,3.620905144074199,3.6368285508823295,3.821866200114728,3.884458638436918,3.826093382242956,3.578343857671572,3.758118627036996,4.107203024073344,3.678889419850456,4.186083321914546,3.7252111280208906,3.5607149176931068,3.63523059604978,3.7267512795150166,3.8053036254375736,3.7880207257888925,3.833024624064296,4.103983890292878,3.8205631865049723,4.022795749265875,3.513690506640654,3.744002402735633,3.4511468723569965,3.608348496116956,3.8904427581729717,3.852273098934289,3.795505245533545,3.94981601140808,3.8386658447486264,3.5545985108041345,3.2665483959215034,3.8313824045689095,3.9011106859562257,3.6800039489647824,3.880846965576993,3.5769628137671714,3.9251919204207426,3.6235953521424005,3.770186653908992,3.8565566481759728,4.0185881860974595,3.7138631017401917,3.8734993922772842,3.472012063942728,3.7205980277913406,3.8790537925448505,3.5931196172565865,3.5390455068848232,3.4329644843612024
3.80848999757814,3.5926323915529017,3.951384291216569,3.6799298539934613,3.576038362059704,4.2229219260654896,3.8876623645405815,3.5788422849923456,4.101914131075933,3.1915450014591182,3.900881148019183,4.499131213554618,3.7776326812831424,3.7333861927904515,3.834170070305435,3.504677605973732,3.787553572362687,3.86290060177924,3.6892541607354943,4.209471398857861,4.020949215206008,3.681279180929365,3.9398798941402617,4.230653384515843,4.020230524905094,3.3864589406200873,3.449155225426708,4.018932074239674,3.682260421799929,3.1608843982660835,3.817456160719644,3.956314305980928,3.2081480047967,3.8828040119516842,3.635401690806082,3.605469696864888,4.2047409672790765,3.1892908191214513,3.0197097991561415,1.9011038709079284,3.335544649446606,3.640509962067529,3.2779615964058393,3.356845247429904,3.533499895157645,3.4216837088414467,3.5948291646483246,3.40848267467999,3.003105134243475,2.8311401311037327,3.658089148590259,3.535798148488035,3.401728606575669,3.5743556313393747,3.6533492331081017,3.633571317758732,3.620430513114074,3.472352425558844,3.9581636405751124,3.4651354753316492,3.986569375231078,2.957709562193297,3.5283613873668025,3.453573027628304,3.6007801627751275,3.9130267372558674,3.444485694984196,3.2064303192380303,3.31118821122767,3.5333334127091565,3.421893459027705,2.9074324794548896,3.2719340682347466,3.2539920459770215,3.6229286234790354,3.5759271779010025,3.5545768962021795,3.57241422159248,3.5360379046967383,4.009422859802976,3.0544299875997614,3.4573273114611194,3.4483767597528496,3.7652048983706137,3.5642887013747693,3.695903940624361,3.614075576205587,3.6189509984961417,3.498356274145312,3.215811327687281,3.3219685488069115,3.745484184173539,3.2846110698774025,3.3141184896508356,3.3930269353060694,3.527964250351982,3.6495374035743358,3.6225358235477176,3.1616651519376684,3.092701481531945
3.880069723545993,3.667206068382017,4.058367774297652,3.7877453118276296,3.413124261059106,3.868083055656759,3.9441040226073576,3.3662805419970843,3.887957979078579,3.626105104394902,3.6992227990804802,4.334504722645655,3.792977680672059,3.5641065306612987,4.150834554115878,3.492782204508663,3.8092627123765777,3.7500312499920683,3.816019648066852,3.8843298136472653,4.203259594532414,3.7576056622647678,4.12377583629702,4.1315283641437786,4.048749696167756,3.408185172537617,3.4724860024582775,4.010426938699728,3.795165875904147,3.8106496591184436,3.858179218635182,3.991223752933489,3.5751557812272154,3.534977144784178,3.367237085832733,4.163844583112673,3.761875822565454,3.6070544274862604,3.158048005721012,3.335544649446606,1.7533576690042922,3.418906006462383,3.3606323426179747,3.771923249441712,3.506826167658953,3.232922169816909,3.3625407323732377,3.488611969512878,3.330921188877599,2.987554915169026,3.510782480202469,3.3357249326419285,3.2164537909768014,3.3834072881806687,3.6035368287329663,3.597402634570489,3.081033422886915,3.442856882132106,3.9550437325173426,3.5713787149902085,3.9515926756854696,3.2002848316597916,3.6165908850390545,3.516741950643737,3.8585497055128544,3.672478524044995,3.585797727342413,3.872110493656227,3.8772653761705294,3.561643331470566,3.4852083264152975,3.427032836259855,3.6128436653135036,3.4892112364850703,3.749394808725421,3.6194160090925678,3.5866816348320074,3.6885603382587036,3.6764571500252243,3.984943052804809,3.45291328543065,3.0277338105479488,3.671541525455015,3.6819228385039326,3.3669527815503115,3.716498168956851,3.559456024967242,3.604721489341922,3.790247730398084,3.4247198159536243,3.7050530721242505,3.7602737028932878,3.8494515639301783,3.674760291143591,3.3943541995032263,3.53701983238542,3.527490938118907,3.536402866485009,3.497899087316056,3.1785065287243244
3.4995586589800243,3.6367946643387445,4.125291060728576,3.4375550070027336,3.4968941989290037,3.526118996521951,3.7028601032504267,3.4716575982824063,4.023751729673422,3.845641447488705,3.855626820704745,4.345753188886926,4.0452368964783725,4.409805881623962,4.4690059660987345,3.2790092152541566,4.298480591789239,3.8831872462491663,3.4258952134585265,3.9258079906387184,3.957549680463945,3.743667770761445,4.347461858237741,4.127387050997624,3.4514267148937763,3.0474002996590013,3.0929529326387355,3.80646980808747,3.768855098396343,3.685059350110984,3.1308871143672405,3.857342239510871,3.8926190428318024,3.3402303351858094,3.4740880876817313,4.264795729124892,3.5996989487512105,3.938257631537528,3.8259645810031966,3.640509962067529,3.418906006462383,1.8238517128609038,3.7112052656836205,3.206601022221383,3.8697123683007346,3.8239257056829046,3.735222688443642,4.052431135837432,3.6383615023448286,3.85024970382591,3.507188610877977,3.885841675608446,3.686611919193325,3.6278079721020218,3.842261380220189,3.786996425092628,3.580083907426086,3.6146334726674736,4.164094682400029,4.458961371239959,4.3245358399963365,4.112279181481691,3.8957496773811076,3.8335858870422235,3.8189783691211967,4.058584590172439,3.860943254531842,3.905007883727969,4.034551235253033,3.6506101161087843,4.079949233645954,3.5864406749575637,4.146184663951334,4.388645437247291,3.899804358289814,3.418706817188355,4.185455469358687,3.923651420486033,3.599643608544971,4.264978271675322,3.916189516161504,3.5792694912513636,3.7168892433043417,3.494278707125138,2.9928273538494135,3.530275784285487,4.210296861276075,4.03352417003058,4.143937992973996,3.873760353537525,3.613713546025289,3.2547226508825378,3.7801733795613908,3.3343850740397745,3.2476716571579307,3.1145526843295626,3.9538227268463726,3.6157413418288833,3.475598305383525,3.875674631883985
3.5466176137118692,3.5881935396586666,3.9776170531615,3.5112235841136448,3.6935551800602684,3.946066823996718,3.4149495627627924,3.5143359854580374,3.654236176025079,3.801296457288633,3.6625410586233835,3.9561344572816197,3.6164760850404365,3.8005253459182784,4.077554505159314,3.5891842589591536,3.7677003793154515,4.0416914028468724,3.45574185404866,3.502051125630799,3.9587553484323887,3.6177766480456985,4.065101499148408,4.240542664379928,3.685207995539805,3.1604480291558525,3.1468272967861233,4.060109051890978,3.6947445093501066,3.4460336023514455,3.730974186362973,3.2774305293093153,3.486316396049304,3.655728216503192,3.9380845092321213,3.9807112492455254,4.454482964352454,3.081186530947463,3.4785533781370934,3.2779615964058393,3.3606323426179747,3.7112052656836205,1.8144501409845815,3.490300530165994,3.3682280416967085,3.5570736702572137,3.685980979732788,3.156011952404877,3.2299226305737805,3.278737332640005,2.9836127524414664,3.5403160116952366,3.125703475130106,3.504190312689341,3.712615134818524,3.8660898809246915,3.3647994687760785,3.407853812040373,3.7116758797645693,3.773368703288722,3.6928108290942263,3.7332356395643145,3.282469631227338,3.682289227246434,3.5790312445745993,3.8547474913669553,3.409167802740817,3.582501056809948,3.7072300576279553,3.5351334950154274,3.6743397532734168,3.4826833103534205,3.3909914484440953,3.6750485589429043,3.4964249432510113,3.5069878045405174,3.4866823033943417,3.89944281484265,3.4037769926991066,3.961619098750298,3.6774751988635224,3.119178968951081,3.496939846758798,3.6546457071706335,3.4457227958549304,3.6702363940919662,3.644052871243779,3.9671495395374543,3.3940460889774005,3.7829036421646203,3.434531788344772,3.5160596876287826,3.6496730443170833,3.8429107675591103,3.4655899973421,3.255422272487088,3.5349005006095595,3.243869010306742,3.1068237703707275,3.2623153383421695
3.9346061617434716,3.70506408246008,3.880159380357326,3.248816074762309,3.54803826016922,3.8209420893145905,3.51411928594394,3.4097468880874895,4.020023916358712,3.9395939687431474,4.11504241185511,4.6114815145413015,4.031988665651338,3.9003374018244856,4.088914080006695,3.4031323569614447,3.807165635703429,3.8907563105904703,3.7514657693478908,3.8341415050952117,4.029265882512415,3.607709467410931,3.84307559346771,4.045933329373029,3.840649368065812,3.024050268576349,3.5620708147044255,3.6022018310521293,3.179273106528797,3.6677174312546983,2.7936203573730145,3.711915357049098,3.79950820733962,3.737763270922797,3.21697244132674,3.9658767573149607,4.527174913047896,3.9516742965230587,3.653664037801049,3.356845247429904,3.771923249441712,3.206601022221383,3.490300530165994,1.678002565829919,3.2422981943309934,3.622642809701934,3.5985775158744975,3.3797517318895256,3.2449299705834873,3.170509109732358,3.6589575979336346,3.328411869272379,3.536083065682493,3.3992841145647046,3.5270131862221556,3.7631252607687995,3.3427818998546166,3.508423497514202,3.869223259834897,3.7510619819474713,3.6282655876621233,4.0835881695724225,3.43083476150231,3.6486382582702244,3.595818579982806,3.96646911597721,3.700080479466723,3.8019319673147387,3.7265809401176524,3.6466475368232247,3.8576153907187614,3.3441391683932995,3.5322195200426476,3.7464111239016695,3.2917873549250665,3.42772683937676,3.8596888514097065,3.470942856757605,3.2745624568218976,3.6872001402528554,3.392517552988107,3.493570047207312,3.3119887555436303,3.293067855375608,3.13118807633382,3.4237232334519976,3.79130057749164,3.3500482202876545,3.4743536858568502,3.297797654495913,3.404133604873219,3.465572266753071,3.3467278554049598,3.0098331352880967,3.1395125583729504,2.1614516054947055,3.329891172086266,3.285564585633368,3.3924376228337274,3.280748868484593
3.774281156147481,3.5969322293788233,3.7496883822949587,3.426847921588894,3.362968550181225,3.941882168579745,3.4116114033563703,3.2216918920997712,3.9493378676121274,3.839427104293026,3.9889850428864064,4.377955358755344,4.102362320402224,3.6444141442347893,3.902101155986966,3.2104416767311483,3.818435089749667,3.5238149190730748,3.962582113589625,4.165883394439115,3.9778174502451322,3.649479070927887,3.9079301430218663,3.9585953764709103,3.7269100847555627,3.3351072084203643,3.414796085513336,3.601383457315543,3.6996134739141304,3.91203309537586,3.2009648791723158,3.677952686719374,3.757256971299472,3.969530502916583,3.4410415504689364,3.9844200328623867,4.306980655259714,4.0439388574905,3.703100086551931,3.533499895157645,3.506826167658953,3.8697123683007346,3.3682280416967085,3.2422981943309934,1.710859273079794,3.886180596139619,4.187288634370344,3.767733118139705,4.275075375262702,3.599096381850319,4.318001861183322,3.6580763536583745,3.7741278030513636,3.4975910610863252,3.996183181975624,4.096435372910486,3.80189374109785,3.665830619986264,3.799689495968655,3.8142930249465885,4.179608025743514,4.186361782331592,3.874756494139051,4.155020104486054,3.7986696894362457,4.214486902649067,3.6559805788242783,4.0890903369304175,3.597993053188861,3.7471371317496627,3.2366647425654853,3.858992388870683,4.067796176284796,3.80451423971736,3.8766284460876395,4.096491107828341,4.225662197080132,3.8929324543554418,3.6489662378688816,4.09700305508545,3.9183426730127175,4.03116556442678,3.4810689771174945,3.918840395238595,3.824293338335077,3.7967784380054486,3.865407522325599,3.5782991991354374,4.203923315897356,4.079753466904304,3.7025841079340887,3.710559069384423,3.7785038420351924,3.6140588849940136,3.73081661709929,3.6098179094321354,3.5859938825622697,3.670472903616446,4.398473624169002,3.747728632599755
3.4724024984588278,3.8172076894070703,3.6546299474369675,3.7798715551167494,3.7723468846510366,3.625157499816878,3.507730650590754,3.3937130180501778,4.09748065252639,3.768156880249933,4.032252791758978,4.204796322593247,3.9199784364739334,3.930493927278082,4.195154285249393,3.748155872431163,3.7526124773090053,3.5654925945756855,4.275640390845643,4.403397778465066,4.316249288678064,3.5748406094457783,3.9278435850899776,4.04907771361841,3.7079576101131515,3.408237240446515,3.227468839919762,3.9294063390117033,4.260314432911105,3.65093793312773,3.9828959345128596,3.8858277622905533,3.403988628879221,3.695319131889664,3.516117594713079,4.258053302227448,3.8891878275361487,3.499946788410921,3.495699921960936,3.4216837088414467,3.232922169816909,3.8239257056829046,3.5570736702572137,3.622642809701934,3.886180596139619,1.9873102036610444,3.797232029903711,3.2708042280699434,3.412395604105859,3.130344635876769,3.8737522694348256,3.620789447534754,3.323753659533153,3.7343946795426137,3.5583357366071993,3.89339908455613,3.5207585842143843,3.589530132749915,3.7434498325859056,3.6881836354568405,3.908719443645017,3.7814380378482144,3.5236650812250865,3.636716834150002,3.674631250990872,4.127354697703932,3.567515145159819,3.9969558356942487,4.111149940909103,3.6693660298814565,3.8223545805131494,3.5408337741398808,3.8256194979611418,3.924733268315992,3.900515040764203,3.722928664864645,3.580046950979251,3.7156911777975314,3.910126338836696,3.772671775039507,3.4906783579953258,3.7434827694919353,3.5362351733351614,3.806244975114085,3.6478983463155723,3.798646473267876,3.6068748286367716,3.6546575816123466,3.66061833031083,3.6418323063046234,3.7186901810195883,3.5800791961972793,3.793356970461848,3.974678100058896,3.553803953343425,3.987107843199394,3.579975425079763,3.576091862302113,3.682388316724314,3.535597691007337
3.719011901197422,3.2590788053724125,3.8918796835242597,3.513293322045565,3.5539989621764745,3.6384033072899014,3.6482152512728687,3.3381597251906765,3.7063077271672604,3.5436265638101117,4.179842481467861,4.267312499038167,4.000872467195072,3.8698461537870044,3.9370239352830767,2.835621018524217,4.009344731197393,3.708574676807229,3.640927658272747,3.9466715342050946,3.5238141518250266,3.783449344271629,3.76935295217893,4.476446927147999,3.355299349311331,3.1935275770082763,3.683186865517315,4.002703779422842,4.135293371427889,3.97740121786894,3.6994884622601014,3.8073106690823706,3.757123317858913,3.7216144902958317,3.078327776567429,4.051980933509822,3.334254504826415,3.802950506736568,3.863881284729908,3.5948291646483246,3.3625407323732377,3.735222688443642,3.685980979732788,3.5985775158744975,4.187288634370344,3.797232029903711,1.6788430921507649,3.9756383719894663,3.6924074475134563,3.961657396586044,3.3547811808608814,3.868496854945395,4.041757323676038,3.8668378794363543,4.024718083074615,3.9323075788995823,3.4056140930081047,3.853401249405632,4.217354437271272,4.389501500881182,4.242486680419682,4.030188671043629,3.834328614435341,3.901724509169475,3.9912677702508246,3.900880290379178,3.6963866281466795,4.083394745797241,3.8482170107521014,3.8010161567883918,3.765772064870034,3.9027498313066684,4.0363169141563695,4.140975870040628,4.493982989770374,3.7262167859419018,4.10372267337461,4.0070590039142795,3.661495519995747,4.206662630593853,3.896535057981523,3.2446523750201064,3.4406775637684435,3.3958390283927704,3.524816601388062,3.321300002149564,3.8833215643383654,3.5518446509017716,3.5536672678381764,3.978776156460134,3.425007121006859,3.953011987813973,3.8027177081558685,3.6518803731008482,3.7879394750972595,3.6510930356095512,3.89810205892688,3.406253374441907,3.6893700051016567,4.097339886591112
4.039616024793573,3.075051114379988,3.420552398394205,3.404295865447372,3.3672883494891876,3.6849616808709005,2.984049095415115,3.3553857216877128,3.0593290523663326,3.4571053756975885,3.593316113175506,4.40435102467956,3.995008297233621,3.78961744643377,4.0234610099375,3.3753374682007333,3.9206231683588286,4.002835386018284,3.8138940416612757,3.5182230198846476,4.316125394799848,3.2764734554784694,3.86491467078063,3.4564782242338143,3.762400803139957,2.896589087401002,3.4455818142994974,3.917345481041498,3.869645890279458,2.93579038999856,3.162583846061474,3.4031997972868,3.527473554414273,3.2778544837227694,3.6124092239856265,3.92263253340558,4.076113920664247,3.792200676278669,3.3861048523652615,3.40848267467999,3.488611969512878,4.052431135837432,3.156011952404877,3.3797517318895256,3.767733118139705,3.2708042280699434,3.9756383719894663,1.6185119171024953,2.4121281582018015,2.1509750382115906,3.203372709121482,2.877716125488726,3.3211095768995387,3.100166918737279,3.045221248986039,3.68053641842946,3.0965441032870875,2.911587715462962,3.055764394935797,3.1727884737494163,3.5104292349827455,3.422545440932454,2.8353231939089336,3.485529071292593,3.0544102735614937,3.6724108743968573,3.0118953099897197,3.5801339988217915,3.4435241001168198,3.657132712401241,3.4925189352241692,2.626567782852947,3.3840772742455982,3.0170486342158145,3.0433056282935147,3.0940252965166537,3.482185570668938,2.864877451212859,3.483860962807825,3.6339257770877342,2.717084117379802,2.826695626087912,3.39035268712902,3.2000003765263894,2.880362752369326,3.1836262077473823,3.2153725014362724,3.1758994416227595,3.36905431929098,3.3688284165033475,3.4159679829732514,3.184624892749192,2.812513270736197,3.134087440673029,2.968832710799351,3.1100575180921806,3.2783692883788045,2.6007698040983147,3.0234130663014023,2.453173263841294
3.5739624439310806,3.1535809756857343,3.374927156142679,3.3458715654670503,3.305977018707276,3.667350529452462,3.203215064103244,3.320161910486238,3.1482640641746813,3.4403972958955182,3.3205573645793325,4.20730037714929,3.6756108049745344,3.6747590842539988,4.078726815956572,3.1863019945631894,3.7644029079868573,3.700329514279222,3.597824670544886,3.4440891743247346,4.054049794780118,2.921065766925904,3.797484883822874,3.1854639627419448,3.989652492601165,2.787499873193417,3.0225055231765534,3.648429004620064,3.399125873979799,2.9337354403447957,3.1097857018923896,3.314494167270747,3.472357822959944,3.460187469953058,3.358989467317054,3.87791970786322,3.7903904001463187,3.869014280373257,3.459743129453282,3.003105134243475,3.330921188877599,3.6383615023448286,3.2299226305737805,3.2449299705834873,4.275075375262702,3.412395604105859,3.6924074475134563,2.4121281582018015,1.5431124850794988,2.150316805370784,2.983650569744042,2.7585594162502463,2.9579159901737837,3.2267856763174723,3.122494252994397,3.1938304781869706,2.893009540390087,2.8872231502835164,3.4821765001682965,2.9893452284957234,3.387772661774061,2.9908863269588797,2.946902157834581,3.1282651290561954,2.976407347457948,3.369510989780978,3.0901428836829288,3.3334582354200406,3.370957242526153,3.4176707854161674,3.110441038836411,2.2929558728939923,3.077834183008913,3.0171145031318862,2.885784230550823,3.102523505388067,3.1746197691396647,3.1680181515812693,3.2671897024344436,3.4537781162699783,2.498694180171387,2.7671340046272226,3.1869206039880917,3.2055373333991946,3.0676274871332865,3.271276368422748,3.277196834583128,3.462466380829168,2.8711663123649727,3.1086729596794034,2.9685614102800764,3.337521633721163,3.259148725945667,3.0321521623752434,2.703962746849633,2.9616952580228975,3.3224794675077107,2.7701255917371967,2.2816210775271717,2.4591535195997323
3.4957627082732,3.2205341343403595,3.4353971253557645,3.3537386445646327,2.9900306577230853,3.4969639897824565,3.1708986685755303,3.1556024601057944,3.237787319683468,3.279244758687477,3.452072804985374,4.280163120987619,4.181016635446461,3.791811486839163,4.1575827395651945,3.201731256206888,3.9402499469199928,3.627568549302381,3.772872479918182,3.6349040638433263,4.046441736936359,3.2345971438539696,3.8809244001196177,3.170280419851864,3.647757247170488,2.7512991651177447,3.0770871101643107,3.7314080955549502,3.4812406024685623,2.8320681569463684,3.024141911991456,3.397416330261557,3.542962113085676,3.2992682074379815,3.1864362058656597,3.805993590712114,3.80757599278861,3.6885314812121797,3.251486948104909,2.8311401311037327,2.987554915169026,3.85024970382591,3.278737332640005,3.170509109732358,3.599096381850319,3.130344635876769,3.961657396586044,2.1509750382115906,2.150316805370784,1.516372155879152,3.169963621387923,2.9928081661925843,3.1525870251188515,3.149882512665319,3.1587744041839083,3.574088888240023,3.0410026734152837,2.864503105152226,3.566970857179815,3.2411259887901753,3.486314980943163,3.396987155294268,3.077407757426325,3.4472620591174183,3.181761058875852,3.51644674707368,3.5072415838952753,3.6671406470304815,3.638964452776751,3.6033683188983647,3.2421607097950953,2.683843864039947,3.4569108854700845,3.4038639124289056,3.233698404204891,3.2384774908105856,3.4175628021400293,3.4653434203567075,3.5763203877956706,3.760983992305406,2.549340407341975,2.8401028447289973,3.5445838284163056,3.3541094282284862,3.0474093986971154,3.6219578415633547,3.232449551133841,3.6396258010355327,3.1990506400820893,3.199226854013914,3.093825839034277,3.6441033752722434,3.6495356526834026,3.409692717349011,3.0614543869963073,3.3441219480244357,3.39545545525034,2.9303495697752338,2.984141440868345,2.043624676069489
3.754524405677353,3.5192801619830445,4.0408684187748305,3.519504673761002,3.5151371047630655,4.243946276884441,3.7872018929897893,3.5617891936967796,3.475827810003076,3.6857572018634968,3.1985647024281416,4.2338960510805554,3.935787377978864,4.015336726526432,3.818283189771955,3.277560829115073,3.923119459324037,3.9117780513964506,3.5117414123746773,2.9314016515582697,4.210684878437144,3.4844802722069153,4.220783191154284,4.09886395899217,3.7618375279805187,3.240815009672535,2.9922608505281554,3.753699011472765,3.636291914449846,3.492878484146277,3.2555528681238455,3.49239994784727,3.506741396868971,3.5768795674281866,3.572190692135434,4.535325323582655,4.285397988429105,3.808295266527308,3.46534064898211,3.658089148590259,3.510782480202469,3.507188610877977,2.9836127524414664,3.6589575979336346,4.318001861183322,3.8737522694348256,3.3547811808608814,3.203372709121482,2.983650569744042,3.169963621387923,1.5964948512672965,3.6035939176715575,3.4244651141504034,3.4967985376669413,3.7652913311884744,3.6434983937091254,3.409304390594103,3.586324730396533,3.760224334089708,3.541284918437407,3.612477371307882,3.512428470629628,3.444681719443407,3.6602673445386884,3.3884949853532977,3.7169807709499776,3.449055226716889,3.68019197538049,3.689867563635281,3.510248827510161,3.6436560503948483,3.2794593709620417,3.7544424494160307,3.8415904042782367,3.4394163198061563,3.220283111421635,3.647759809004327,3.6164936434963404,3.6123846077925053,3.774962630193438,3.1410163133125963,3.120063572284765,3.6527218961043397,3.633621093219592,3.2248563439986335,3.5862961874018175,3.741739839679548,3.9414972930652157,3.05198135716446,3.25060808207166,3.306103758985673,3.6545237810469944,3.5985852042022732,3.8056921877812857,3.042686342300549,3.5409011561991686,3.7918813925863337,3.319369648936349,2.863585243222942,3.0601258847289037
3.592825896471686,2.529412202635465,3.069423962873396,2.9884558351575716,2.8296398830069873,3.025744839259657,2.869949649407673,2.6394028939652574,2.814766924302134,3.7710974901326373,3.8197597527320237,4.86522489066268,3.838231225239531,3.730377371492747,3.932281494096794,3.4193263742645192,3.9938818473795483,3.448222353611463,3.7972054547866416,4.337066533865419,4.024698383378211,3.7305793011914097,3.9671263728404527,3.9043215825633006,4.0672305655014656,3.1274698246881147,3.371336956980141,3.5671713192230654,4.016472360405861,3.4959584153576526,3.598376995596114,3.5541534571357607,3.9519237786667145,3.5296093201300827,3.483260993904705,3.7587631226224074,3.9389162022764888,3.9233674884787413,3.620905144074199,3.535798148488035,3.3357249326419285,3.885841675608446,3.5403160116952366,3.328411869272379,3.6580763536583745,3.620789447534754,3.868496854945395,2.877716125488726,2.7585594162502463,2.9928081661925843,3.6035939176715575,1.864789774127682,2.8714121758066646,2.7608477312362183,2.8321508242032127,3.070603739424423,2.4152254575597487,2.7100574283631342,3.4490916658477,3.341767817855562,3.6071785718877214,3.3858737160236023,3.1460337962749794,2.934432393027617,3.304778782869975,3.2900601221700656,3.2474994871175866,3.3967091731791137,3.449100588711345,3.463776227075764,3.1271762126117886,3.2758148937831475,3.505847284639466,3.5616095301472086,3.550558733364628,3.471252538915036,3.586796977588701,3.360603829397898,3.471665103305694,3.4835201750896694,3.0826793878826506,3.0617182247555266,3.2724182937490403,3.0125503410333847,2.998788121875521,3.2230269595614573,3.2169265196172643,2.90842442550152,3.2559950373950652,3.1852872525981035,3.0392249637909563,3.2290058044095833,3.53695876358017,3.5994817079238786,3.1378896989560965,3.2768603171308377,3.3274540999325763,2.7672203451770834,3.2786893804041046,2.908389160678134
3.92161758118692,3.2002675193180243,3.7666574083630473,3.2551307124445947,2.941379427127021,3.52771251761962,3.067766988339093,3.009111814025707,3.6893360504452946,3.5298394015960044,3.5133595919359712,4.521686629134621,4.0293033208294,3.9939555120592005,3.748106063240145,3.698083004125917,4.063592752405981,3.123513070093491,3.8608082052124137,3.763976151122967,4.158099939531928,3.541083238967488,3.963350844902695,3.7927724211744054,3.9866400449992545,3.3232143309361644,3.352270572095588,3.5332462113394705,4.067185148258267,3.553076339860195,3.6842543564646415,3.509523848664999,3.5045838937127103,3.84705727836822,3.7407054672618667,3.970444472673924,3.985904553435239,3.664960346899352,3.6368285508823295,3.401728606575669,3.2164537909768014,3.686611919193325,3.125703475130106,3.536083065682493,3.7741278030513636,3.323753659533153,4.041757323676038,3.3211095768995387,2.9579159901737837,3.1525870251188515,3.4244651141504034,2.8714121758066646,1.8213651859674271,3.123760362422986,3.5949618925132136,3.6471862482695587,2.732555116083358,3.3321801531795896,3.9738852003417553,3.612218286299277,3.7684721592994923,3.933318173941003,3.6387393121516425,3.6749984959493784,3.9088146109047748,3.7221414240027118,3.796651776240665,3.523533481791042,3.7635455956666894,3.390417100176165,3.6010849829427864,3.3428037940618607,3.4028516451664252,3.73420617734643,3.7598907957729937,3.6783348486977765,3.8272115970741036,3.6788794176664847,3.7284916867050204,3.4487491746494623,3.735489537336495,3.6201825636897067,3.7357725384027316,3.4127440578993062,3.4327924843574604,3.9488521173310565,3.559364848840488,3.488688155358726,3.694065055687564,3.6139063230870088,3.505443068181488,3.5631752163821124,3.4877954485106533,3.8658192548316057,3.707237353505978,3.6356311674661055,3.6497621171229544,3.374262847529074,3.562743368555621,3.4239210306558543
3.6950210699096915,3.098356403412881,3.531257250664036,2.7151447973707095,2.5557507496275593,3.4761081446226667,3.164809050374189,2.7494371052225395,3.365308366332802,3.6242400711233613,3.9946414993877015,4.435841919160922,3.8563354530000504,3.877545242974987,3.9940558468017042,3.4403119640534667,3.6940286559256417,3.4687337289168574,4.081323351479647,4.279006490884716,4.081667293535049,3.63100325659475,4.067559571594164,3.9889744743335442,3.883471737049948,3.181770338231566,3.395182931641134,3.734617059067842,3.8900948496127077,3.3757693066432415,3.7186317731851184,3.5869579301288503,3.761317107586063,3.771636351348064,3.7594134292988843,3.8299476254761333,4.176467843087354,3.8440230179104673,3.821866200114728,3.5743556313393747,3.3834072881806687,3.6278079721020218,3.504190312689341,3.3992841145647046,3.4975910610863252,3.7343946795426137,3.8668378794363543,3.100166918737279,3.2267856763174723,3.149882512665319,3.4967985376669413,2.7608477312362183,3.123760362422986,1.7287669046367686,3.6483010247887497,3.5531588012820357,3.2525413830493455,3.1351351594836907,3.6891936892645694,3.844823068219786,3.9364631335773,3.818922189472095,3.6215548200695453,3.8361416683713108,3.8588087902380206,3.7849836423425693,3.5677712400214574,4.223886590554066,4.111176679112271,3.5698258646709076,3.1767641058821483,4.051847893582074,3.962651823906856,3.737114648867152,3.952676806637427,4.165045230588213,3.9306209015561855,4.139632118937072,3.7669539059812096,3.74612426840101,3.822617748233216,3.5867671390344706,3.2816806406892054,3.6872412533970067,3.728229129206322,3.7722813277337,3.415386982150904,3.8077168551766922,3.795541713815871,3.649672942875449,3.4603185264458283,3.3090883603381744,3.2207610940606344,4.023392880651914,3.8833024679190613,3.287569795637343,3.5110925416986727,3.3057484553474907,3.5323869486881345,3.220031491098077
4.0611610498809725,2.953071179122541,3.0604906388387128,3.138378825294161,3.0034862659269064,2.6238126454962396,3.4655938846776615,3.1235448237885466,2.480676489315358,3.8347115984834788,3.9766177568459335,4.605741935009537,3.5853291462977186,3.809531157365422,4.184536939702934,3.431786879404581,3.972193578716704,4.023492876579249,3.5134820946181593,4.467438964795341,4.239973694016827,3.7189151125253606,4.088529200845184,3.751496773211647,3.998813226001316,3.3653583743130326,3.6254303571976254,3.8793294499707276,3.9987248615128257,3.6607626713740817,3.7701531572976914,3.9172431963517838,3.906562189327985,3.24729785512671,3.505213811362012,3.9187416541194007,3.951773963638712,4.078523879641192,3.884458638436918,3.6533492331081017,3.6035368287329663,3.842261380220189,3.712615134818524,3.5270131862221556,3.996183181975624,3.5583357366071993,4.024718083074615,3.045221248986039,3.122494252994397,3.1587744041839083,3.7652913311884744,2.8321508242032127,3.5949618925132136,3.6483010247887497,1.807341539161745,3.3216443182071504,3.381376893211461,2.5858264918819103,4.1059764032219555,3.686634369569167,3.930588662905099,4.131669354161911,3.81308836607462,3.9364170890921524,3.757889829770582,3.869929866480169,3.8625053599013497,3.936727891391458,3.521407619809628,3.9142282296500026,3.7594829469180118,3.8605768169704056,4.0797182640882745,3.6538018672311248,3.824298133429797,3.89808438000024,3.609862227039205,4.053705397478057,3.767570060872408,3.866085685638736,3.678283006362131,3.324263979809127,3.6453399639988673,3.7979055537557627,3.9240842150523623,4.048803061106684,3.8987533090754525,3.794403640184841,3.6001076183428444,3.923479001593673,3.8720166682151413,3.719345486014133,3.933315277740482,3.738721493828809,4.16278537939959,3.7182707151370216,3.7436781318555297,3.4406693346817283,3.9212040762302993,3.503282582061626
3.6557742411788867,3.2794312485270423,3.606754560453929,3.217694188694802,2.9041990061057055,3.3464933246299027,3.618096009391953,3.0975798094374625,3.569232906302925,3.748970064091239,3.849391951504119,4.628303607153453,3.596629510222407,3.8052178890971438,4.176364845395356,3.2803012596829535,4.114019139585386,3.686613057053897,3.8239640968819772,4.140850910882904,4.113285877212678,3.6141195444766554,4.256692839584453,4.305657534519682,4.057188517166821,3.3722297911112777,3.427015921090036,3.749713053286152,3.7848769710216406,4.085115128328015,3.847572927300512,3.7639500884806454,4.114779954510121,3.923065862153031,3.7184871146550367,3.9231734339788544,4.353971214141728,4.426306373873773,3.826093382242956,3.633571317758732,3.597402634570489,3.786996425092628,3.8660898809246915,3.7631252607687995,4.096435372910486,3.89339908455613,3.9323075788995823,3.68053641842946,3.1938304781869706,3.574088888240023,3.6434983937091254,3.070603739424423,3.6471862482695587,3.5531588012820357,3.3216443182071504,1.7186354779541064,3.6186076017330095,3.455714262019067,4.009981599252184,3.9450761955865308,3.9674243527078907,3.8540232208559453,3.887263952101836,3.6166463436332137,4.063208209699088,3.478973173813984,4.239977262137645,3.8862362844960456,4.0360483471381645,3.874293972472801,3.6394734060156657,4.120095899814699,3.7212980766312347,3.9636033700726236,3.6950156280645525,3.7503768823726666,4.0691468677993035,4.038466777141347,4.219429381008695,4.0536880621133,3.9349176713728076,4.144619562981336,4.196611493763437,4.020211858370705,3.887673250938507,3.883107394027146,3.933719534979837,4.073322739182779,4.084981541867711,3.5098541844275726,3.685367891569605,3.836224824588574,4.006531893400244,4.177672499238591,3.9756584693078856,3.7388711942132082,4.383777395708185,4.035417399826318,3.8661314203239034,3.929849932588736
3.9639944120545034,2.6730097667259036,3.4489872532643973,3.139186052215395,2.742130308707273,3.081788949469127,2.9224984119038333,2.5268427739828248,2.9461820302257973,3.6913478739222474,3.6479894593200504,4.9412576830434585,3.6472193738011,3.7351930889394107,3.763124329621793,3.624387315342855,4.019284121420806,3.084224542592628,3.891165694879199,4.186748287143609,4.073950285256667,3.616083480592802,3.731482070627992,3.9008286626534168,4.070915196039796,3.31771512282621,3.1586682176955234,3.576702232941329,3.9957355074868537,3.3705870338400534,3.6701049895186055,3.3098138138096047,3.708199436094977,3.772237354386373,3.35190227595782,3.98303717724746,4.094008368524539,3.6814606712023616,3.578343857671572,3.620430513114074,3.081033422886915,3.580083907426086,3.3647994687760785,3.3427818998546166,3.80189374109785,3.5207585842143843,3.4056140930081047,3.0965441032870875,2.893009540390087,3.0410026734152837,3.409304390594103,2.4152254575597487,2.732555116083358,3.2525413830493455,3.381376893211461,3.6186076017330095,1.8628112060497977,2.796021006140498,3.767732084235918,3.410641218384734,3.631857026378146,3.3947992785056065,3.394519522283063,3.3610395131606268,3.6651608997000324,3.5938315394375233,3.4884160169283387,3.5765553455769847,3.935963350601627,3.347589647594589,3.0309957024803587,3.3733818963388424,3.709075659367485,3.3767999131556246,3.788494798320344,3.695808546670882,3.433297310167217,3.7161159332649802,3.4157066106555334,3.9591511436332496,3.1679746095324894,3.2705110852706754,3.5562131256949385,3.037673848542525,2.759197444508642,3.4737534455593253,3.494026817886899,3.3678397226201584,3.5678813323936263,3.10973701700701,3.486726692815697,3.293542324537354,3.623083022205856,3.728029155588375,3.447975137548241,3.54508411444225,3.74142860652207,3.1446755762651986,3.358207637759132,3.1735734933710074
3.852162750099269,2.6762200829146288,2.919521138840281,3.097669928268194,2.6866177348801243,2.9245488940223527,2.951081136921926,2.74929445224277,2.366235084495553,3.725815014122158,3.9723938382189288,4.5366151145586775,3.4347787523118596,3.856179503815541,4.093270927826591,3.5579138541151836,3.868044703194945,3.8866205398146385,3.839743063664011,4.426325210136717,4.264865353012779,3.7185038859825013,3.9894254572396814,3.8558444745525153,3.9624625493791408,3.4429952880049166,3.505495803714057,3.8758433466650213,4.067537868780928,3.094079318466814,3.5313059240954896,3.4729035216577415,3.776059222537518,3.455477374483973,3.436251677998135,3.624786827007544,4.22342536997744,3.7131274104004968,3.758118627036996,3.472352425558844,3.442856882132106,3.6146334726674736,3.407853812040373,3.508423497514202,3.665830619986264,3.589530132749915,3.853401249405632,2.911587715462962,2.8872231502835164,2.864503105152226,3.586324730396533,2.7100574283631342,3.3321801531795896,3.1351351594836907,2.5858264918819103,3.455714262019067,2.796021006140498,1.8181988756899365,3.4883495614458164,3.2351060650338743,3.386129388600349,3.2719851754783047,3.158489655957427,3.389835323240354,3.245426760156403,3.165951362408639,3.313527158064523,3.4174006702264,3.2524381320580074,3.60755080970615,3.2535819081412143,2.9291462057463464,3.1363730657037294,3.6582951438732865,3.2238338251528647,3.334772669210495,3.5289858590908274,3.2538550619097313,3.461014056280777,3.5910696949997765,2.7919028188901773,3.1247299918247156,3.4511434752446823,3.697322895295316,3.3940720947853795,3.766726837958271,3.618260814282673,3.6950002195410647,3.4453039454366157,3.543210666501223,3.167883635577953,3.5823994180543375,3.5743163591764726,3.505271595429631,3.237071749329422,3.1080490553059104,3.5642644424240477,3.0091592970750534,3.2044590771178942,2.8053345297840884
3.961611105863707,3.563150281571251,3.9949288877139453,3.2418471992263522,3.4384243472600375,3.9483707073446865,3.7804300739621852,3.2361439076374214,3.923392100627775,3.8156954945745127,3.5762358952167417,4.297830394936416,3.9004564580729393,3.874423218451918,4.048076809232174,3.5846784683339963,3.6905759370979814,3.9936530642831087,3.8966341064592127,3.8343195421262863,3.7472431304041245,4.031935905982594,3.6312562305552283,3.87801294369524,4.062506626299947,3.479862287721513,3.6467490430609133,4.1297266089933,3.9566903752196585,3.7259692001886178,3.9629156399841996,4.079193685930386,3.939026311259289,3.816666881186082,3.9013806286421313,4.015552722005443,3.7632233754338933,3.967663937995214,4.107203024073344,3.9581636405751124,3.9550437325173426,4.164094682400029,3.7116758797645693,3.869223259834897,3.799689495968655,3.7434498325859056,4.217354437271272,3.055764394935797,3.4821765001682965,3.566970857179815,3.760224334089708,3.4490916658477,3.9738852003417553,3.6891936892645694,4.1059764032219555,4.009981599252184,3.767732084235918,3.4883495614458164,1.6767978239775243,3.890359860172254,3.637710856425292,3.749977607220961,4.169826583472565,4.135456727461666,3.9101300856950427,3.8213225577527465,3.9941304971713834,4.084303625801797,4.203461331784885,4.206337518895454,3.974072476631488,4.210418800778932,4.162174895743935,3.7029159387559263,3.9816873424586285,3.9619751373975824,3.896202118095829,4.07686817864734,4.212560527564564,4.487353982875133,4.005912023064039,4.606753229721931,4.122969743586006,4.38756008244899,3.935447802449994,4.7129287209658655,4.322451471111318,4.074960835125233,4.363681780795202,3.7698749527672546,4.3344648891446536,3.9183903778721922,3.8293008638569077,4.173943338562464,4.094944130362894,3.890993116744829,3.9436581493120113,4.473394424236426,4.463122961281865,3.988976838669873
3.815733013168542,3.3328749877233688,3.9446233395985835,3.366864061929987,3.0250628551888465,3.8135188478821958,3.7672428950045056,3.302021808670519,3.7242211158229237,3.6416496242928114,3.647022112143882,4.5368231989014545,3.900190475566389,3.7699383454176005,3.747193784283747,3.4607180165165694,3.7137088259235624,4.118622211866836,3.8498393137884235,3.805802851448771,4.3170461527365696,3.54802720269614,3.8537927011536377,3.5762910364883775,4.10301632498583,3.4927859261995033,3.5540196863703093,3.539764669998947,3.64493098425942,3.744418846530396,3.6344335872608684,3.8338935947397808,3.465554824766674,3.6675027402238354,3.7268247248297537,3.6035506260592802,4.440222519085212,3.983616616803327,3.678889419850456,3.4651354753316492,3.5713787149902085,4.458961371239959,3.773368703288722,3.7510619819474713,3.8142930249465885,3.6881836354568405,4.389501500881182,3.1727884737494163,2.9893452284957234,3.2411259887901753,3.541284918437407,3.341767817855562,3.612218286299277,3.844823068219786,3.686634369569167,3.9450761955865308,3.410641218384734,3.2351060650338743,3.890359860172254,1.7071985220476404,3.482796868740284,3.850583117546096,3.746871572343712,3.8197343492871063,4.155559451236107,4.367599516585686,4.380390426679224,4.199191048475871,3.992280978503016,4.170947469000649,4.075778636652375,3.395634357379911,4.216441051152905,3.8803446130044557,3.529709309833172,3.5475631606669173,4.011243202356065,3.5382634840598963,4.0089889590510035,3.7978043817986413,3.281134708007535,3.968780590592196,4.0038697056105015,3.9979077930750853,3.7112038042080795,3.860639483520286,3.9648043484995807,3.7969649167011794,3.865631749224249,3.825992784114834,3.5402180301796418,3.9569525470118907,3.9360065324385003,3.7276210145717004,3.8749025005935236,4.0363466691081555,4.244720364768743,3.6854253044874477,3.6099748180785793,3.43361275283902
3.7521794126195296,3.642948863689211,3.9669849919303397,3.5488342848003445,3.3303897046782778,3.79911800379359,3.6332258141954847,3.474134548485407,3.683224371211219,3.6153933815059967,3.650713741239525,4.692093260928967,3.4875322295633175,3.847763023637488,3.6297527075526985,3.4972395379545484,3.5689678906056885,4.142858051452319,4.02559869824442,4.15927447436099,3.6274942134861266,3.776910675143656,3.969715090941995,3.3134401311959167,4.02860720171962,3.6225094824819273,3.592106720613743,3.816778814230422,4.285418061428376,3.9343643961616497,3.9908203554253694,3.7840927958944404,3.8571013856428573,4.006491950974795,3.9582467623858384,4.1756200082448895,4.3730219772512,4.028853163181028,4.186083321914546,3.986569375231078,3.9515926756854696,4.3245358399963365,3.6928108290942263,3.6282655876621233,4.179608025743514,3.908719443645017,4.242486680419682,3.5104292349827455,3.387772661774061,3.486314980943163,3.612477371307882,3.6071785718877214,3.7684721592994923,3.9364631335773,3.930588662905099,3.9674243527078907,3.631857026378146,3.386129388600349,3.637710856425292,3.482796868740284,1.6822448827711012,4.117319247828784,3.591158745777554,3.855587970180018,3.815882161523319,3.7790553884445974,4.244951994302365,3.742425714137368,3.5017994567089343,3.9204089211777493,3.984202798052657,4.18437271327807,3.7597631638640188,3.987488412201409,3.661354504009555,3.802607890276145,4.205218917595727,3.9884406065698084,4.308766056867459,3.633811758771151,4.13766141412687,4.068836670106183,4.043533592700631,4.516130512221103,4.412489134298796,4.5130947808550195,3.8469127460911814,4.075378837266398,3.9831926616400097,4.269365083809081,3.195353298741341,3.907349856733822,3.7921932401204157,4.236071625533852,4.208377396266804,4.564468525342254,4.140921504633493,4.107254427335698,4.1579152605030805,4.08655394034985
3.868017513402234,3.2474654376747654,3.9625900371887655,3.3812270633506474,3.5464555484809805,4.244013684892618,3.8577993641469583,3.7719908671450804,3.7793379603298636,3.3650784141420065,3.8176356763345516,4.565720399911198,2.655004245299179,3.527708788122692,3.6773763769131924,3.448166696986939,3.6472698492578943,3.6582165944305967,3.6796723477378235,3.3401155359382058,3.825914255508988,3.684859246696669,3.8735035223273457,3.6657241076386455,4.127548326137361,3.372742882051945,3.0360762831180566,3.4595819431829815,3.608154798088411,3.6846304146352176,3.6601731033994835,3.626299741728331,3.5098356572188205,3.672227742882214,3.6553132877857393,4.14255614892779,3.9171630735378096,4.188307530937697,3.7252111280208906,2.957709562193297,3.2002848316597916,4.112279181481691,3.7332356395643145,4.0835881695724225,4.186361782331592,3.7814380378482144,4.030188671043629,3.422545440932454,2.9908863269588797,3.396987155294268,3.512428470629628,3.3858737160236023,3.933318173941003,3.818922189472095,4.131669354161911,3.8540232208559453,3.3947992785056065,3.2719851754783047,3.749977607220961,3.850583117546096,4.117319247828784,1.7164196999107004,3.363871956228157,2.98196775168631,3.4642411359383964,3.253295110623471,3.7225750725044002,3.401852299750187,3.607164763430387,3.459411021427112,3.47932161014205,3.2588890442803544,3.118065880286842,3.32846765402343,3.4026943633785396,3.1760343835922358,3.738925680363541,3.3892033174159386,3.726952709677238,3.8632330646279693,3.1332231192246787,3.322077995528892,3.3216128561766145,3.264633288125204,3.069295267822601,3.455741835115678,3.606887497161166,3.497671261733555,3.580755385662278,3.2116136363628485,3.362287091564918,3.677214184326387,3.7142505677543625,3.4212973593730616,3.1755969889015425,3.2180144299151565,3.699759510450009,3.4736256585364593,3.295639105098693,3.365672053021782
3.90164591587066,3.268731311668078,3.7466249844900856,3.62086558121035,3.367242551322625,3.707287163075338,3.291999944041202,3.6428068474859736,3.189448597177396,3.7359933787289417,3.7846181889505996,4.1590933404076305,4.058381935556712,3.6778027107038938,3.3378698582926583,3.5917623831642724,3.787358090988177,4.0502023618286485,3.8396444521318376,3.634092865543534,4.064722411131329,3.3325212341809634,3.898500113695727,3.4751629234558092,3.2129957875373263,3.2226040935733073,3.5706021644399426,3.744658743461299,3.6528737675633245,2.777387242347081,3.177795112536851,3.354532534778325,3.584001554814411,3.540086035938839,3.6890003303249683,3.676870785472153,3.9126092477694976,3.7994058011967415,3.5607149176931068,3.5283613873668025,3.6165908850390545,3.8957496773811076,3.282469631227338,3.43083476150231,3.874756494139051,3.5236650812250865,3.834328614435341,2.8353231939089336,2.946902157834581,3.077407757426325,3.444681719443407,3.1460337962749794,3.6387393121516425,3.6215548200695453,3.81308836607462,3.887263952101836,3.394519522283063,3.158489655957427,4.169826583472565,3.746871572343712,3.591158745777554,3.363871956228157,1.8742102939747756,3.4892492291592565,3.109190105869945,3.3445611079765762,3.241024262655568,3.418685938098819,3.712859844095205,3.7890012362442587,3.5376087280781894,3.068841539658839,3.1913914398605137,3.298327046696952,3.3052391696856334,3.552301744900434,3.1804004446693357,3.361632254242,3.20986851702441,3.3448997252640855,3.0907674952779796,3.0447379992385244,3.5004092224575825,3.4899264821383675,3.1618926655927444,3.451648854508098,3.269912016043209,3.531455725020715,3.4729829428457912,3.3476215053405043,3.3928170163494333,3.541210780537642,3.104252512846124,3.7989735161010163,3.2397429398957938,3.4676594869353026,3.7804901356465095,2.958323184334194,2.9970540557293774,3.117509083721448
4.033688515463724,3.542783521395583,3.6514260337508744,3.3328445901263635,3.6131889840845846,3.631659773302849,3.9092887444683795,3.330575907266363,3.5326272189479315,3.432774210161828,4.191230551175591,4.209009577558476,3.6096363188201885,2.931636578239541,3.0396938366672717,3.6302053869578828,4.0417517803363365,3.9196676227781144,3.643653770306316,3.697953363287749,3.9511871953825586,3.638427259485199,3.987574379578987,3.634816267416577,3.959835287770489,3.260407559371736,3.4229806180913527,3.7091582701540986,3.992211747163239,3.702868840054683,3.8257883756510354,3.593499943674523,3.3703152801112544,3.8123694345855488,3.4679393460662142,3.7458279943996633,3.8496596532396374,3.9576119565215886,3.63523059604978,3.453573027628304,3.516741950643737,3.8335858870422235,3.682289227246434,3.6486382582702244,4.155020104486054,3.636716834150002,3.901724509169475,3.485529071292593,3.1282651290561954,3.4472620591174183,3.6602673445386884,2.934432393027617,3.6749984959493784,3.8361416683713108,3.9364170890921524,3.6166463436332137,3.3610395131606268,3.389835323240354,4.135456727461666,3.8197343492871063,3.855587970180018,2.98196775168631,3.4892492291592565,1.6992781542476953,4.228629444958705,3.264937279588421,4.29020022938579,3.2095573960113226,4.140761070675774,4.148949849291612,3.784675801885527,3.6491111032799934,3.904668887344983,3.7649040040996256,4.057149447942871,3.9526620100318204,4.268450280798712,3.6009955169857046,4.262107384092149,3.661088878025325,3.8026254259980994,3.91160378575525,4.309483034316548,4.402613315356233,4.464822555499179,4.308746660988955,3.943550275196884,4.291284692967387,4.436486784092108,4.129466823598292,3.6119504834025395,4.20293390208596,4.057766877481089,4.003426804282257,4.088055392423298,3.83015003235222,4.190193689547851,3.9029069652022743,3.9551219192150437,3.6965214121909264
4.255194242573369,3.6359023203106533,3.7039446787542585,3.632239850929201,3.6409885078894955,3.8623505865488763,3.4378149765271657,3.407822105941608,3.6657641729343218,3.6737814339332138,3.790906474826509,4.091271535668536,3.966776490921284,3.5565959861000658,3.4204152052707655,3.3762757644116483,3.577441951924338,3.962157500877421,3.6395521555615526,3.9978980799989694,3.5640746294628807,3.515375715214606,4.108683583258508,3.14896079637372,4.025861277408203,3.318329615407227,3.470330321105398,3.513275630503513,3.8073071694478284,3.4459905043014993,3.80249320454661,3.5847006576516662,3.684383378129348,3.680909574917853,3.7852215886934775,4.142075639624928,3.81036032117064,4.1700808019256295,3.7267512795150166,3.6007801627751275,3.8585497055128544,3.8189783691211967,3.5790312445745993,3.595818579982806,3.7986696894362457,3.674631250990872,3.9912677702508246,3.0544102735614937,2.976407347457948,3.181761058875852,3.3884949853532977,3.304778782869975,3.9088146109047748,3.8588087902380206,3.757889829770582,4.063208209699088,3.6651608997000324,3.245426760156403,3.9101300856950427,4.155559451236107,3.815882161523319,3.4642411359383964,3.109190105869945,4.228629444958705,1.8465401861032937,3.5752224251177025,3.8187301979751727,3.8943518998231728,3.8965238659663255,3.7815647685277396,3.443579635492464,3.8568802953648307,3.575256543263799,4.032874487146495,3.543358531372187,3.721012031325633,3.8580786364163853,3.5488265765177482,3.5229730316804613,3.5853681165075795,3.607231701870746,3.7723370146047652,3.5510915819207076,3.723670265286621,3.7009180250224074,3.812480355650846,3.645634438595836,3.5962379193188174,3.8252474125685882,3.680549232316953,3.484702935206535,3.653303080862656,4.038139384221848,4.08380207221516,3.488068510977475,3.8649932887116782,3.736648204664739,3.730059828590188,3.8264999460774995,3.741095714750348
4.334245632773962,3.4279954805862514,3.988433674557762,3.529047080085731,3.661962054001216,4.08536435044278,3.8954851195730176,3.450932470448941,3.694779226537311,3.1817815346221865,4.141907197811121,4.023512757570376,3.3974328324985423,2.981862876963335,2.7414841306733093,3.580040700479782,3.828045154450847,4.210202841950659,3.891769711281722,3.9176420891377965,3.762970515144437,4.1240315388171584,3.856390811945878,3.845106013164393,3.8886005076995884,3.7183793365918714,3.944554814178836,3.7786374511908494,3.8050727633819963,3.907635307655417,4.088668780878151,3.9039644548271872,3.721059616278759,4.217790377675504,3.7380636007449666,4.321139093419869,4.016097532867577,4.3649342637613975,3.8053036254375736,3.9130267372558674,3.672478524044995,4.058584590172439,3.8547474913669553,3.96646911597721,4.214486902649067,4.127354697703932,3.900880290379178,3.6724108743968573,3.369510989780978,3.51644674707368,3.7169807709499776,3.2900601221700656,3.7221414240027118,3.7849836423425693,3.869929866480169,3.478973173813984,3.5938315394375233,3.165951362408639,3.8213225577527465,4.367599516585686,3.7790553884445974,3.253295110623471,3.3445611079765762,3.264937279588421,3.5752224251177025,1.8760406894219483,4.28047126373953,3.5953148643586457,4.097487081825503,3.654513527994044,3.9173278214633136,4.137291265973463,4.062248607727516,3.874298841782775,4.0397535724252,4.1484115859688035,3.6908213520422617,4.062920383716806,4.191827178460453,3.9401008625083733,4.209233027780042,4.341750561376298,4.070529580515349,3.9042888159415448,3.818312412344346,3.8668925831819236,4.207276574128948,3.7815523959749644,4.009176899474985,3.809551825346509,4.094082149698079,3.893033153305404,3.703775252426361,4.198983099971625,4.26989821911285,4.280200863779291,3.968536841226798,4.352977153798198,4.3809206714809354,4.266009159048557
3.9114318774230807,3.300284267961274,3.7213918407417337,3.5353420767172223,3.7325553935842004,3.78223072364428,3.703588148162597,3.3424394514115585,3.2691441891026143,3.5230022185808387,2.8726777649638677,3.6941161940726306,3.7071053172351376,3.9075663577027826,4.1982909858836965,3.383992547720731,3.8132297582723704,3.8531985939611832,3.6714512846310563,3.8774423095435355,3.828451862298793,3.6068182265639335,3.8180865588695743,3.8343839324129974,4.212790473507636,3.15309409690957,3.074941295651387,3.804503607023792,3.633917985442482,3.4016266263827806,3.5236236815430924,3.4891914125290246,3.7677670533449006,3.573055518785283,3.557668067999428,4.2608429784586015,3.988937269955105,4.011581138095741,3.7880207257888925,3.444485694984196,3.585797727342413,3.860943254531842,3.409167802740817,3.700080479466723,3.6559805788242783,3.567515145159819,3.6963866281466795,3.0118953099897197,3.0901428836829288,3.5072415838952753,3.449055226716889,3.2474994871175866,3.796651776240665,3.5677712400214574,3.8625053599013497,4.239977262137645,3.4884160169283387,3.313527158064523,3.9941304971713834,4.380390426679224,4.244951994302365,3.7225750725044002,3.241024262655568,4.29020022938579,3.8187301979751727,4.28047126373953,1.7174686476204502,3.2641375588179518,3.8968323793034947,4.057206141085106,3.237638862767444,3.445153225653429,3.1974541897375475,3.005348589371395,3.432366510433048,3.5250137507037973,3.124612903342654,3.6320640658208783,3.347642273611748,3.9386368388541215,3.5172608722343432,3.4843726230384413,3.6296360631531996,3.6295472152202497,3.137287876771645,3.5806486154460617,3.6134077927439017,3.6037464094577225,3.6270331644454017,3.2633798687037925,3.8271956046100115,3.6000269984468622,3.494077048721594,3.8855346156336386,3.523783943530635,3.6158246763109596,3.7977453529421923,3.3598626356028096,3.095258997931174,3.5897152549174587
4.142042862750498,3.2920224326382685,3.593977004525885,3.494631030884787,3.626770213221989,3.7781648992932806,3.889004872783435,3.423639493408523,3.6931083779132683,3.778760310131437,3.7604258978791245,3.920766640876169,3.6654471319302364,3.3337536089044995,3.6808322559338356,3.33177233110075,3.545014011782458,3.648752362682227,2.532378574569766,3.683049579089531,3.8356254090812065,3.374912884796216,3.7178790047951153,3.4591130773389684,4.217534459669593,3.1796728390839757,3.483610075832079,3.8159070344569055,3.672971823584147,4.033279383657552,3.649336573055502,3.6550436042417065,3.7278594728362573,3.656939707479935,3.8733376141281375,4.04301730471971,3.689222853517931,4.273882818626616,3.833024624064296,3.2064303192380303,3.872110493656227,3.905007883727969,3.582501056809948,3.8019319673147387,4.0890903369304175,3.9969558356942487,4.083394745797241,3.5801339988217915,3.3334582354200406,3.6671406470304815,3.68019197538049,3.3967091731791137,3.523533481791042,4.223886590554066,3.936727891391458,3.8862362844960456,3.5765553455769847,3.4174006702264,4.084303625801797,4.199191048475871,3.742425714137368,3.401852299750187,3.418685938098819,3.2095573960113226,3.8943518998231728,3.5953148643586457,3.2641375588179518,1.7961979274998685,3.3216065358006572,3.6771541410897437,3.0618925013016924,3.507571472300196,3.612068893118491,3.2838736128472332,3.578001968346846,3.600704234775061,3.597416532997235,3.2910802097518035,3.650361754967761,3.957321203555901,3.269875248845656,3.2681235624291856,3.562933771466807,3.636678213321835,3.53584088828819,3.6038073204455108,3.4471115046955716,3.518707977113569,3.163431347340797,3.3466214027815706,3.656733257875554,3.2514370728890527,3.4492978137319783,3.8624784746563687,3.563472830030239,3.6666717628820193,3.6967577209724554,3.2578989692293643,3.1445290393730487,3.410926312986896
3.869134994508623,3.093493351260529,3.6239789675956247,3.4608617837745865,3.3100374732735602,3.562119327985074,3.700822632867624,3.696823967241408,3.56501144861411,3.5360734104504425,3.815492538574822,3.88842700715643,3.8794287128843092,3.569427292064757,3.9847619406410586,3.2357372629561536,3.7972930501189754,3.811914098135881,3.5872931864640316,3.718309204478451,3.6245397400886312,3.940439429328024,3.8947480159173438,3.6130357626731766,4.032772285828007,3.4001013979323322,3.7338162088120654,4.0465824785523425,3.802511250785084,3.8070244985469985,3.753220152719694,3.546235291100701,3.8605760659291906,3.843537794834461,3.660358619425317,4.217766630586257,4.02917445510266,3.9735960237225965,4.103983890292878,3.31118821122767,3.8772653761705294,4.034551235253033,3.7072300576279553,3.7265809401176524,3.597993053188861,4.111149940909103,3.8482170107521014,3.4435241001168198,3.370957242526153,3.638964452776751,3.689867563635281,3.449100588711345,3.7635455956666894,4.111176679112271,3.521407619809628,4.0360483471381645,3.935963350601627,3.2524381320580074,4.203461331784885,3.992280978503016,3.5017994567089343,3.607164763430387,3.712859844095205,4.140761070675774,3.8965238659663255,4.097487081825503,3.8968323793034947,3.3216065358006572,1.7434325429707842,4.081989742327107,3.8698199242647644,3.98268989382118,3.2748951925436507,3.979557121983681,3.7678393336318226,4.137582820379935,3.864991700980314,4.250532042865398,3.9130588612757813,3.850670224002614,4.133455668468218,3.9296523437354938,3.9449506798455993,4.345098709663168,4.048001235905303,3.964944028484603,3.968225369071573,4.314316195861425,3.818167328379756,3.8395115522096273,3.366711253086694,3.8408983627557216,3.7221719411108536,3.8081291731654647,4.4109451438059,3.9749873820145267,3.7434726066308452,4.129612565156743,4.2168426359900035,4.126568991556869
3.770933920026124,3.585218936056518,4.098020541347382,3.6406178682512538,3.554482247758743,3.6161232031425996,3.3601961866545387,3.3538500323320184,4.116518017776692,3.5719944293577406,4.091584168297063,4.346630334785596,4.003016822499905,3.912890680063373,3.700339464020806,3.717480949972852,3.9074093153773,2.9759276109381223,3.9885196897708037,3.717814419114421,4.210891225793666,4.038458962413012,3.69711852891452,3.942166615731263,3.964596486968194,3.2223893325065713,3.6290002046400915,3.7732590043087515,4.122071913508598,3.672026951012049,3.649613340015463,3.2772595298564147,3.2461613384099812,3.9330953850655734,3.980522311823427,4.4509566223112245,4.672172765506187,3.7359612672235403,3.8205631865049723,3.5333334127091565,3.561643331470566,3.6506101161087843,3.5351334950154274,3.6466475368232247,3.7471371317496627,3.6693660298814565,3.8010161567883918,3.657132712401241,3.4176707854161674,3.6033683188983647,3.510248827510161,3.463776227075764,3.390417100176165,3.5698258646709076,3.9142282296500026,3.874293972472801,3.347589647594589,3.60755080970615,4.206337518895454,4.170947469000649,3.9204089211777493,3.459411021427112,3.7890012362442587,4.148949849291612,3.7815647685277396,3.654513527994044,4.057206141085106,3.6771541410897437,4.081989742327107,1.9119751927149564,3.1892211484432633,3.5510170708397046,3.5109606486136715,3.6890754180093372,3.7461433757798956,3.6944094491252764,3.5602647089347954,3.8522236698908743,3.549945092818674,3.5307156296887894,3.537254210680753,3.468432214264281,3.6185766318542485,3.7110261743227273,3.4363532907713568,3.878405096449994,3.6094327716670476,3.8080265369358246,3.2765396553956205,3.5330432247210126,3.339224810927165,3.216740812641845,3.3656280946533617,3.4303145666298165,3.5815753577286356,3.551657845926012,3.509884325197294,3.260623304419649,3.4699186733488285,3.3633675553090465
3.88188359284854,3.038998892735034,3.8710892486042967,3.4918110004948932,3.003067978557505,3.805339223569545,3.5440215962572865,3.103856650001807,3.7380460555729953,3.684916350737353,3.782114857795021,4.338937745149993,3.792962704737965,3.4756200604990326,3.815800214423976,3.2718830684854385,4.085174160313754,3.6154278045111945,3.5999836122770494,3.7092947152442486,3.2594417297724707,3.645509353853921,3.981649578422609,3.719804539154032,4.170668169342921,3.167549531073088,3.4356021120594007,3.687872100934629,3.770861655155351,3.8847566905524875,3.5013540619436387,3.6772865697699197,3.6939316987411206,3.7376665538146536,3.5864512634326244,4.164222578637511,3.8126931437982643,4.1082422097045255,4.022795749265875,3.421893459027705,3.4852083264152975,4.079949233645954,3.6743397532734168,3.8576153907187614,3.2366647425654853,3.8223545805131494,3.765772064870034,3.4925189352241692,3.110441038836411,3.2421607097950953,3.6436560503948483,3.1271762126117886,3.6010849829427864,3.1767641058821483,3.7594829469180118,3.6394734060156657,3.0309957024803587,3.2535819081412143,3.974072476631488,4.075778636652375,3.984202798052657,3.47932161014205,3.5376087280781894,3.784675801885527,3.443579635492464,3.9173278214633136,3.237638862767444,3.0618925013016924,3.8698199242647644,3.1892211484432633,1.9696165762117912,3.4539628171620795,3.706689045881993,3.7649576378827687,3.987550350355079,3.8443639358909465,3.3510838946108086,3.4133554215666235,3.166342153193085,3.5881756546875447,3.3609254868090823,3.3654177922605397,3.095488395062809,3.131241106338046,3.3150646248603453,3.435777655099088,3.3929535496845142,3.3269536360204772,3.5383834471924183,3.318384469588437,3.4102275470460457,3.5007534779098064,3.788813711316092,3.789744744352102,3.243275332476139,3.6133298880034257,3.689466679899669,3.271044886709659,3.2982531460333133,3.4132067491158398
3.6233289079659086,3.567950662881949,3.7048903462006955,3.558834926336862,3.2951478980603053,3.536934096893012,3.3937270580540466,3.4268205511349397,3.5231961077807266,3.170200417568008,3.7164541925069536,4.193022686912105,4.0239301784515105,3.958258893053681,4.299935442372354,3.2209940060446547,4.205152202994236,3.627696353158515,3.771059504984457,3.9264953437949233,4.032150776191701,3.181272295573807,3.9865211616940432,3.669529369588454,3.574976705286067,2.8464964719105885,3.0969472917186565,3.972661930209345,3.7555241316289534,3.078910461107776,3.1636576514414854,3.6146455805151665,3.600567023399918,3.591826681575372,3.3124958570708207,3.8690264874444638,4.014588942143044,3.61135552848831,3.513690506640654,2.9074324794548896,3.427032836259855,3.5864406749575637,3.4826833103534205,3.3441391683932995,3.858992388870683,3.5408337741398808,3.9027498313066684,2.626567782852947,2.2929558728939923,2.683843864039947,3.2794593709620417,3.2758148937831475,3.3428037940618607,4.051847893582074,3.8605768169704056,4.120095899814699,3.3733818963388424,2.9291462057463464,4.210418800778932,3.395634357379911,4.18437271327807,3.2588890442803544,3.068841539658839,3.6491111032799934,3.8568802953648307,4.137291265973463,3.445153225653429,3.507571472300196,3.98268989382118,3.5510170708397046,3.4539628171620795,1.5741875002357482,3.2227044197308867,3.1042651173728855,3.1048599428934,3.134727410023799,3.463246579011211,3.087400545563656,3.3673845193393426,2.981649824064095,2.7356300300686924,2.9564959241943476,3.1734921237070095,3.25221420868764,2.9952843595791574,3.124818284716714,3.38059978402667,3.5544409556781615,3.285413166226759,3.2889376001283583,2.853114612516483,3.2289148127593963,3.3470159391407144,3.227939632235125,2.6371134296091565,2.9886183277611162,3.380548386910945,2.9366946127602462,2.826688906616214,2.707065792121862
3.6896685785659873,3.3989859964821987,3.850281436348771,3.4413322453191513,3.4878912518958187,3.946416304144751,3.280915787730786,3.699986443583821,3.686990537077954,4.013348740498231,3.920278097053728,4.143802973621344,3.420643532210986,3.72902575216927,3.933048079577602,3.6060932862708994,3.8796154294152707,4.032390288466985,3.7907126658651835,3.5537049416667905,3.9131083866727105,3.433975315993525,3.808564846738112,3.5853609423094617,4.056653676460482,3.031652042202021,3.0836168432378717,3.681121377333747,3.964234467206847,3.5881263010052615,3.6373230179234053,3.282430154095422,3.5835012059705336,3.647773666343254,3.5355278226324036,4.005956980637323,4.028783673362797,4.010696672208519,3.744002402735633,3.2719340682347466,3.6128436653135036,4.146184663951334,3.3909914484440953,3.5322195200426476,4.067796176284796,3.8256194979611418,4.0363169141563695,3.3840772742455982,3.077834183008913,3.4569108854700845,3.7544424494160307,3.505847284639466,3.4028516451664252,3.962651823906856,4.0797182640882745,3.7212980766312347,3.709075659367485,3.1363730657037294,4.162174895743935,4.216441051152905,3.7597631638640188,3.118065880286842,3.1913914398605137,3.904668887344983,3.575256543263799,4.062248607727516,3.1974541897375475,3.612068893118491,3.2748951925436507,3.5109606486136715,3.706689045881993,3.2227044197308867,1.8087972711081755,3.16298883829147,3.3027750697974056,3.2328708010878997,3.3788293686579483,3.2759707500357136,3.3780007840777753,3.3907690435182025,2.88403341983456,3.1690514955188407,3.2666892487321872,3.3457429405429138,2.9886869584782807,3.1220604481747416,3.4558278616057394,3.399743777621532,3.2050334866709127,3.1465143505530397,3.14051012816857,3.3203343251949953,3.2794712186483514,3.501221407618939,2.992178607007275,3.1132092820483996,3.309667085423783,3.1203952018202923,2.9047540157583804,3.0083725481195263
3.8700519026391444,3.3391342072296815,4.17042232093851,3.4198864374413436,3.535004963343847,4.293413423095623,3.745088833717236,3.4252594859606433,3.7627932055416644,3.2107383816602133,3.6782550336713697,4.462298585359143,3.7645530432666545,3.923540618839713,3.880865198380993,3.6498572110467653,3.8972112657481928,4.480984258209484,3.4987988137212356,4.20940269078929,4.100569816062171,3.571493680244566,3.85758664535697,4.113516026737472,4.120505504902389,3.109722057859716,3.4564451989053335,3.8873946868589813,3.8259273491862844,3.8332486158855588,3.645294167076603,3.685773874791382,3.582036981430086,3.861514774198007,3.8027499059211154,3.6263655889865225,4.186676434426075,4.205588710625111,3.4511468723569965,3.2539920459770215,3.4892112364850703,4.388645437247291,3.6750485589429043,3.7464111239016695,3.80451423971736,3.924733268315992,4.140975870040628,3.0170486342158145,3.0171145031318862,3.4038639124289056,3.8415904042782367,3.5616095301472086,3.73420617734643,3.737114648867152,3.6538018672311248,3.9636033700726236,3.3767999131556246,3.6582951438732865,3.7029159387559263,3.8803446130044557,3.987488412201409,3.32846765402343,3.298327046696952,3.7649040040996256,4.032874487146495,3.874298841782775,3.005348589371395,3.2838736128472332,3.979557121983681,3.6890754180093372,3.7649576378827687,3.1042651173728855,3.16298883829147,1.6775736422809677,3.609689121826716,3.732461972709569,3.709771588453412,3.7612699714584377,3.8806673648786867,4.255456035784717,3.7031996382415566,3.759410624170383,3.999342879618315,4.516589873548566,4.080748760256763,4.273750209964355,3.9692982549447953,3.919857812967958,3.7302256562438636,3.7753604735337825,3.7933833508506147,4.078095986551911,3.4996428344906323,4.044928468615215,4.126990004673916,4.001785544792585,4.204716505519906,3.6689920089156027,4.035463439187143,3.7368873408180456
4.4072976831692,3.3695608504118693,3.9116389623103407,3.450528151079062,3.198350587143063,3.985653470609361,3.6544030990496856,3.3834928963866733,3.7508773417353107,4.131987989057286,3.8590314147856417,4.246804308757362,4.128217859708057,3.92894145012375,3.8463375851437624,3.6344721465019685,3.472507780121213,4.0601361618842375,3.738265297697534,4.14890114884914,4.036896127544063,3.838772114330831,4.215348625372661,3.1554131146208486,3.9265237158125066,3.280831932595704,3.378850090156806,3.762221060989856,4.080796352277122,3.7205783152891945,3.982161406058116,3.805130188944116,3.9505169990082023,3.832774639113066,3.663502546476285,3.9301176495705157,3.9407655613836385,3.9102115956345096,3.608348496116956,3.6229286234790354,3.749394808725421,3.899804358289814,3.4964249432510113,3.2917873549250665,3.8766284460876395,3.900515040764203,4.493982989770374,3.0433056282935147,2.885784230550823,3.233698404204891,3.4394163198061563,3.550558733364628,3.7598907957729937,3.952676806637427,3.824298133429797,3.6950156280645525,3.788494798320344,3.2238338251528647,3.9816873424586285,3.529709309833172,3.661354504009555,3.4026943633785396,3.3052391696856334,4.057149447942871,3.543358531372187,4.0397535724252,3.432366510433048,3.578001968346846,3.7678393336318226,3.7461433757798956,3.987550350355079,3.1048599428934,3.3027750697974056,3.609689121826716,1.5655386082450669,3.0249344192381664,3.570864931679362,3.5535935732770443,3.6087383088421063,3.7071717033422185,2.7117655758382897,3.3514308040246115,3.829603409256759,3.9748782621219454,3.5315443073169517,3.6672510627502013,3.6888294417676923,4.020354385530584,3.3687850769251417,3.376094711343949,3.412798080054182,3.7581734899576973,3.5190654804432917,3.425680092945481,3.392208859943149,3.652499526934626,3.841425824326404,3.5258095689161038,3.173024573891218,2.8593095870726053
3.9587231129926614,3.3940085660572805,3.9663866079743766,3.5070464932813605,3.5409642704315445,4.048620080427681,3.545752032330092,3.4475030238750084,3.7264231677667836,3.7646676799136856,3.77459945784091,3.992623737851689,3.761057433494045,4.03193311423067,4.0355766660399865,3.4575665140649043,3.556123230832453,4.0062793781870045,3.563109607711908,3.7876611360914523,3.905241492040493,3.69916818359491,4.14747939662911,3.7284116240427614,3.769711739581067,2.6455228774605617,3.071437779543924,3.6496810247972777,3.687908448227397,3.826214966190399,3.3354651297264106,3.8362048160887667,3.7636183254194298,3.7113769553767693,3.381953810111989,3.9557223605096623,3.7727909787432368,3.83142581358087,3.8904427581729717,3.5759271779010025,3.6194160090925678,3.418706817188355,3.5069878045405174,3.42772683937676,4.096491107828341,3.722928664864645,3.7262167859419018,3.0940252965166537,3.102523505388067,3.2384774908105856,3.220283111421635,3.471252538915036,3.6783348486977765,4.165045230588213,3.89808438000024,3.7503768823726666,3.695808546670882,3.334772669210495,3.9619751373975824,3.5475631606669173,3.802607890276145,3.1760343835922358,3.552301744900434,3.9526620100318204,3.721012031325633,4.1484115859688035,3.5250137507037973,3.600704234775061,4.137582820379935,3.6944094491252764,3.8443639358909465,3.134727410023799,3.2328708010878997,3.732461972709569,3.0249344192381664,1.7495410679877532,3.8524995423357584,3.292438925259211,3.8250750112366534,3.8793590051205156,3.2027448911227787,3.236068744374229,3.526007408512483,3.5113337418202044,3.0866088801731273,3.556829023092477,3.576389287600641,3.620884853854859,3.790711146953637,3.3512268782208774,3.1294541947369603,3.5026835456527405,3.320571969440746,3.208431962792116,3.0002517125744927,3.236513967103466,4.0545852215759695,3.282998322476857,3.095153771924911,3.1910883757842026
3.8998684833244512,3.3654110674829494,3.895691638524566,3.6819375502101326,3.1372757809899556,3.8355821513000725,3.6650018612265733,3.4296543165998528,3.6321995135893475,3.469421328601328,3.371446925143057,4.428250717890676,3.927115391304539,4.102969618260342,4.207679185544388,3.3403359805825583,4.054183039413281,4.137801503545925,3.716902611309388,3.462735172986869,3.8501101163679072,3.7403562439600027,3.9214229134599763,4.036597272798862,4.264600066539218,3.1859063219154433,3.260202596846369,3.757151115388763,2.8843896646287845,3.5859491159129595,3.5585622538674153,3.574673263441037,3.712412825000151,3.528803342864444,3.799720031008155,3.5903432220165166,4.005583448913618,3.708676745534596,3.852273098934289,3.5545768962021795,3.5866816348320074,4.185455469358687,3.4866823033943417,3.8596888514097065,4.225662197080132,3.580046950979251,4.10372267337461,3.482185570668938,3.1746197691396647,3.4175628021400293,3.647759809004327,3.586796977588701,3.8272115970741036,3.9306209015561855,3.609862227039205,4.0691468677993035,3.433297310167217,3.5289858590908274,3.896202118095829,4.011243202356065,4.205218917595727,3.738925680363541,3.1804004446693357,4.268450280798712,3.8580786364163853,3.6908213520422617,3.124612903342654,3.597416532997235,3.864991700980314,3.5602647089347954,3.3510838946108086,3.463246579011211,3.3788293686579483,3.709771588453412,3.570864931679362,3.8524995423357584,1.6958617579385618,3.882927037901865,3.5404164421656907,3.752464466531418,3.8457101872580264,3.5488366873764985,3.8029449726666695,3.551664285165582,3.4385665040178,3.707064207494937,3.6799926503387836,3.5593129180281093,3.275620754428881,3.4417445862166582,3.8990422194674026,3.578476780738408,3.556967244075932,3.8884023559960905,3.857575853320176,3.8347901719823807,3.702525311684938,3.544216298410536,3.3317403103777923,3.980226476074241
3.529599802218923,3.2329021090928616,3.7755548570410062,3.6014059146446393,3.315609456900466,4.0280593083177925,3.184633164461746,3.54237327670813,3.5031637338279586,3.4993832764535258,4.032689322110911,4.202529654214548,3.7914836882734306,3.8825009588243113,4.065881274530375,3.1054146283249455,3.8677451696519882,3.478111796809441,4.076388828464971,3.75597904704563,3.9275835028407,3.2799140954347656,3.9611655479682923,3.4390589282411357,4.014174485481922,3.002338327226652,3.031125295267241,3.1464918455985074,4.069911466867025,3.304994044670813,3.6757311471443557,3.9712669623811014,3.753344533138403,3.754824024304478,3.2645212615952084,3.975966045330796,3.7319092317686215,4.000385293686158,3.795505245533545,3.57241422159248,3.6885603382587036,3.923651420486033,3.89944281484265,3.470942856757605,3.8929324543554418,3.7156911777975314,4.0070590039142795,2.864877451212859,3.1680181515812693,3.4653434203567075,3.6164936434963404,3.360603829397898,3.6788794176664847,4.139632118937072,4.053705397478057,4.038466777141347,3.7161159332649802,3.2538550619097313,4.07686817864734,3.5382634840598963,3.9884406065698084,3.3892033174159386,3.361632254242,3.6009955169857046,3.5488265765177482,4.062920383716806,3.6320640658208783,3.2910802097518035,4.250532042865398,3.8522236698908743,3.4133554215666235,3.087400545563656,3.2759707500357136,3.7612699714584377,3.5535935732770443,3.292438925259211,3.882927037901865,1.5231425122996924,3.720663852721664,3.9902784728802816,3.0947059262325345,3.9440502099820223,3.945294331451878,3.9405690824234125,3.1688615658989803,3.9469515327212474,3.880930864677358,3.18061166045512,3.9174450013714233,3.578299330581173,3.797979999148462,3.8033997638568744,3.7788750536111553,4.071721755550318,3.2828790145177678,3.875006348862195,3.559548209182423,3.7741046591286613,3.4311396401541754,3.5112932010877875
4.056214426277308,3.43320164045951,3.8476156368264287,3.557705980396492,3.425855978262677,4.019708262465146,3.5909433196122573,3.4689407383180106,3.759947287911136,3.93044185920155,3.798853227051669,4.6356265795660825,3.837983677698189,3.9755753573305963,3.9528153949836096,3.4694827896885228,4.183630816748652,3.812572093848757,3.90138974401045,3.9947341987786786,3.767233408078655,3.5046731644650135,3.99074641180932,4.005912240361776,3.884570209870303,3.4119548455737667,3.4006198019500617,3.7784206790768073,3.8265825058597,3.585992946806038,3.099941959362306,3.6935122835560596,3.7259361292069246,3.987971367827894,3.2386590455111888,3.7951796924320447,4.092203606652211,3.5738985680650637,3.94981601140808,3.5360379046967383,3.6764571500252243,3.599643608544971,3.4037769926991066,3.2745624568218976,3.6489662378688816,3.910126338836696,3.661495519995747,3.483860962807825,3.2671897024344436,3.5763203877956706,3.6123846077925053,3.471665103305694,3.7284916867050204,3.7669539059812096,3.767570060872408,4.219429381008695,3.4157066106555334,3.461014056280777,4.212560527564564,4.0089889590510035,4.308766056867459,3.726952709677238,3.20986851702441,4.262107384092149,3.5229730316804613,4.191827178460453,3.347642273611748,3.650361754967761,3.9130588612757813,3.549945092818674,3.166342153193085,3.3673845193393426,3.3780007840777753,3.8806673648786867,3.6087383088421063,3.8250750112366534,3.5404164421656907,3.720663852721664,1.9081885573877224,4.045030822964631,3.3242004217026704,3.6465648226770964,3.324280156719206,3.33295328429161,3.1644774005714833,3.527654729907365,3.7654317740893823,3.5459148543805146,3.793705146069317,3.4365835266268125,3.73564880533038,3.414575813945112,3.4395784862611065,3.7706469635911355,3.5303388813056866,3.1276680283740137,3.6228629645848653,3.610590513437419,3.516683122325193,3.5133794702818943
3.4999279042802622,3.6599141896252063,3.866932139299564,3.634198994189959,3.186462648817183,4.028181054182857,3.82007923081016,3.8858081230525183,3.9023739099248447,3.5099854117441898,3.991619062172975,4.027963698138904,3.6086942591822604,3.7789197484312167,3.7362202423246296,3.0864581025899316,4.211628345530616,4.068901012194202,4.162056980893222,4.187635914654495,3.8549317850659395,3.7754841396769394,4.020272085774379,3.9970226859866234,4.022764739929424,3.6628992244976564,3.510504172844311,3.7065081543826497,4.3336464834814095,3.5284052670491026,3.5168016608654664,3.5497775264448017,3.4366218459261977,3.778441687476167,3.752426577409305,4.3893426468064085,4.0012597187421495,3.6825410328728494,3.8386658447486264,4.009422859802976,3.984943052804809,4.264978271675322,3.961619098750298,3.6872001402528554,4.09700305508545,3.772671775039507,4.206662630593853,3.6339257770877342,3.4537781162699783,3.760983992305406,3.774962630193438,3.4835201750896694,3.4487491746494623,3.74612426840101,3.866085685638736,4.0536880621133,3.9591511436332496,3.5910696949997765,4.487353982875133,3.7978043817986413,3.633811758771151,3.8632330646279693,3.3448997252640855,3.661088878025325,3.5853681165075795,3.9401008625083733,3.9386368388541215,3.957321203555901,3.850670224002614,3.5307156296887894,3.5881756546875447,2.981649824064095,3.3907690435182025,4.255456035784717,3.7071717033422185,3.8793590051205156,3.752464466531418,3.9902784728802816,4.045030822964631,1.7630880179992379,4.005538857247571,4.024058844735082,3.9147274169625397,3.885297921831583,4.118819552689705,3.9485147603063933,3.9052741780252425,4.010474223215314,3.847082573166592,4.013041302499491,3.275619875970716,3.7229715022289636,4.1129851189734445,4.12404457666826,4.185132256798553,4.100773280256493,4.025570320907272,3.7675450700576647,3.9913091437697332,3.8187299532215695
3.6549716290566687,3.254872273444023,3.6340520846104165,3.4155788623577674,3.0915350640986814,3.786091216834772,3.3176432266645,3.223106756313449,3.245190678434746,3.5835648853755764,3.893069930357605,4.517322608864562,4.143805038178432,3.9621884335951045,4.002911383965562,3.364196762757833,3.6047155443088372,3.6678245257955138,3.756567389663382,3.6938111111978507,4.127384635725326,3.151511421268695,3.9860685453200615,2.8482764415171284,3.834574082114017,2.865969257020248,3.0711809256068037,3.4193868485150767,3.636139075449727,2.9748180722378272,3.323723894274708,3.5295486293705247,3.4924791414996794,3.5187513897161544,3.5876271552550834,3.952791052199962,3.9363440845735704,3.965964214273536,3.5545985108041345,3.0544299875997614,3.45291328543065,3.916189516161504,3.6774751988635224,3.392517552988107,3.9183426730127175,3.4906783579953258,3.896535057981523,2.717084117379802,2.498694180171387,2.549340407341975,3.1410163133125963,3.0826793878826506,3.735489537336495,3.822617748233216,3.678283006362131,3.9349176713728076,3.1679746095324894,2.7919028188901773,4.005912023064039,3.281134708007535,4.13766141412687,3.1332231192246787,3.0907674952779796,3.8026254259980994,3.607231701870746,4.209233027780042,3.5172608722343432,3.269875248845656,4.133455668468218,3.537254210680753,3.3609254868090823,2.7356300300686924,2.88403341983456,3.7031996382415566,2.7117655758382897,3.2027448911227787,3.8457101872580264,3.0947059262325345,3.3242004217026704,4.005538857247571,1.485581233492892,2.981098746551506,3.4078519787624413,3.3587574392704207,2.7969731487474077,3.214797399395413,3.2079090786188376,2.9583339145426364,3.2398989624973225,3.041561621571718,2.8304948421711904,3.4983082395853247,3.412545189338096,3.0177851292805498,2.856179614362234,3.0637931181123785,3.645530284625867,2.7532547110308268,3.100318632154209,2.537486530338398
3.99864619620366,3.2708381288832413,3.693144438593564,3.64355722643393,3.4698465954891318,3.650346212981429,3.7040066179799367,3.3017182053062037,3.434537752423137,3.8305658067472446,3.508038486614927,4.424929041211233,4.121746895132748,3.716190686016943,4.11393402949998,3.394078731760468,4.076645959542519,3.4961920661272035,3.7379796846832294,3.8156424216007894,4.212444585600806,3.6349777544287853,3.8750579260499745,3.7895003769425846,3.5111060582926963,3.031463599666896,3.0784631887725733,3.7568303697060816,3.6978319609065835,3.243353988229443,3.430071410193267,3.4516645358637192,3.7571472969199173,3.1535594572006023,3.385217055905254,4.079292727999347,3.531137245586415,3.5785649243154616,3.2665483959215034,3.4573273114611194,3.0277338105479488,3.5792694912513636,3.119178968951081,3.493570047207312,4.03116556442678,3.7434827694919353,3.2446523750201064,2.826695626087912,2.7671340046272226,2.8401028447289973,3.120063572284765,3.0617182247555266,3.6201825636897067,3.5867671390344706,3.324263979809127,4.144619562981336,3.2705110852706754,3.1247299918247156,4.606753229721931,3.968780590592196,4.068836670106183,3.322077995528892,3.0447379992385244,3.91160378575525,3.7723370146047652,4.341750561376298,3.4843726230384413,3.2681235624291856,3.9296523437354938,3.468432214264281,3.3654177922605397,2.9564959241943476,3.1690514955188407,3.759410624170383,3.3514308040246115,3.236068744374229,3.5488366873764985,3.9440502099820223,3.6465648226770964,4.024058844735082,2.981098746551506,1.6824963641941466,3.213121080327003,2.94333738365118,3.0069579977745047,3.0924532682671946,2.9115214229961195,3.4178515827194436,3.399270928057875,3.3535467598210005,3.08707460769369,3.4875898884545884,3.3662181619506986,3.4378020851820814,3.079736069162954,3.0312846234646638,3.3764145058431874,2.447199908631629,3.0907815443387596,2.5438944712324623
4.175087860897028,3.4329982201827565,3.76644243249918,3.323949000259725,3.4108389832148256,3.9547566897735305,3.3665296949191768,3.3003884460242876,3.4182914905277304,3.996611897902747,3.8973549507134853,4.261737743250387,3.6319104576149095,3.9130231706706016,4.0122569059280115,3.314500990028381,3.7723140523905383,3.6572741394906223,3.718444270717622,3.9355611901530128,3.594817623462509,3.9492675712157026,3.9729994717867476,3.7902451700276676,3.835215043927415,3.4392413317894848,3.3553386559835974,3.262230271261283,3.906993039529655,3.7881122470106847,3.344674098599321,4.0231377766214536,3.743567979180325,4.1454176992331195,3.8508401148809366,3.9463213257870984,3.2727263576908765,4.107398999409664,3.8313824045689095,3.4483767597528496,3.671541525455015,3.7168892433043417,3.496939846758798,3.3119887555436303,3.4810689771174945,3.5362351733351614,3.4406775637684435,3.39035268712902,3.1869206039880917,3.5445838284163056,3.6527218961043397,3.2724182937490403,3.7357725384027316,3.2816806406892054,3.6453399639988673,4.196611493763437,3.5562131256949385,3.4511434752446823,4.122969743586006,4.0038697056105015,4.043533592700631,3.3216128561766145,3.5004092224575825,4.309483034316548,3.5510915819207076,4.070529580515349,3.6296360631531996,3.562933771466807,3.9449506798455993,3.6185766318542485,3.095488395062809,3.1734921237070095,3.2666892487321872,3.999342879618315,3.829603409256759,3.526007408512483,3.8029449726666695,3.945294331451878,3.324280156719206,3.9147274169625397,3.4078519787624413,3.213121080327003,1.8566513146233756,3.290306352828799,3.4033054504424025,3.2939905015512836,3.103198968326448,2.9055204379375086,3.7185668462039225,3.7210868839408766,3.301645052119162,3.7126063652071273,3.4577461023803977,3.869943649475217,3.916027156917374,3.4964655348851177,3.3523395549949937,3.3365205180201545,3.940352330886498,3.827178768243636
4.078847379447444,3.3701610232698065,3.717446278908689,3.458605602566187,3.2107691826110814,3.781267220053753,3.661484063825092,3.3495180162303675,3.4675496133604127,3.6855415708838226,3.8987976502849238,4.619985132033665,3.753064275333266,4.018161002747725,3.999061429976221,3.284417896193635,4.086636994387125,3.2380505441032343,3.5762257684133734,3.9889035801359705,3.9076114951298324,3.712793950038736,3.9776670675885097,4.29748044578272,3.857851993297436,3.1385044104018567,2.758719905856805,3.546123691570944,3.664380811527738,3.827868239632029,3.373625736228323,3.986907622793989,3.709997326485253,3.508562074973134,3.3546646217922254,4.212493951606627,3.27496633912151,3.8170634506296137,3.9011106859562257,3.7652048983706137,3.6819228385039326,3.494278707125138,3.6546457071706335,3.293067855375608,3.918840395238595,3.806244975114085,3.3958390283927704,3.2000003765263894,3.2055373333991946,3.3541094282284862,3.633621093219592,3.0125503410333847,3.4127440578993062,3.6872412533970067,3.7979055537557627,4.020211858370705,3.037673848542525,3.697322895295316,4.38756008244899,3.9979077930750853,4.516130512221103,3.264633288125204,3.4899264821383675,4.402613315356233,3.723670265286621,3.9042888159415448,3.6295472152202497,3.636678213321835,4.345098709663168,3.7110261743227273,3.131241106338046,3.25221420868764,3.3457429405429138,4.516589873548566,3.9748782621219454,3.5113337418202044,3.551664285165582,3.9405690824234125,3.33295328429161,3.885297921831583,3.3587574392704207,2.94333738365118,3.290306352828799,1.8344293070185955,2.8291175432058298,3.1738490488933326,3.3071584244239887,2.9911596249194385,4.120728555274873,3.5301488111701986,3.735820279675239,3.4647891249134637,3.5116034480560754,3.973700403228982,3.6946961237803793,3.857370478266535,3.640664394280685,3.3640356042451574,3.9231049536908222,3.4827443855638927
3.571255006696981,3.1096730922795452,3.7118516661103897,3.187831073842802,3.363339923777213,3.5290334724748122,3.3664654307793476,3.1605101958606334,3.2699979079737536,3.339372178290801,3.5779554623937537,4.761687830840682,3.8415248742561046,4.0885120353082,4.182782118217009,3.370117730811796,4.155915666736604,3.179013466791638,3.449616245427059,3.832825369216954,4.0440921046302725,3.3184557483157238,3.834042401412486,4.113591216622877,3.932445525153508,2.691907273488484,2.207585028108435,3.1651172456039682,3.6961831504884644,3.036996750666014,3.0870463691672,3.8640274886584187,3.620685809487395,3.414701657561104,3.047500587700769,4.07103831438906,3.5572808686719575,3.7330150688046904,3.6800039489647824,3.5642887013747693,3.3669527815503115,2.9928273538494135,3.4457227958549304,3.13118807633382,3.824293338335077,3.6478983463155723,3.524816601388062,2.880362752369326,3.0676274871332865,3.0474093986971154,3.2248563439986335,2.998788121875521,3.4327924843574604,3.728229129206322,3.9240842150523623,3.887673250938507,2.759197444508642,3.3940720947853795,3.935447802449994,3.7112038042080795,4.412489134298796,3.069295267822601,3.1618926655927444,4.464822555499179,3.7009180250224074,3.818312412344346,3.137287876771645,3.53584088828819,4.048001235905303,3.4363532907713568,3.3150646248603453,2.9952843595791574,2.9886869584782807,4.080748760256763,3.5315443073169517,3.0866088801731273,3.4385665040178,3.1688615658989803,3.1644774005714833,4.118819552689705,2.7969731487474077,3.0069579977745047,3.4033054504424025,2.8291175432058298,1.7144903310455168,3.317312463619733,3.6371064337590706,3.43599087671624,3.5638844177216296,3.2157417934619428,3.7493164313548517,3.408127671233587,3.29077341100016,3.686247920990512,2.8795471021789463,3.6468951728406958,3.5020666133919076,3.5733960332114094,3.313969772382379,3.3908924631114474
4.05125139279916,3.5443236892188335,3.8212071616543217,3.6341709216381375,3.5639044436372775,3.6817513431988282,3.8300690177541714,3.540588640504279,3.559334248442525,3.761963772158528,3.928639561934937,4.623551882813938,3.6837873712048106,3.9965777845738657,3.917081868957589,3.166385824682513,4.195451561261076,3.6035426417527194,3.5983020225644853,3.8690902144482244,3.859346805029677,3.7095846797198173,3.904512688254195,4.250881578397238,3.823246930655968,3.143325200678059,3.194119456458747,3.7114167598169363,3.5568462639008414,3.752086895772984,3.295150328593345,4.107587761480616,3.440328621819994,3.5967471271934883,3.301735805180076,3.9106309682880736,3.60360557825651,3.7907527912525976,3.880846965576993,3.695903940624361,3.716498168956851,3.530275784285487,3.6702363940919662,3.4237232334519976,3.7967784380054486,3.798646473267876,3.321300002149564,3.1836262077473823,3.271276368422748,3.6219578415633547,3.5862961874018175,3.2230269595614573,3.9488521173310565,3.7722813277337,4.048803061106684,3.883107394027146,3.4737534455593253,3.766726837958271,4.7129287209658655,3.860639483520286,4.5130947808550195,3.455741835115678,3.451648854508098,4.308746660988955,3.812480355650846,3.8668925831819236,3.5806486154460617,3.6038073204455108,3.964944028484603,3.878405096449994,3.435777655099088,3.124818284716714,3.1220604481747416,4.273750209964355,3.6672510627502013,3.556829023092477,3.707064207494937,3.9469515327212474,3.527654729907365,3.9485147603063933,3.214797399395413,3.0924532682671946,3.2939905015512836,3.1738490488933326,3.317312463619733,1.7679612150123245,3.230599773350289,3.1451157154196974,3.9059794443277656,3.7024411646968964,3.702048813034475,3.561017735638682,3.6799107728095444,4.032124935934337,3.55598702608966,3.8860692530806733,3.7028495158832992,3.5167463886031145,3.8709123973197688,3.743229152081126
4.209026649583751,3.3909865611311685,3.99338840113268,3.5459648057018,3.569874676259776,3.7647973023649,3.844396033645907,3.4092247705367043,3.64712552958295,3.766423898111293,3.8856377085741802,4.140488126931302,4.246656370062867,3.6350405834421773,4.1444249067674415,3.353231554183508,3.839029155808952,3.6398164525987005,3.6843127267919136,3.9275054511499072,3.874996676973397,3.6440462647241345,4.160515664897257,3.769305902324371,3.955280641112078,3.101581891417469,3.2878280869614813,3.5240326392277166,3.553245339832672,3.675153331755282,3.237282101538629,3.7656491980576927,3.7398101808230564,3.8015942996694765,3.622827954797148,3.791863293182998,2.084404555329697,4.132395685914828,3.5769628137671714,3.614075576205587,3.559456024967242,4.210296861276075,3.644052871243779,3.79130057749164,3.865407522325599,3.6068748286367716,3.8833215643383654,3.2153725014362724,3.277196834583128,3.232449551133841,3.741739839679548,3.2169265196172643,3.559364848840488,3.415386982150904,3.8987533090754525,3.933719534979837,3.494026817886899,3.618260814282673,4.322451471111318,3.9648043484995807,3.8469127460911814,3.606887497161166,3.269912016043209,3.943550275196884,3.645634438595836,4.207276574128948,3.6134077927439017,3.4471115046955716,3.968225369071573,3.6094327716670476,3.3929535496845142,3.38059978402667,3.4558278616057394,3.9692982549447953,3.6888294417676923,3.576389287600641,3.6799926503387836,3.880930864677358,3.7654317740893823,3.9052741780252425,3.2079090786188376,2.9115214229961195,3.103198968326448,3.3071584244239887,3.6371064337590706,3.230599773350289,1.6694131376367203,3.226978323587044,3.9380439898202684,4.1852445952675525,3.45792915412018,3.930549225541099,3.917120438191334,4.345407110971693,3.7923401217800166,4.191235642081504,3.5568791549085086,3.099053447308304,3.93183655508409,3.577582979375693
3.771699355360061,3.3183503196229567,3.794764915598251,3.30148266466004,3.4620198743874524,3.6889399788997688,3.4891491059149313,3.350066092178145,3.1149650440391112,3.732752422167441,4.225461510875475,4.781295268432763,3.967685186748574,3.793766580364032,4.040428605362664,3.203442377636161,3.830793686950028,3.4721189123938054,3.7596516390955137,3.7694124707344203,3.8036371839567384,3.8688409769536305,3.9308460958721843,3.8753626273889665,4.265150541567032,3.137513684570074,3.2519748723245465,2.4892534838152875,3.761768903719299,3.8335684236688796,3.6154572768485194,4.081126484300851,3.481352907555538,3.7245156948690226,3.19113422520212,3.7468161315790955,2.9868003791618523,3.8292922432564356,3.9251919204207426,3.6189509984961417,3.604721489341922,4.03352417003058,3.9671495395374543,3.3500482202876545,3.5782991991354374,3.6546575816123466,3.5518446509017716,3.1758994416227595,3.462466380829168,3.6396258010355327,3.9414972930652157,2.90842442550152,3.488688155358726,3.8077168551766922,3.794403640184841,4.073322739182779,3.3678397226201584,3.6950002195410647,4.074960835125233,3.7969649167011794,4.075378837266398,3.497671261733555,3.531455725020715,4.291284692967387,3.5962379193188174,3.7815523959749644,3.6037464094577225,3.518707977113569,4.314316195861425,3.8080265369358246,3.3269536360204772,3.5544409556781615,3.399743777621532,3.919857812967958,4.020354385530584,3.620884853854859,3.5593129180281093,3.18061166045512,3.5459148543805146,4.010474223215314,2.9583339145426364,3.4178515827194436,2.9055204379375086,2.9911596249194385,3.43599087671624,3.1451157154196974,3.226978323587044,1.465953523810249,3.767884576003883,3.7720029891617197,3.6534211688580545,4.268506378748089,4.2142540765462115,4.333940267578697,3.61850692098436,3.7818410026915124,3.3950038255794097,3.6880543491530893,3.9955283250204,4.000470438779553
3.8051418714109637,3.2108042535630053,3.765577632688271,3.589921650229115,3.5658113664842133,3.651167074032505,3.6422046267844785,3.304430744138232,3.352723830933825,3.646883369647638,3.655604072357754,4.195684049821936,4.062909824523828,3.904189766225328,4.058067349431928,3.5017115317502405,3.6942032572230135,3.9886533788086544,3.575969044327099,3.4056934862080572,4.0948129231836115,3.6239491762054397,4.0776839885284,3.829212752881887,4.140766061671515,3.381895903815319,3.5724047066104156,3.6172471917340636,3.444667437527728,3.7535846736061016,3.624206879438711,3.3271377210536457,3.681577772747542,3.754960959735259,3.854472231642605,3.3140214559785943,3.953803372643566,3.9587332595860163,3.6235953521424005,3.498356274145312,3.790247730398084,4.143937992973996,3.3940460889774005,3.4743536858568502,4.203923315897356,3.66061833031083,3.5536672678381764,3.36905431929098,2.8711663123649727,3.1990506400820893,3.05198135716446,3.2559950373950652,3.694065055687564,3.795541713815871,3.6001076183428444,4.084981541867711,3.5678813323936263,3.4453039454366157,4.363681780795202,3.865631749224249,3.9831926616400097,3.580755385662278,3.4729829428457912,4.436486784092108,3.8252474125685882,4.009176899474985,3.6270331644454017,3.163431347340797,3.818167328379756,3.2765396553956205,3.5383834471924183,3.285413166226759,3.2050334866709127,3.7302256562438636,3.3687850769251417,3.790711146953637,3.275620754428881,3.9174450013714233,3.793705146069317,3.847082573166592,3.2398989624973225,3.399270928057875,3.7185668462039225,4.120728555274873,3.5638844177216296,3.9059794443277656,3.9380439898202684,3.767884576003883,1.7125188013041022,3.51573927526165,3.677260220041406,3.3323844478228084,3.3446624572576504,3.786243874240387,3.542328333009746,3.50004608042766,3.6959014645845705,3.2151928035078163,2.8986687397186026,3.2942171304153067
4.150093221655434,3.244398718865372,3.8828392525768156,3.185293157217561,3.3337431868005414,3.8082707122701236,3.3270525914758617,3.51690441492211,3.3612268394199902,3.646657063429415,3.7492768495112907,4.840869266504194,3.9779517668069246,4.1612846764208085,4.043314755786601,3.2985630810164133,4.090185296397995,3.5175810336918363,3.597514002537413,3.994823211270946,3.821153308839384,3.5301073072534113,4.129417013287913,3.8695811918531136,4.229496467984494,2.815608386622889,2.9056992073642105,3.483176734573598,3.7121220423423567,3.234589225877422,3.337235647440298,3.5657869795941783,3.693066461457588,3.7093775820332042,3.4955695085082614,3.9309230590853694,3.7048429287407747,3.7549123231169843,3.770186653908992,3.215811327687281,3.4247198159536243,3.873760353537525,3.7829036421646203,3.297797654495913,4.079753466904304,3.6418323063046234,3.978776156460134,3.3688284165033475,3.1086729596794034,3.199226854013914,3.25060808207166,3.1852872525981035,3.6139063230870088,3.649672942875449,3.923479001593673,3.5098541844275726,3.10973701700701,3.543210666501223,3.7698749527672546,3.825992784114834,4.269365083809081,3.2116136363628485,3.3476215053405043,4.129466823598292,3.680549232316953,3.809551825346509,3.2633798687037925,3.3466214027815706,3.8395115522096273,3.5330432247210126,3.318384469588437,3.2889376001283583,3.1465143505530397,3.7753604735337825,3.376094711343949,3.3512268782208774,3.4417445862166582,3.578299330581173,3.4365835266268125,4.013041302499491,3.041561621571718,3.3535467598210005,3.7210868839408766,3.5301488111701986,3.2157417934619428,3.7024411646968964,4.1852445952675525,3.7720029891617197,3.51573927526165,1.802397577889283,3.590775440767552,3.2273695158335713,3.0356474195328316,3.4716435761732183,3.01465226407296,3.0816871172124722,3.443133298661452,3.278928577131192,3.4441477316471074,3.0783233884471026
3.2312597056874117,3.245630874014458,3.7856473415994816,3.2234667543827835,3.125794273432422,3.7391810465084006,3.177381734211846,3.3175703383600634,3.6008021838614064,3.6426771872859964,3.715443510325304,3.937665079851545,3.892593680407985,3.816575227718359,3.6241220249402586,2.6338131214060003,3.842406957903088,3.5958864435730122,3.950312522177189,3.85912686315776,3.299426793990827,3.572146522456364,3.7450526109261766,3.50277562493659,3.3209050755937026,3.31826842117549,3.504497832429947,3.1095840867556532,3.9505437339133596,3.3863677150492197,3.3773722246080258,3.218607341545725,3.5171829973740643,3.7469360502372973,3.2944628548340904,4.096020960969754,3.472221917614242,3.5375945487631997,3.8565566481759728,3.3219685488069115,3.7050530721242505,3.613713546025289,3.434531788344772,3.404133604873219,3.7025841079340887,3.7186901810195883,3.425007121006859,3.4159679829732514,2.9685614102800764,3.093825839034277,3.306103758985673,3.0392249637909563,3.505443068181488,3.4603185264458283,3.8720166682151413,3.685367891569605,3.486726692815697,3.167883635577953,4.3344648891446536,3.5402180301796418,3.195353298741341,3.362287091564918,3.3928170163494333,3.6119504834025395,3.484702935206535,4.094082149698079,3.8271956046100115,3.656733257875554,3.366711253086694,3.339224810927165,3.4102275470460457,2.853114612516483,3.14051012816857,3.7933833508506147,3.412798080054182,3.1294541947369603,3.8990422194674026,3.797979999148462,3.73564880533038,3.275619875970716,2.8304948421711904,3.08707460769369,3.301645052119162,3.735820279675239,3.7493164313548517,3.702048813034475,3.45792915412018,3.6534211688580545,3.677260220041406,3.590775440767552,1.6682382314012545,3.2667575952264287,3.31981264611026,3.1222918566859157,3.160717900298624,2.8992522178569313,3.4151617639712697,3.201355425872238,3.5677170695911506,3.268172490537755
3.5938768984101555,3.557607125278123,3.8301793149932637,3.5716253705546834,3.478167831510906,3.5919754749053188,3.2301659239664366,3.4106367544225695,3.3600007593299597,3.545324330415037,3.6278831020538678,3.2001354434221803,3.764615836177795,3.7213173241645463,3.9971901550504345,3.319339372482845,3.609463812572055,3.60041952352417,3.81766757324277,4.373790749540444,3.934666636062437,3.786507273225997,3.933927235654189,4.095719144023325,3.4381696716962287,3.2686300806579296,3.160846176277384,3.406203961728716,3.928186020591457,3.737343185608007,3.697824121627031,4.13883852364152,3.4229949644088395,3.2177451766844483,3.313737492977716,4.181657745475705,3.8471756439001688,3.8739198415632976,4.0185881860974595,3.745484184173539,3.7602737028932878,3.2547226508825378,3.5160596876287826,3.465572266753071,3.710559069384423,3.5800791961972793,3.953011987813973,3.184624892749192,3.337521633721163,3.6441033752722434,3.6545237810469944,3.2290058044095833,3.5631752163821124,3.3090883603381744,3.719345486014133,3.836224824588574,3.293542324537354,3.5823994180543375,3.9183903778721922,3.9569525470118907,3.907349856733822,3.677214184326387,3.541210780537642,4.20293390208596,3.653303080862656,3.893033153305404,3.6000269984468622,3.2514370728890527,3.8408983627557216,3.216740812641845,3.5007534779098064,3.2289148127593963,3.3203343251949953,4.078095986551911,3.7581734899576973,3.5026835456527405,3.578476780738408,3.8033997638568744,3.414575813945112,3.7229715022289636,3.4983082395853247,3.4875898884545884,3.7126063652071273,3.4647891249134637,3.408127671233587,3.561017735638682,3.930549225541099,4.268506378748089,3.3323844478228084,3.2273695158335713,3.2667575952264287,1.7461815218825194,3.3380593717180025,3.5954392668778046,3.9561558410573907,3.666349384535943,3.7399464535540448,3.5552700020025476,3.855483960933899,3.833071566847848
4.004889101451996,3.4588568934235275,4.2275959745633465,3.564142621765749,3.473717415383347,4.35261952089881,3.635338379952829,3.5041456323412747,3.5638902503742305,3.626970694359419,3.734895801062697,4.287712651322498,3.915089787718398,3.6750653158007864,3.9339868789036254,3.3856980021301766,3.6369213617497804,3.9192517314347914,3.7659399852344047,4.209566781917316,4.151878678618288,3.5105329235939857,3.786349648589297,4.305028421928633,3.768200113421643,3.1075506471737744,3.4896039869260598,3.4861725503057293,3.6943084589576074,3.308256446160801,3.280765218672959,3.8387463096008463,3.5670350709330547,3.867850225896395,3.595952203799669,3.959637117910527,3.581256635373673,3.931922308088988,3.7138631017401917,3.2846110698774025,3.8494515639301783,3.7801733795613908,3.6496730443170833,3.3467278554049598,3.7785038420351924,3.793356970461848,3.8027177081558685,2.812513270736197,3.259148725945667,3.6495356526834026,3.5985852042022732,3.53695876358017,3.4877954485106533,3.2207610940606344,3.933315277740482,4.006531893400244,3.623083022205856,3.5743163591764726,3.8293008638569077,3.9360065324385003,3.7921932401204157,3.7142505677543625,3.104252512846124,4.057766877481089,4.038139384221848,3.703775252426361,3.494077048721594,3.4492978137319783,3.7221719411108536,3.3656280946533617,3.788813711316092,3.3470159391407144,3.2794712186483514,3.4996428344906323,3.5190654804432917,3.320571969440746,3.556967244075932,3.7788750536111553,3.4395784862611065,4.1129851189734445,3.412545189338096,3.3662181619506986,3.4577461023803977,3.5116034480560754,3.29077341100016,3.6799107728095444,3.917120438191334,4.2142540765462115,3.3446624572576504,3.0356474195328316,3.31981264611026,3.3380593717180025,1.6941412695557068,3.8667102754591025,3.746537059019742,3.9450855001701366,4.048031935747771,3.6565815978097174,3.3907925100725094,3.666370935759872
3.6777371061642747,3.4361504018416964,4.118430535676313,3.59707286651714,3.264381453227709,3.914332202067052,3.453856976870163,3.2750693443739873,3.746176691909303,3.6325124544021983,4.062025560879607,4.073681937306746,4.151710837351002,3.995873186265584,4.191041288890726,3.472861607288244,4.023986334369334,3.834476588415773,3.864751629181417,4.347030640916852,4.039162627990337,3.81330617060665,4.031144275936919,4.009193674766329,4.049640747974215,3.1460186464440025,3.609928794892636,3.827365439913261,3.555773394923632,3.731984285316297,3.419291933963549,4.007353877299694,3.6007825434136764,3.984521177527856,3.5367014908728778,4.21816968459169,4.153099223721797,3.836665985446836,3.8734993922772842,3.3141184896508356,3.674760291143591,3.3343850740397745,3.8429107675591103,3.0098331352880967,3.6140588849940136,3.974678100058896,3.6518803731008482,3.134087440673029,3.0321521623752434,3.409692717349011,3.8056921877812857,3.5994817079238786,3.8658192548316057,4.023392880651914,3.738721493828809,4.177672499238591,3.728029155588375,3.505271595429631,4.173943338562464,3.7276210145717004,4.236071625533852,3.4212973593730616,3.7989735161010163,4.003426804282257,4.08380207221516,4.198983099971625,3.8855346156336386,3.8624784746563687,3.8081291731654647,3.4303145666298165,3.789744744352102,3.227939632235125,3.501221407618939,4.044928468615215,3.425680092945481,3.208431962792116,3.8884023559960905,4.071721755550318,3.7706469635911355,4.12404457666826,3.0177851292805498,3.4378020851820814,3.869943649475217,3.973700403228982,3.686247920990512,4.032124935934337,4.345407110971693,4.333940267578697,3.786243874240387,3.4716435761732183,3.1222918566859157,3.5954392668778046,3.8667102754591025,1.6981785722562106,4.001404009259825,3.3909735147740787,4.150722822017388,3.9369031390793063,4.096694540126609,3.8220059831999342
3.431047342300079,3.4997116125772765,3.779823186451794,3.351722418326455,3.55251643273094,3.8669229319450653,3.488352070759348,3.47267448881855,3.5272655901774437,3.6948808240744233,3.7217137053772786,4.34836031509813,3.9738867176908714,4.077794132594244,4.055302452529777,3.0183050204020283,4.183065264327652,3.5365033670385873,3.624735663878722,3.498026946383259,4.080283732735058,3.4073034077430906,3.8474633746752276,3.571886130731679,4.011684027041089,2.7934365480541863,2.806949700862079,3.5959280282680997,3.7342533034401746,3.2691245379049434,3.41191562673317,3.5839180390794843,3.715937722108042,3.7291676975454826,3.3347179238094533,4.277560434460056,3.8402151281118178,3.9769923817869266,3.472012063942728,3.3930269353060694,3.3943541995032263,3.2476716571579307,3.4655899973421,3.1395125583729504,3.73081661709929,3.553803953343425,3.7879394750972595,2.968832710799351,2.703962746849633,3.0614543869963073,3.042686342300549,3.1378896989560965,3.707237353505978,3.8833024679190613,4.16278537939959,3.9756584693078856,3.447975137548241,3.237071749329422,4.094944130362894,3.8749025005935236,4.208377396266804,3.1755969889015425,3.2397429398957938,4.088055392423298,3.488068510977475,4.26989821911285,3.523783943530635,3.563472830030239,4.4109451438059,3.5815753577286356,3.243275332476139,2.6371134296091565,2.992178607007275,4.126990004673916,3.392208859943149,3.0002517125744927,3.857575853320176,3.2828790145177678,3.5303388813056866,4.185132256798553,2.856179614362234,3.079736069162954,3.916027156917374,3.6946961237803793,2.8795471021789463,3.55598702608966,3.7923401217800166,3.61850692098436,3.542328333009746,3.01465226407296,3.160717900298624,3.9561558410573907,3.746537059019742,4.001404009259825,1.5731860249256358,2.985937964613094,3.4712000650477233,2.784374875240912,2.6383144316211617,3.0836225545973788
3.835754144428882,3.4190781292123735,3.6304832316354916,2.9129912010010313,3.2175858135406417,3.6850372916778205,3.243691387378621,3.2084227062608135,3.5637211116765473,3.8455313933681885,4.075220673651203,4.430594767401064,3.8961639568008435,3.844029454251901,4.09455675568762,3.205485899199248,3.9185540766211533,3.9283430436493636,3.745735840981715,3.948985537506899,4.254721251340399,3.3486842970876207,4.220792078460761,3.9269856401698,3.6042908486972918,3.078787259347549,3.4860602388592383,3.7505540660275933,3.5206858788990534,3.4420791341283272,2.6337008185998223,3.581205562378937,3.6277291709077524,3.6986545930253247,2.963781201764257,4.014962647209322,4.566001220610967,3.885278071546112,3.7205980277913406,3.527964250351982,3.53701983238542,3.1145526843295626,3.255422272487088,2.1614516054947055,3.6098179094321354,3.987107843199394,3.6510930356095512,3.1100575180921806,2.9616952580228975,3.3441219480244357,3.5409011561991686,3.2768603171308377,3.6356311674661055,3.287569795637343,3.7182707151370216,3.7388711942132082,3.54508411444225,3.1080490553059104,3.890993116744829,4.0363466691081555,4.564468525342254,3.2180144299151565,3.4676594869353026,3.83015003235222,3.8649932887116782,4.280200863779291,3.6158246763109596,3.6666717628820193,3.9749873820145267,3.551657845926012,3.6133298880034257,2.9886183277611162,3.1132092820483996,4.001785544792585,3.652499526934626,3.236513967103466,3.8347901719823807,3.875006348862195,3.1276680283740137,4.100773280256493,3.0637931181123785,3.0312846234646638,3.4964655348851177,3.857370478266535,3.6468951728406958,3.8860692530806733,4.191235642081504,3.7818410026915124,3.50004608042766,3.0816871172124722,2.8992522178569313,3.666349384535943,3.9450855001701366,3.3909735147740787,2.985937964613094,1.7453699410600148,3.107563386511538,2.731401902909916,3.023812916459953,2.6095341376330308
3.9430534537171718,3.439172387650175,3.59953198890405,3.1669554792136454,3.613415987524326,3.6879764348794577,3.662755869334296,3.314381541313513,3.5401231343991633,3.706832789763981,4.079385877963071,4.054695565837038,4.186360675142277,4.138316679623158,3.899415427100276,3.3987213242497356,3.8654844007850317,3.8933655845708692,4.096618980276414,4.2762276296092505,3.9583709898873822,3.8977879973635168,3.821182545414981,3.8068585102637447,3.9477426616104068,3.40640022684563,3.443868437826216,3.3822403344178604,3.861943089452789,3.5191800413299474,3.679960876108506,3.738264131208495,3.6066470883514854,3.812380373411898,3.4878756656061576,3.837340847147855,3.5439755898134635,3.672672310781055,3.8790537925448505,3.6495374035743358,3.527490938118907,3.9538227268463726,3.5349005006095595,3.329891172086266,3.5859938825622697,3.579975425079763,3.89810205892688,3.2783692883788045,3.3224794675077107,3.39545545525034,3.7918813925863337,3.3274540999325763,3.6497621171229544,3.5110925416986727,3.7436781318555297,4.383777395708185,3.74142860652207,3.5642644424240477,3.9436581493120113,4.244720364768743,4.140921504633493,3.699759510450009,3.7804901356465095,4.190193689547851,3.736648204664739,3.968536841226798,3.7977453529421923,3.6967577209724554,3.7434726066308452,3.509884325197294,3.689466679899669,3.380548386910945,3.309667085423783,4.204716505519906,3.841425824326404,4.0545852215759695,3.702525311684938,3.559548209182423,3.6228629645848653,4.025570320907272,3.645530284625867,3.3764145058431874,3.3523395549949937,3.640664394280685,3.5020666133919076,3.7028495158832992,3.5568791549085086,3.3950038255794097,3.6959014645845705,3.443133298661452,3.4151617639712697,3.7399464535540448,4.048031935747771,4.150722822017388,3.4712000650477233,3.107563386511538,1.9275390893631872,3.3680133756987387,3.7055088941439687,3.5723238982730656
3.7417035678467454,3.0391870651776434,3.8680000080772428,3.336557838227544,3.399894270593309,3.666872408011224,3.366267499155024,3.1982438887728244,3.2491420106133253,3.903670581774774,3.4723363883065144,4.141159102119052,4.04690271734604,3.9225511964751805,3.994227712014932,3.42332569225416,4.076826408887075,3.8602597326794386,3.7207142710417385,4.156156847382683,4.215293635336901,3.680578941220338,4.04818728328802,3.8994875646349727,3.612414137230565,2.9931820025899176,3.1591027175164124,4.029377612911922,3.7951767999264483,3.0580887709194107,3.0789388652492966,3.427356682485839,3.798147713462814,3.133300714680352,3.2068197262028972,3.9393093224560487,3.631281235276259,3.573415461479511,3.5931196172565865,3.6225358235477176,3.536402866485009,3.6157413418288833,3.243869010306742,3.285564585633368,3.670472903616446,3.576091862302113,3.406253374441907,2.6007698040983147,2.7701255917371967,2.9303495697752338,3.319369648936349,2.7672203451770834,3.374262847529074,3.3057484553474907,3.4406693346817283,4.035417399826318,3.1446755762651986,3.0091592970750534,4.473394424236426,3.6854253044874477,4.107254427335698,3.4736256585364593,2.958323184334194,3.9029069652022743,3.730059828590188,4.352977153798198,3.3598626356028096,3.2578989692293643,4.129612565156743,3.260623304419649,3.271044886709659,2.9366946127602462,3.1203952018202923,3.6689920089156027,3.5258095689161038,3.282998322476857,3.544216298410536,3.7741046591286613,3.610590513437419,3.7675450700576647,2.7532547110308268,2.447199908631629,3.3365205180201545,3.3640356042451574,3.5733960332114094,3.5167463886031145,3.099053447308304,3.6880543491530893,3.2151928035078163,3.278928577131192,3.201355425872238,3.5552700020025476,3.6565815978097174,3.9369031390793063,2.784374875240912,2.731401902909916,3.3680133756987387,1.607666849745017,2.958969408640359,2.514861465827657
3.7473803515855244,3.298307368515706,3.7541163856007915,3.4718911216785817,3.4499071083804007,3.9408395081322323,3.4601669930986567,3.478916421873749,3.4194949435965074,3.794425900727618,3.2952016660689885,4.325709660988311,3.8376631494486424,3.9645497151610662,4.194857050480721,3.405581949263626,3.876532044732801,3.9189075041089936,3.550977153757993,3.23717899943785,4.315977728237338,2.966692291769165,3.986438585117742,3.6775229476219025,4.132966097778403,3.0277947710333666,3.130219863362722,3.739766646445084,3.6303491117903883,3.2016907235241856,3.477136081296271,3.3304292184704494,3.574758760484318,3.7202413478398215,3.628947412312349,4.114168816189307,3.9514100373399326,3.920977888703479,3.5390455068848232,3.1616651519376684,3.497899087316056,3.475598305383525,3.1068237703707275,3.3924376228337274,4.398473624169002,3.682388316724314,3.6893700051016567,3.0234130663014023,2.2816210775271717,2.984141440868345,2.863585243222942,3.2786893804041046,3.562743368555621,3.5323869486881345,3.9212040762302993,3.8661314203239034,3.358207637759132,3.2044590771178942,4.463122961281865,3.6099748180785793,4.1579152605030805,3.295639105098693,2.9970540557293774,3.9551219192150437,3.8264999460774995,4.3809206714809354,3.095258997931174,3.1445290393730487,4.2168426359900035,3.4699186733488285,3.2982531460333133,2.826688906616214,2.9047540157583804,4.035463439187143,3.173024573891218,3.095153771924911,3.3317403103777923,3.4311396401541754,3.516683122325193,3.9913091437697332,3.100318632154209,3.0907815443387596,3.940352330886498,3.9231049536908222,3.313969772382379,3.8709123973197688,3.93183655508409,3.9955283250204,2.8986687397186026,3.4441477316471074,3.5677170695911506,3.855483960933899,3.3907925100725094,4.096694540126609,2.6383144316211617,3.023812916459953,3.7055088941439687,2.958969408640359,1.8239557703538885,2.4761616137800684
3.8265177003233912,3.2263586139178897,3.695038161111141,3.318914731051818,3.1132194705929894,3.541961713442387,3.3061684270992786,3.193732809187111,3.340011934183616,3.649380052273823,3.5822650207004174,4.321470920273925,4.3853130233545565,3.900366842484688,4.23956105608715,3.510139974107219,3.941628268832709,3.7034192848235543,3.7587035262018365,3.8737725323665857,4.13381308541499,3.6740163995302564,4.051951751429296,3.247219886377965,3.851484210824912,3.0199175512526972,3.2434631815064354,3.776083004468121,3.539807363870666,2.9896335661579787,3.3895730032325653,3.39924447801619,3.800726410631787,3.414030874477648,3.400747185280368,3.7703492737432187,4.018082656358248,3.7524301764765644,3.4329644843612024,3.092701481531945,3.1785065287243244,3.875674631883985,3.2623153383421695,3.280748868484593,3.747728632599755,3.535597691007337,4.097339886591112,2.453173263841294,2.4591535195997323,2.043624676069489,3.0601258847289037,2.908389160678134,3.4239210306558543,3.220031491098077,3.503282582061626,3.929849932588736,3.1735734933710074,2.8053345297840884,3.988976838669873,3.43361275283902,4.08655394034985,3.365672053021782,3.117509083721448,3.6965214121909264,3.741095714750348,4.266009159048557,3.5897152549174587,3.410926312986896,4.126568991556869,3.3633675553090465,3.4132067491158398,2.707065792121862,3.0083725481195263,3.7368873408180456,2.8593095870726053,3.1910883757842026,3.980226476074241,3.5112932010877875,3.5133794702818943,3.8187299532215695,2.537486530338398,2.5438944712324623,3.827178768243636,3.4827443855638927,3.3908924631114474,3.743229152081126,3.577582979375693,4.000470438779553,3.2942171304153067,3.0783233884471026,3.268172490537755,3.833071566847848,3.666370935759872,3.8220059831999342,3.0836225545973788,2.6095341376330308,3.5723238982730656,2.514861465827657,2.4761616137800684,1.6520282938016766
