0,1,2,3,4,5,6,7,8,9,10,11,12,13,14,15,16,17,18,19,20,21,22,23,24,25,26,27,28,29,30,31,32,33,34,35,36,37,38,39,40,41,42,43,44,45,46,47,48,49,50,51,52,53,54,55,56,57,58,59,60,61,62,63,64,65,66,67,68,69,70,71,72,73,74,75,76,77,78,79,80,81,82,83,84,85,86,87,88,89,90,91,92,93,94,95,96,97,98,99
0.90178674,0.8385538,0.70344335,0.82849514,0.8074617,0.6597948,0.7194616,0.74428445,0.6193379,0.3942051,0.2820669,0.18684325,0.116475254,-0.11168608,0.017706726,0.8156385,-0.15277204,0.78701615,0.083281666,0.3924865,0.3700522,0.0079838205,0.28831726,0.3009301,0.29624075,0.26222533,-0.675556,-0.413911,0.30099472,0.10550899,-0.3130732,0.6721139,0.2282311,0.09059809,-0.5991076,0.53470314,-0.08155969,0.088656634,0.45362544,0.4603178,-0.5879824,0.31321645,-0.3939945,-0.51675224,-0.65851396,-0.63479376,-0.587686,-0.6470494,0.7367284,-0.32716852,0.86405003,0.7874397,0.8556403,0.82025594,0.69700766,0.64997184,0.8094394,0.6457747,0.3965434,-0.0038458891,0.13265371,0.072473854,0.24912864,-0.2586606,0.018686105,0.030335383,0.80962807,-0.17516539,0.4885828,0.7057519,0.32040173,0.19112808,0.36502242,0.49722874,0.17587397,0.27211672,0.32265747,0.21550922,-0.34939283,0.76460135,0.027004676,-0.48068973,-0.5295159,-0.17032225,-0.1641132,-0.3693851,0.26462108,-0.5607722,0.48642403,-0.58434665,0.13205475,0.71471727,0.44059223,-0.10661318,0.25819302,-0.5816871,-0.69668937,-0.710168,0.7948642,0.4749362
0.8385538,0.97488415,0.91528994,0.8575481,0.8839967,0.8818844,0.9036174,0.9399859,0.855341,0.32010746,0.14391403,0.06533342,-0.05833756,-0.21275164,-0.056064494,0.9126303,-0.20199737,0.8706826,0.07149443,0.49938235,0.42350197,-0.13279206,0.2226496,0.31736958,0.16680767,0.15783565,-0.5974566,-0.41095382,0.36097097,0.03892632,-0.5107501,0.57043463,0.21923786,0.14200105,-0.6790519,0.7000642,0.045320693,0.058870453,0.37228942,0.46153277,-0.56201065,0.07255905,-0.5861596,-0.6005399,-0.6717912,-0.63764954,-0.58174515,-0.6549861,0.814155,-0.2574577,0.87138283,0.95707893,0.9474988,0.8467754,0.89811766,0.88052464,0.948015,0.86844504,0.2952727,-0.1726944,-0.0020299684,-0.08896653,0.26039678,-0.34198585,0.023651404,-0.008929923,0.9063952,-0.2441658,0.5451012,0.7440294,0.39139223,0.09391244,0.31760168,0.5493975,0.15142743,0.16039404,0.37866658,0.1868554,-0.5286695,0.7712809,0.07456584,-0.4835862,-0.5802567,-0.2556186,-0.051908664,-0.41250736,0.34258288,-0.5974045,0.585907,-0.48916405,0.11129309,0.6489967,0.42209113,-0.35151586,0.08808808,-0.70582175,-0.70622814,-0.7367069,0.867877,0.5844143
0.70344335,0.91528994,0.9720164,0.7205223,0.7960553,0.9586568,0.92136335,0.9465058,0.9376519,0.21820521,0.023554027,-0.05035119,-0.16072981,-0.2965532,-0.14541112,0.8206105,-0.28172272,0.7724242,-0.02115772,0.46111017,0.3411935,-0.24449338,0.08505732,0.2425996,0.049588043,0.04174751,-0.45864558,-0.38780308,0.30555654,-0.040054094,-0.4998574,0.4918406,0.2089686,0.13081312,-0.6135087,0.7147248,0.12593779,0.123008765,0.30586037,0.39169222,-0.4331059,-0.06610263,-0.5796082,-0.52991515,-0.5667528,-0.5233118,-0.4606919,-0.54913914,0.7529943,-0.11204367,0.77893174,0.9388319,0.8582713,0.71920246,0.95593095,0.947489,0.89393455,0.9305738,0.18471432,-0.2925778,-0.1192165,-0.20349371,0.18554829,-0.41354737,-0.04525327,-0.0934151,0.8434526,-0.33584517,0.45510042,0.6234944,0.3350491,-0.03619285,0.17310387,0.49182287,0.060720287,0.04392281,0.32192332,0.09537241,-0.49799007,0.7135513,0.059056573,-0.36968437,-0.48204154,-0.24560317,-0.001801955,-0.34306782,0.33630395,-0.4995032,0.56467605,-0.31074464,0.17025393,0.5607647,0.35505593,-0.4023056,-0.052560218,-0.6509582,-0.5826184,-0.622401,0.7949092,0.59656155
0.82849514,0.8575481,0.7205223,0.9411539,0.88524914,0.6699577,0.7287823,0.76039314,0.6280956,0.315606,0.17031482,0.10602641,-0.0019165361,-0.17031446,-0.040008232,0.89921355,-0.13766508,0.8639792,0.17003402,0.4327534,0.399554,0.083975956,0.34579146,0.28311628,0.18878774,0.22546497,-0.6223239,-0.4320984,0.29833698,0.101839185,-0.45449078,0.58087695,0.32423514,0.25826854,-0.540598,0.5390396,-0.08983688,0.06180072,0.456106,0.43075088,-0.54184777,0.22523765,-0.41061682,-0.57619154,-0.6408237,-0.6148036,-0.54461974,-0.62513334,0.73399144,-0.3524943,0.83811337,0.8035541,0.9085381,0.91798097,0.69536984,0.6669718,0.839221,0.6414491,0.31121343,-0.10594353,0.049364947,-0.033211455,0.21269652,-0.27657205,0.014988908,0.0024408915,0.82277215,-0.16407244,0.5965338,0.8090174,0.33437812,0.25195536,0.42969984,0.4688195,0.14111005,0.21501505,0.324103,0.20642662,-0.49331337,0.6815304,0.059421703,-0.3967565,-0.48762542,-0.06583207,-0.14170875,-0.2680886,0.24695286,-0.5130089,0.4937873,-0.56956565,0.10784587,0.60307467,0.40092516,-0.23402786,0.23422143,-0.6411584,-0.6737766,-0.6748177,0.8091576,0.45255798
0.8074617,0.8839967,0.7960553,0.88524914,0.9207956,0.751704,0.7754079,0.8147754,0.70932305,0.22186218,0.048367053,-0.0063117817,-0.097298086,-0.2381818,-0.10470036,0.8876293,-0.19643152,0.8417563,0.11942577,0.46337163,0.37755662,-0.040767103,0.25883824,0.22479275,0.058786202,0.09225419,-0.50536275,-0.40784085,0.28299057,-0.0011981048,-0.48027503,0.5310205,0.33866706,0.24602619,-0.52528924,0.59190226,0.012736316,0.072248444,0.34458172,0.3464499,-0.45189214,0.05358659,-0.47144234,-0.50847065,-0.5724158,-0.53842026,-0.4719879,-0.5369264,0.7787651,-0.19989556,0.82613677,0.84566134,0.9001874,0.89020014,0.7610892,0.7422366,0.8612654,0.72037655,0.20315531,-0.21108566,-0.050193794,-0.099610746,0.16706538,-0.32578176,-0.009982932,-0.053699955,0.8313048,-0.2185005,0.5500899,0.7608541,0.33293927,0.13976234,0.3486237,0.4355717,0.07917707,0.08618366,0.3035622,0.12857902,-0.5077668,0.6616039,0.02468494,-0.347816,-0.46806407,-0.11876209,-0.09476933,-0.25705913,0.26341498,-0.49314952,0.522784,-0.45755917,0.10295742,0.5321127,0.31563234,-0.3621927,0.075202115,-0.59989625,-0.60975707,-0.60848176,0.8281758,0.52925825
0.6597948,0.8818844,0.9586568,0.6699577,0.751704,0.9734205,0.92134166,0.93043685,0.9555782,0.23063022,0.030432064,-0.03338562,-0.15421836,-0.2534063,-0.10401495,0.7659179,-0.24492952,0.7258941,-0.013163855,0.49108988,0.36619258,-0.28085563,0.07981139,0.272428,0.054534305,0.039297517,-0.4226069,-0.32488197,0.3436493,-0.025823552,-0.5112367,0.42557716,0.13669963,0.10104972,-0.6354161,0.74270284,0.18717769,0.07016823,0.2541087,0.3938862,-0.43814743,-0.12963358,-0.62979114,-0.52770215,-0.5645145,-0.5221747,-0.46774387,-0.538052,0.7393085,-0.096514955,0.7223849,0.9106945,0.8068945,0.6669724,0.95664275,0.9595886,0.8551408,0.9478797,0.19052139,-0.27121454,-0.102231026,-0.19265102,0.22104092,-0.37440655,0.0021720696,-0.04798141,0.81892955,-0.30633718,0.43780178,0.57356244,0.371769,-0.056593567,0.16124457,0.51430005,0.09944211,0.046850547,0.3602383,0.12298542,-0.50325197,0.6786058,0.09517405,-0.39810818,-0.5040515,-0.29974416,0.062272143,-0.38371074,0.3738917,-0.4949571,0.58701205,-0.27775198,0.12193255,0.52247673,0.35707694,-0.4390301,-0.08753126,-0.64735115,-0.57875454,-0.61414534,0.77318764,0.6144963
0.7194616,0.9036174,0.92136335,0.7287823,0.7754079,0.92134166,0.9684454,0.9209976,0.9213824,0.43236923,0.21955557,0.1527541,-0.042148866,-0.12844008,0.043154214,0.82012224,-0.12305766,0.80586517,0.122559085,0.60217404,0.5162418,-0.11722699,0.25901648,0.46369064,0.26093572,0.26216254,-0.5531865,-0.26788116,0.49736273,0.17663555,-0.6076177,0.43801457,0.07579109,0.20952174,-0.73998153,0.82442766,0.21154809,-0.015124265,0.41888517,0.5953394,-0.6202898,0.019718952,-0.68434155,-0.70359415,-0.7415178,-0.70698524,-0.65079606,-0.7220607,0.78331244,-0.2894185,0.74890196,0.9012339,0.85785294,0.71021956,0.9328728,0.9336867,0.8694822,0.9228134,0.3926516,-0.13849904,0.042126335,-0.13492891,0.3331508,-0.32626873,0.10130171,0.09421933,0.9014186,-0.22195461,0.60151154,0.6887057,0.505884,0.13024023,0.3251317,0.6834804,0.2629859,0.26464266,0.5093652,0.32092464,-0.6046089,0.7200893,0.275828,-0.48710755,-0.58771896,-0.24046919,0.15355083,-0.41321862,0.51382816,-0.4981581,0.7115632,-0.3890043,0.091976546,0.61329937,0.5606842,-0.3715809,0.14162181,-0.79414105,-0.73055553,-0.74857354,0.85031164,0.67692244
0.74428445,0.9399859,0.9465058,0.76039314,0.8147754,0.93043685,0.9209976,0.974111,0.91487396,0.25802308,0.07143405,-0.0027199145,-0.12112871,-0.26176068,-0.10632217,0.85587263,-0.24971712,0.8100823,0.0037090206,0.46607682,0.37133798,-0.21826716,0.13441937,0.27070385,0.10032137,0.0837827,-0.5207169,-0.3999939,0.3290084,-0.011917524,-0.49210185,0.5207591,0.19275592,0.09693168,-0.6509038,0.70136523,0.07815963,0.09583833,0.32275242,0.41731942,-0.4897133,-0.0119688865,-0.5884779,-0.5587824,-0.60824645,-0.56777966,-0.5097587,-0.59247446,0.7594631,-0.1752095,0.8079898,0.96075237,0.8925618,0.7516318,0.9341271,0.9315318,0.9350054,0.9205456,0.22994915,-0.23688251,-0.067985065,-0.15505712,0.23640816,-0.3679964,-0.00793943,-0.048693195,0.8632428,-0.29413888,0.47555447,0.65806305,0.3557092,0.0007680196,0.22358164,0.5137637,0.10302864,0.087554894,0.34718955,0.13269475,-0.49889618,0.7430308,0.052002847,-0.44071048,-0.53756297,-0.2825043,-0.028111385,-0.39920384,0.32428354,-0.56468654,0.55708456,-0.39044964,0.13621971,0.5998142,0.37716037,-0.37634528,-0.008886365,-0.678537,-0.63398564,-0.6802069,0.8076739,0.5703634
0.6193379,0.855341,0.9376519,0.6280956,0.70932305,0.9555782,0.9213824,0.91487396,0.9722289,0.27146775,0.06737772,0.014761861,-0.12759726,-0.19720994,-0.045928888,0.7313144,-0.18952921,0.69500995,0.017407175,0.5236594,0.405276,-0.27628836,0.101052314,0.32495707,0.099293455,0.07673445,-0.39989564,-0.25355935,0.39687836,0.02366809,-0.5245068,0.37924302,0.06988135,0.09378353,-0.6596163,0.7698759,0.23906398,0.027569862,0.24607772,0.42904252,-0.45988935,-0.14328805,-0.6652841,-0.54237056,-0.5798962,-0.5391794,-0.4943713,-0.55206436,0.7199819,-0.103319965,0.6756804,0.882072,0.77297235,0.6216757,0.9438935,0.96282864,0.8220688,0.9571647,0.22903542,-0.2288914,-0.06439125,-0.17844802,0.2733573,-0.3258075,0.058367528,0.014198943,0.8047889,-0.2596026,0.44779038,0.54464865,0.4183781,-0.038214467,0.17672,0.55498093,0.15874648,0.08650097,0.40936032,0.17734864,-0.5159784,0.66174465,0.15406688,-0.42260242,-0.52559835,-0.32795078,0.13288552,-0.41187188,0.4241534,-0.4802824,0.6152015,-0.25959945,0.094501674,0.50545514,0.39120597,-0.44032228,-0.0681296,-0.66388977,-0.5863282,-0.62104213,0.7527465,0.63322616
0.3942051,0.32010746,0.21820521,0.315606,0.22186218,0.23063022,0.43236923,0.25802308,0.27146775,0.9614503,0.87992847,0.86612487,0.5616846,0.6014724,0.70417666,0.27120936,0.5305284,0.37981072,0.5280793,0.60606897,0.7292763,0.37953353,0.6512499,0.8863057,0.88251424,0.8628709,-0.53928185,0.28939113,0.76858115,0.7680621,-0.42878813,0.033981845,-0.48420644,0.22905983,-0.66336566,0.58250415,0.2772958,-0.4842553,0.441394,0.8603836,-0.8422551,0.34682286,-0.52064985,-0.68472123,-0.81158245,-0.8287811,-0.86139125,-0.7855028,0.41857046,-0.6706108,0.21396823,0.23117507,0.3212142,0.25627363,0.29224694,0.29181916,0.2508825,0.3022697,0.9452675,0.6270812,0.70692885,0.3962378,0.63475704,0.24017143,0.54246306,0.67391735,0.5186418,0.37333447,0.61016613,0.41660774,0.7049166,0.6118237,0.62236464,0.85568225,0.81968164,0.90973055,0.76259077,0.8535782,-0.4590611,0.31215507,0.70115995,-0.648906,-0.6219762,-0.16494654,0.4246547,-0.48142642,0.6842484,-0.2662725,0.6525934,-0.49521834,-0.30864677,0.4253604,0.84599,0.004382817,0.72048706,-0.64095414,-0.76546705,-0.7064705,0.4977533,0.44978306
0.2820669,0.14391403,0.023554027,0.17031482,0.048367053,0.030432064,0.21955557,0.07143405,0.06737772,0.87992847,0.9203702,0.88141835,0.64411944,0.61244,0.67668426,0.09749748,0.5129053,0.2025672,0.4278949,0.36962813,0.5349848,0.40590888,0.55787003,0.7394956,0.88761854,0.84365344,-0.50220984,0.2740007,0.5810238,0.7184633,-0.20668456,0.018996922,-0.4854262,0.10712443,-0.48789942,0.33601832,0.111014426,-0.4132164,0.40678746,0.737445,-0.7223794,0.47334373,-0.28499532,-0.5091398,-0.6422702,-0.6732609,-0.7124723,-0.6442545,0.22021085,-0.65440154,0.0938967,0.054925077,0.14718711,0.105897866,0.09541301,0.08769907,0.083657056,0.09448171,0.9066403,0.7222581,0.75822675,0.4952957,0.5592296,0.30872816,0.45907706,0.61353433,0.31279597,0.39191753,0.4178693,0.24852188,0.50608593,0.56971073,0.5154908,0.6732801,0.7297568,0.8982928,0.5744039,0.7503532,-0.24473047,0.20230937,0.5532812,-0.56866956,-0.48383212,-0.10007938,0.26794323,-0.40874267,0.4924696,-0.18878904,0.41905028,-0.47557643,-0.28710216,0.37972772,0.72945225,0.20996591,0.7375417,-0.4441278,-0.6140375,-0.5739052,0.29559457,0.21879724
0.18684325,0.06533342,-0.05035119,0.10602641,-0.0063117817,-0.03338562,0.1527541,-0.0027199145,0.014761861,0.86612487,0.88141835,0.95981175,0.708349,0.74556804,0.7955693,0.022792384,0.71602243,0.16925168,0.6067475,0.46265513,0.6439573,0.48298657,0.67375094,0.795804,0.84111464,0.8386002,-0.39461046,0.44019336,0.66255045,0.7835586,-0.2860238,-0.17839977,-0.61465645,0.18271424,-0.4680853,0.3402948,0.20889938,-0.62764716,0.23084171,0.6746548,-0.70684385,0.30513042,-0.36555248,-0.484034,-0.63056743,-0.64957273,-0.71065223,-0.58521086,0.22333625,-0.65242887,-0.042352572,-0.027902583,0.0716394,0.044796005,0.019830238,0.03752654,0.0065434687,0.049214505,0.8950999,0.8412938,0.8756206,0.6155927,0.6755856,0.50484484,0.6529012,0.7692354,0.2715069,0.6145215,0.47318566,0.23470311,0.6070467,0.66518986,0.63510716,0.66832113,0.8535309,0.90615165,0.6573014,0.82804596,-0.34427398,0.041975453,0.6176202,-0.6072595,-0.54492867,-0.1575265,0.35408753,-0.45546126,0.52214885,-0.19225782,0.42813444,-0.5012561,-0.51984686,0.18749818,0.6638584,0.040397804,0.70397973,-0.4255674,-0.6070751,-0.5466295,0.27031395,0.21182513
0.116475254,-0.05833756,-0.16072981,-0.0019165361,-0.097298086,-0.15421836,-0.042148866,-0.12112871,-0.12759726,0.5616846,0.64411944,0.708349,0.79931444,0.5882645,0.5800861,-0.09326466,0.5630249,0.025304899,0.4350838,0.193398,0.35195678,0.4137799,0.46612403,0.46238506,0.57651126,0.57364243,-0.23621367,0.34488386,0.34706265,0.52848315,-0.024782682,-0.15754384,-0.44033414,0.095771834,-0.18826623,0.07430428,0.06788595,-0.46915287,0.07161658,0.35699922,-0.41725543,0.2767958,-0.09921875,-0.17081663,-0.33096945,-0.35166818,-0.4072616,-0.2885646,0.08404262,-0.4271258,-0.10640735,-0.12682292,-0.060810827,-0.05182659,-0.118363515,-0.105662584,-0.09609401,-0.10750625,0.61053497,0.73382044,0.7451011,0.71101046,0.4620204,0.46996206,0.4549354,0.53685653,0.0768465,0.53650784,0.22544166,0.081848875,0.31012785,0.5016738,0.44398403,0.33645803,0.57703304,0.6323238,0.34760302,0.52258384,-0.092451066,-0.071366586,0.3106867,-0.38930267,-0.32069358,-0.065505765,0.12195802,-0.28951493,0.24295846,-0.083306044,0.15350547,-0.4035272,-0.45400155,0.04803803,0.3387913,0.11976123,0.5003833,-0.12076083,-0.3512429,-0.29460385,0.092986606,0.01495485
-0.11168608,-0.21275164,-0.2965532,-0.17031446,-0.2381818,-0.2534063,-0.12844008,-0.26176068,-0.19720994,0.6014724,0.61244,0.74556804,0.5882645,0.89758617,0.8741554,-0.26671618,0.77992034,-0.12851813,0.60117155,0.39933673,0.55908024,0.39130747,0.5639465,0.6399151,0.58506244,0.57387894,0.01218925,0.69427127,0.58793956,0.6953281,-0.12442388,-0.38147432,-0.66773415,0.11914112,-0.2148808,0.17005265,0.3756379,-0.6641103,-0.09375001,0.36274466,-0.39410493,0.034985833,-0.2655685,-0.16389745,-0.30033064,-0.3154295,-0.41445968,-0.21447542,0.025411256,-0.33352238,-0.3182908,-0.29253715,-0.22492848,-0.19822118,-0.22852688,-0.19660491,-0.27647504,-0.1619426,0.6086446,0.71655047,0.7109177,0.55255306,0.5750302,0.61191285,0.7495722,0.8415778,-0.030394847,0.6911726,0.2768924,-0.036998753,0.56296194,0.540902,0.51274794,0.42954513,0.7902047,0.64467347,0.5839745,0.73806274,-0.18245095,-0.2204214,0.57470024,-0.39809003,-0.35841006,-0.17256185,0.4797797,-0.32890174,0.44312286,0.021138398,0.2652281,-0.21094935,-0.58938575,-0.12886721,0.35937518,-0.04128436,0.4424147,-0.11187363,-0.2735499,-0.1965562,0.007214941,0.1097696
0.017706726,-0.056064494,-0.14541112,-0.040008232,-0.10470036,-0.10401495,0.043154214,-0.10632217,-0.045928888,0.70417666,0.67668426,0.7955693,0.5800861,0.8741554,0.92168176,-0.12535813,0.774218,0.013220336,0.6375567,0.5361183,0.68630856,0.36425033,0.6192002,0.7603098,0.6614977,0.64435303,-0.0970847,0.65067995,0.71952534,0.75299823,-0.23627245,-0.3116753,-0.6831144,0.14708136,-0.3847825,0.3397503,0.4280218,-0.68472964,-0.008368031,0.5013236,-0.543321,0.037841357,-0.41715908,-0.32000297,-0.46569335,-0.47118855,-0.56665325,-0.37365496,0.16360734,-0.40842745,-0.19023672,-0.14183334,-0.07573417,-0.07750679,-0.06798771,-0.04315312,-0.13416356,-0.003719668,0.70470035,0.69667006,0.7217452,0.52282757,0.64243865,0.55638087,0.78855217,0.8819022,0.12934986,0.66610587,0.3998744,0.08413766,0.6908363,0.56801736,0.58213323,0.5817555,0.8714657,0.7129266,0.71538055,0.8294307,-0.29788175,-0.086841166,0.6559329,-0.5154952,-0.4910379,-0.24331313,0.54440343,-0.42799366,0.5659045,-0.08596247,0.4211031,-0.28591728,-0.57137215,-0.0004070485,0.4932222,-0.10739419,0.4840116,-0.28483802,-0.43271518,-0.35199207,0.16477826,0.2440379
0.8156385,0.9126303,0.8206105,0.89921355,0.8876293,0.7659179,0.82012224,0.85587263,0.7313144,0.27120936,0.09749748,0.022792384,-0.09326466,-0.26671618,-0.12535813,0.96462345,-0.22378781,0.9211794,0.13207567,0.4443795,0.38193214,0.044168856,0.3050387,0.2562164,0.1262953,0.18307862,-0.6162723,-0.48958123,0.28138596,0.058427654,-0.5196979,0.5800493,0.366122,0.31432253,-0.5445509,0.59314793,-0.084154546,0.100182496,0.4803223,0.42646003,-0.5134257,0.17363897,-0.43448317,-0.617872,-0.6410246,-0.60914385,-0.5218374,-0.6307503,0.752941,-0.32962218,0.85958123,0.87977386,0.9503832,0.88142043,0.7885815,0.767916,0.91490984,0.74361825,0.25669044,-0.21808873,-0.046033017,-0.13540001,0.16412818,-0.37500894,-0.05316285,-0.072458565,0.8737819,-0.26026127,0.61977464,0.8494487,0.31948954,0.204027,0.38958925,0.4707662,0.077859424,0.15625285,0.3040576,0.15973878,-0.5397885,0.70119494,0.056946903,-0.35168794,-0.45852765,-0.031499468,-0.13539991,-0.22869274,0.2483873,-0.5008138,0.51997256,-0.52397,0.15301284,0.6114883,0.40356168,-0.28573006,0.18668352,-0.6887806,-0.6646489,-0.6779037,0.84228766,0.4835968
-0.15277204,-0.20199737,-0.28172272,-0.13766508,-0.19643152,-0.24492952,-0.12305766,-0.24971712,-0.18952921,0.5305284,0.5129053,0.71602243,0.5630249,0.77992034,0.774218,-0.22378781,0.9362338,-0.052861243,0.76009166,0.4631325,0.6078855,0.49348855,0.6628618,0.6137062,0.46089122,0.53302824,0.044248387,0.68911356,0.58169556,0.66247845,-0.2527257,-0.5669874,-0.64594215,0.27836946,-0.17272246,0.18002155,0.34718356,-0.83913016,-0.20351279,0.29151064,-0.3800819,-0.11925839,-0.31957793,-0.19855319,-0.30824828,-0.31540412,-0.39740917,-0.18811151,0.077885896,-0.37735197,-0.37611645,-0.29005054,-0.20807868,-0.17426322,-0.23538873,-0.17433,-0.25875401,-0.15377878,0.54987454,0.7225707,0.7369745,0.58944243,0.62855124,0.7457151,0.80895567,0.8275095,-0.004568361,0.8725593,0.38464886,0.05998209,0.5910597,0.64500165,0.6467422,0.39095676,0.7963222,0.5977891,0.5881157,0.7167089,-0.3339565,-0.37827665,0.5427618,-0.3969034,-0.38947827,-0.14678046,0.44694936,-0.31261942,0.40201056,-0.016193569,0.26760888,-0.3100904,-0.7806138,-0.31085083,0.28349382,-0.26383132,0.3933108,-0.14817736,-0.30447882,-0.2023393,0.061520323,0.07651301
0.78701615,0.8706826,0.7724242,0.8639792,0.8417563,0.7258941,0.80586517,0.8100823,0.69500995,0.37981072,0.2025672,0.16925168,0.025304899,-0.12851813,0.013220336,0.9211794,-0.052861243,0.9455419,0.28433016,0.53037417,0.49642152,0.17022008,0.44455463,0.37920836,0.2258619,0.30116156,-0.631521,-0.36849388,0.39106238,0.18675572,-0.57117337,0.47256345,0.26951715,0.37444246,-0.5769885,0.62176627,-0.048614036,-0.058852028,0.459234,0.49674046,-0.60143745,0.18061206,-0.49061537,-0.6742922,-0.71085966,-0.6887121,-0.6114328,-0.6823701,0.76739717,-0.43548,0.7881058,0.8260391,0.90849084,0.8316529,0.7452986,0.74136347,0.8711978,0.7122725,0.36698937,-0.07982722,0.0966451,-0.021223268,0.27641323,-0.23989783,0.082787015,0.07589325,0.8855437,-0.10212004,0.7093288,0.8923185,0.4294361,0.35132194,0.52976954,0.550073,0.22606766,0.28313583,0.41247377,0.29849094,-0.6071015,0.63665414,0.15879168,-0.43551207,-0.5370142,-0.054427773,-0.061407194,-0.2805193,0.31703758,-0.51574016,0.56916296,-0.6078523,0.007932448,0.5496111,0.46509176,-0.32436585,0.28602087,-0.73229915,-0.7400696,-0.72911394,0.8628792,0.4844219
0.083281666,0.07149443,-0.02115772,0.17003402,0.11942577,-0.013163855,0.122559085,0.0037090206,0.017407175,0.5280793,0.4278949,0.6067475,0.4350838,0.60117155,0.6375567,0.13207567,0.76009166,0.28433016,0.90767723,0.60943246,0.7106003,0.66440105,0.8355271,0.64074135,0.38521045,0.57331455,-0.098705485,0.4889955,0.61853784,0.6734886,-0.47848514,-0.3735522,-0.3214637,0.585444,-0.20870245,0.32902914,0.26373196,-0.75198925,0.02197881,0.3803909,-0.45486313,-0.038103443,-0.35896748,-0.40813255,-0.4558504,-0.4631013,-0.48469913,-0.33566806,0.3092313,-0.4808972,-0.09132066,-0.023847386,0.10377161,0.13127168,-0.004607265,0.052872974,0.032064147,0.042590097,0.527503,0.49417442,0.5891691,0.414779,0.5250485,0.49066693,0.68050265,0.70681435,0.27413535,0.6767854,0.663817,0.4255156,0.6529449,0.8077988,0.82503974,0.4720441,0.71289784,0.5859842,0.6308791,0.726847,-0.5549276,-0.20116109,0.5657747,-0.34033716,-0.39797756,0.06290357,0.39240938,-0.17450216,0.42951712,-0.04820388,0.42004508,-0.43519473,-0.6587603,-0.19369361,0.36815512,-0.3716985,0.48802269,-0.35447815,-0.45271322,-0.3236455,0.34130713,0.20177442
0.3924865,0.49938235,0.46111017,0.4327534,0.46337163,0.49108988,0.60217404,0.46607682,0.5236594,0.60606897,0.36962813,0.46265513,0.193398,0.39933673,0.5361183,0.4443795,0.4631325,0.53037417,0.60943246,0.9364633,0.8848716,0.16183686,0.61643505,0.7754538,0.38064998,0.4361814,-0.2259041,0.3544441,0.8683996,0.52535164,-0.6776391,-0.07614248,-0.3236981,0.39381325,-0.6540514,0.8231319,0.59840184,-0.5588913,0.107947886,0.58594394,-0.63553923,-0.23908854,-0.8182963,-0.61393225,-0.715628,-0.6842321,-0.71193767,-0.58211774,0.6839286,-0.2892952,0.2861629,0.42933476,0.47024348,0.42273,0.5020694,0.529005,0.41831172,0.5562364,0.54198873,0.20344543,0.35781384,0.13203432,0.5799734,0.16033667,0.62937164,0.6222968,0.65757096,0.32893804,0.73743975,0.5418408,0.8954853,0.46481287,0.6409451,0.78443944,0.70457447,0.47358704,0.8768348,0.7192528,-0.71320057,0.2611282,0.66147006,-0.52733415,-0.6601113,-0.28052223,0.5841801,-0.44814807,0.77986264,-0.28407657,0.8407936,-0.32188338,-0.38732076,0.17435692,0.5604464,-0.57505435,0.2515414,-0.6473139,-0.6741893,-0.5794574,0.69950426,0.72485447
0.3700522,0.42350197,0.3411935,0.399554,0.37755662,0.36619258,0.5162418,0.37133798,0.405276,0.7292763,0.5349848,0.6439573,0.35195678,0.55908024,0.68630856,0.38193214,0.6078855,0.49642152,0.7106003,0.8848716,0.9599256,0.31269974,0.7477954,0.8707405,0.55739844,0.59893477,-0.31142458,0.40475658,0.9270607,0.6760778,-0.6195339,-0.09515521,-0.43239975,0.37279275,-0.66307974,0.734006,0.48296326,-0.6602206,0.15117401,0.65475166,-0.73754126,-0.074185565,-0.75473297,-0.64789486,-0.76802146,-0.74967587,-0.79273766,-0.64147794,0.60868156,-0.46896166,0.22938107,0.33326593,0.40889633,0.36979806,0.38794792,0.421309,0.34607697,0.44824243,0.68916094,0.3956262,0.531193,0.28392342,0.68461835,0.3012653,0.7379707,0.7677389,0.6043735,0.47053722,0.75885916,0.5389326,0.94356084,0.61387324,0.76248014,0.82017744,0.84287375,0.6434822,0.93680465,0.85583043,-0.6787612,0.23196928,0.70512056,-0.63410205,-0.720182,-0.2846359,0.5517902,-0.5063531,0.7400143,-0.33376646,0.7673613,-0.46143472,-0.4979572,0.19861141,0.63272977,-0.45309752,0.43221623,-0.66156745,-0.73828423,-0.64165777,0.6394731,0.58729404
0.0079838205,-0.13279206,-0.24449338,0.083975956,-0.040767103,-0.28085563,-0.11722699,-0.21826716,-0.27628836,0.37953353,0.40590888,0.48298657,0.4137799,0.39130747,0.36425033,0.044168856,0.49348855,0.17022008,0.66440105,0.16183686,0.31269974,0.92944443,0.6960448,0.35079414,0.3682601,0.6121118,-0.20004681,0.20700124,0.20361568,0.5813867,-0.23649769,-0.21002561,0.0016730293,0.65506625,0.11906557,-0.06768189,-0.15110749,-0.39559662,0.31899136,0.29637766,-0.2704277,0.38302755,0.14759752,-0.3131053,-0.24876039,-0.2907008,-0.24535458,-0.23865971,-0.018330827,-0.60012436,-0.12789652,-0.21692178,-0.028154109,0.029168438,-0.25186157,-0.21973926,-0.11738167,-0.27796948,0.41373324,0.41255233,0.45640016,0.32454967,0.17023733,0.26912206,0.24966034,0.34370518,0.052066863,0.4283852,0.50511783,0.36716315,0.2026993,0.82068515,0.6361687,0.18781236,0.36706126,0.5601216,0.20937327,0.47189978,-0.2787286,-0.25465286,0.37895983,-0.0016410551,0.009802426,0.50997317,0.076746166,0.23058602,0.10049123,0.2022616,0.08742408,-0.37744808,-0.3195848,-0.117309764,0.3104198,0.11022842,0.6951646,-0.18064535,-0.2316454,-0.13225406,0.079987876,-0.14397013
0.28831726,0.2226496,0.08505732,0.34579146,0.25883824,0.07981139,0.25901648,0.13441937,0.101052314,0.6512499,0.55787003,0.67375094,0.46612403,0.5639465,0.6192002,0.3050387,0.6628618,0.44455463,0.8355271,0.61643505,0.7477954,0.6960448,0.90142393,0.7092205,0.53939325,0.69704825,-0.33412135,0.32461166,0.65381676,0.7173815,-0.4915654,-0.1319183,-0.24583313,0.581219,-0.34196183,0.3985746,0.1613778,-0.62762755,0.24813813,0.5446384,-0.6161404,0.18593821,-0.36653918,-0.55602694,-0.6184696,-0.6327944,-0.6378759,-0.5355493,0.39654428,-0.63656175,0.11555007,0.120657355,0.28322598,0.2930228,0.11102741,0.14528555,0.18749112,0.13423587,0.65458024,0.48059285,0.598245,0.39491528,0.521317,0.3539244,0.59990287,0.6589774,0.42911226,0.5610804,0.7607265,0.5749911,0.6698748,0.8586142,0.87234604,0.5884366,0.72341317,0.701475,0.666285,0.77336484,-0.56577575,0.026373303,0.58444774,-0.42969573,-0.47309402,0.08355685,0.30326787,-0.2205123,0.46816924,-0.15293086,0.49072272,-0.5703845,-0.50765675,0.079020016,0.53146803,-0.21807383,0.65141,-0.50146127,-0.61163104,-0.5042244,0.46908435,0.25449884
0.3009301,0.31736958,0.2425996,0.28311628,0.22479275,0.272428,0.46369064,0.27070385,0.32495707,0.8863057,0.7394956,0.795804,0.46238506,0.6399151,0.7603098,0.2562164,0.6137062,0.37920836,0.64074135,0.7754538,0.8707405,0.35079414,0.7092205,0.9706343,0.7723072,0.78415745,-0.38602233,0.4395008,0.9125048,0.80207026,-0.5593669,-0.11021431,-0.5468368,0.32243413,-0.6827216,0.6939728,0.4709647,-0.61006314,0.31817734,0.82300246,-0.8102163,0.11652984,-0.6693131,-0.7080294,-0.80797064,-0.8074733,-0.85099614,-0.73468506,0.46206725,-0.58202773,0.14311488,0.22572535,0.30088413,0.23500863,0.3158558,0.33536133,0.23332061,0.3595091,0.8505216,0.53485847,0.63532954,0.31544325,0.68886596,0.29188597,0.68217134,0.7800576,0.52636325,0.44292957,0.6975393,0.4271912,0.86951566,0.62659276,0.6831338,0.9026284,0.8896129,0.82542783,0.9080361,0.92914975,-0.5888771,0.2261369,0.8203366,-0.6274226,-0.65530014,-0.20648265,0.6099667,-0.47830212,0.8000213,-0.21909697,0.75930905,-0.40716296,-0.4086471,0.2904765,0.8136678,-0.20531502,0.6080264,-0.6745343,-0.73801816,-0.65582913,0.5255432,0.5513315
0.29624075,0.16680767,0.049588043,0.18878774,0.058786202,0.054534305,0.26093572,0.10032137,0.099293455,0.88251424,0.88761854,0.84111464,0.57651126,0.58506244,0.6614977,0.1262953,0.46089122,0.2258619,0.38521045,0.38064998,0.55739844,0.3682601,0.53939325,0.7723072,0.94166255,0.8546736,-0.5542417,0.23686695,0.6169579,0.7354887,-0.22266331,0.097222075,-0.4733686,0.069498934,-0.56469125,0.38205934,0.1264815,-0.35540465,0.4872884,0.8038882,-0.7828413,0.5228521,-0.31895658,-0.57558465,-0.70139,-0.7247908,-0.7648041,-0.72482705,0.21064451,-0.68895775,0.13643572,0.08498661,0.18392518,0.121972874,0.12993963,0.11676644,0.11140148,0.12519808,0.8894434,0.664587,0.6930659,0.40979195,0.5572258,0.24605556,0.44077694,0.60120475,0.34517276,0.32896554,0.44031733,0.2631297,0.52645916,0.5492752,0.49531865,0.7254883,0.722204,0.8951189,0.6061832,0.76663184,-0.24757966,0.28537038,0.59692657,-0.587316,-0.49558574,-0.10867305,0.30696833,-0.4063953,0.54063857,-0.19064626,0.462729,-0.44675666,-0.1990372,0.45867538,0.8019829,0.2741359,0.7674787,-0.5053177,-0.6412735,-0.62022567,0.30351514,0.25878817
0.26222533,0.15783565,0.04174751,0.22546497,0.09225419,0.039297517,0.26216254,0.0837827,0.07673445,0.8628709,0.84365344,0.8386002,0.57364243,0.57387894,0.64435303,0.18307862,0.53302824,0.30116156,0.57331455,0.4361814,0.59893477,0.6121118,0.69704825,0.78415745,0.8546736,0.94986135,-0.51133764,0.26350123,0.60826993,0.81482947,-0.3767197,-0.030632352,-0.35427243,0.38934982,-0.4365568,0.37293178,0.11009902,-0.43285632,0.5418989,0.7987908,-0.7320374,0.5009731,-0.26845893,-0.6495445,-0.6905741,-0.7235156,-0.7218032,-0.699084,0.22351624,-0.77188885,0.09517944,0.060206797,0.19928777,0.1503776,0.101200506,0.10877046,0.1097547,0.094322205,0.8735138,0.62958384,0.68712705,0.38390037,0.5114253,0.24572448,0.43753046,0.59592557,0.36848837,0.38083154,0.6033969,0.40111625,0.544298,0.73872584,0.63995767,0.7069096,0.7154698,0.9359112,0.604051,0.80517006,-0.39725313,0.15866014,0.6789815,-0.4535245,-0.40287274,0.11978399,0.3375196,-0.21724764,0.5334712,-0.07243861,0.4849764,-0.46432313,-0.2637834,0.32664353,0.80032736,0.17467517,0.86751914,-0.5483357,-0.62651634,-0.5646995,0.33879688,0.23840527
-0.675556,-0.5974566,-0.45864558,-0.6223239,-0.50536275,-0.4226069,-0.5531865,-0.5207169,-0.39989564,-0.53928185,-0.50220984,-0.39461046,-0.23621367,0.01218925,-0.0970847,-0.6162723,0.044248387,-0.631521,-0.098705485,-0.2259041,-0.31142458,-0.20004681,-0.33412135,-0.38602233,-0.5542417,-0.51133764,0.85303885,0.3997006,-0.28092524,-0.26814675,0.23387226,-0.5299984,-0.089148715,-0.057836775,0.5509676,-0.36248803,0.3074613,-0.042983457,-0.60882026,-0.6130971,0.70105547,-0.5908772,0.22427377,0.60354304,0.6968334,0.71670926,0.6691074,0.7629967,-0.45219427,0.62236303,-0.6328075,-0.540017,-0.63979626,-0.5616919,-0.4722237,-0.4479422,-0.58974123,-0.41966444,-0.5750798,-0.21005425,-0.29086363,-0.13498926,-0.2690792,0.15880395,0.008683458,-0.0800043,-0.6430892,0.086107254,-0.44397542,-0.5941677,-0.23971778,-0.32699502,-0.3833296,-0.5288346,-0.25737822,-0.51407504,-0.28642604,-0.32680398,0.27263623,-0.62203276,-0.095630005,0.5117649,0.46035105,0.05048644,0.2088666,0.3107825,-0.19072989,0.46801263,-0.34234563,0.6474366,-0.091729686,-0.7041708,-0.60057104,-0.19017342,-0.5398916,0.62124515,0.7217591,0.75080824,-0.5768117,-0.20588562
-0.413911,-0.41095382,-0.38780308,-0.4320984,-0.40784085,-0.32488197,-0.26788116,-0.3999939,-0.25355935,0.28939113,0.2740007,0.44019336,0.34488386,0.69427127,0.65067995,-0.48958123,0.68911356,-0.36849388,0.4889955,0.3544441,0.40475658,0.20700124,0.32461166,0.4395008,0.23686695,0.26350123,0.3997006,0.88186187,0.46349657,0.49349764,-0.098201826,-0.62809026,-0.63515574,0.15059686,-0.0064332113,0.12498601,0.6112312,-0.60249114,-0.32818335,0.10721754,-0.054471806,-0.33633494,-0.2402679,0.046747226,-0.009816388,-0.00506479,-0.10039989,0.106412664,-0.13100615,0.026080154,-0.57099056,-0.45194688,-0.4595132,-0.4298287,-0.32137725,-0.2849921,-0.4830559,-0.2342346,0.2640845,0.45550394,0.42977428,0.34270823,0.3882954,0.55612624,0.65319127,0.6726946,-0.2586342,0.61108416,0.11309257,-0.2770536,0.45379806,0.30261874,0.26677147,0.21737438,0.5815936,0.3166786,0.4477964,0.5186198,-0.117378086,-0.469607,0.56105304,-0.091028646,-0.10874362,-0.1217147,0.66318643,-0.123292536,0.43413422,0.2690224,0.21533489,0.19356439,-0.5157917,-0.43800765,0.110790186,-0.20691727,0.11156553,0.10188394,0.050654203,0.14908823,-0.19322342,0.13960099
0.30099472,0.36097097,0.30555654,0.29833698,0.28299057,0.3436493,0.49736273,0.3290084,0.39687836,0.76858115,0.5810238,0.66255045,0.34706265,0.58793956,0.71952534,0.28138596,0.58169556,0.39106238,0.61853784,0.8683996,0.9270607,0.20361568,0.65381676,0.9125048,0.6169579,0.60826993,-0.28092524,0.46349657,0.9758115,0.68431616,-0.5718796,-0.11485706,-0.5348775,0.26434788,-0.7056447,0.7584103,0.575233,-0.6285629,0.1500594,0.69951403,-0.74112976,-0.08088198,-0.78143275,-0.635312,-0.75789964,-0.73931324,-0.79907656,-0.643713,0.5418701,-0.4236784,0.1663354,0.28270262,0.3283385,0.26791877,0.37298894,0.3980414,0.27496576,0.43669313,0.716005,0.41561848,0.5243627,0.25147918,0.6839976,0.28147894,0.73357165,0.7800044,0.5482447,0.42629206,0.6720876,0.41462636,0.9530076,0.5105557,0.6484703,0.86314404,0.863817,0.6609585,0.97150314,0.87144154,-0.6107186,0.2364421,0.76918155,-0.6362388,-0.705593,-0.34546107,0.6481631,-0.5422788,0.8128357,-0.28893733,0.79310524,-0.3497172,-0.4367934,0.22877094,0.6835761,-0.38278243,0.4091174,-0.64184463,-0.70300615,-0.6179589,0.56931925,0.6254995
0.10550899,0.03892632,-0.040054094,0.101839185,-0.0011981048,-0.025823552,0.17663555,-0.011917524,0.02366809,0.7680621,0.7184633,0.7835586,0.52848315,0.6953281,0.75299823,0.058427654,0.66247845,0.18675572,0.6734886,0.52535164,0.6760778,0.5813867,0.7173815,0.80207026,0.7354887,0.81482947,-0.26814675,0.49349764,0.68431616,0.8753247,-0.40558696,-0.2109955,-0.45207912,0.41443855,-0.36804014,0.3850574,0.3068136,-0.5636318,0.32161623,0.67452097,-0.6280825,0.2629881,-0.33740607,-0.5525857,-0.58173597,-0.6120166,-0.64112127,-0.54891825,0.17642131,-0.6178075,-0.06532243,-0.042933043,0.067995556,0.040139586,0.02082722,0.046416298,-0.011074574,0.049163334,0.75773484,0.5999274,0.65303385,0.37235028,0.54683644,0.36098805,0.6002801,0.7332206,0.2643711,0.51053095,0.5921775,0.30578777,0.6411222,0.72607744,0.65874004,0.6634682,0.7907199,0.82479537,0.68075264,0.85872,-0.4238124,0.005149988,0.7599455,-0.39869827,-0.37654346,0.06983186,0.52963454,-0.20850451,0.5943297,0.025721176,0.49696028,-0.31646976,-0.37492275,0.13303335,0.6817378,0.02357021,0.7238096,-0.45878676,-0.514166,-0.4312297,0.2604626,0.2597799
-0.3130732,-0.5107501,-0.4998574,-0.45449078,-0.48027503,-0.5112367,-0.6076177,-0.49210185,-0.5245068,-0.42878813,-0.20668456,-0.2860238,-0.024782682,-0.12442388,-0.23627245,-0.5196979,-0.2527257,-0.57117337,-0.47848514,-0.6776391,-0.6195339,-0.23649769,-0.4915654,-0.5593669,-0.22266331,-0.3767197,0.23387226,-0.098201826,-0.5718796,-0.40558696,0.8737087,0.041040123,0.048709765,-0.5517868,0.4477616,-0.6751377,-0.31404042,0.3228879,-0.27899045,-0.5195818,0.47462335,0.1343678,0.5710049,0.6583922,0.5875797,0.57874084,0.5226375,0.5282085,-0.5283379,0.33270788,-0.30328467,-0.45090598,-0.5114281,-0.4305737,-0.5102756,-0.54918826,-0.45752162,-0.53466475,-0.38843846,-0.017935537,-0.17863666,0.071324535,-0.36191568,0.015415742,-0.31436694,-0.31970292,-0.61220145,-0.1259487,-0.7151679,-0.59229046,-0.59747666,-0.4176619,-0.51890075,-0.606463,-0.4255197,-0.3667301,-0.58466256,-0.50404894,0.824273,-0.21545628,-0.5130863,0.2839625,0.40262792,-0.0043353382,-0.3862967,0.15668383,-0.5369768,0.1621922,-0.6510055,0.2590849,0.17003816,-0.14025903,-0.5027882,0.47985685,-0.2555765,0.67939854,0.55431545,0.48506516,-0.61046827,-0.5053347
0.6721139,0.57043463,0.4918406,0.58087695,0.5310205,0.42557716,0.43801457,0.5207591,0.37924302,0.033981845,0.018996922,-0.17839977,-0.15754384,-0.38147432,-0.3116753,0.5800493,-0.5669874,0.47256345,-0.3735522,-0.07614248,-0.09515521,-0.21002561,-0.1319183,-0.11021431,0.097222075,-0.030632352,-0.5299984,-0.62809026,-0.11485706,-0.2109955,0.041040123,0.87230015,0.45218015,-0.17390867,-0.30495423,0.15919387,-0.29754734,0.52777815,0.47457603,0.18564975,-0.24496603,0.4358968,-0.00785538,-0.22525674,-0.26909056,-0.25835642,-0.20080018,-0.34753034,0.33195305,-0.10546403,0.76029587,0.57694095,0.5953475,0.5628137,0.46968338,0.39434266,0.5857059,0.3766117,0.039270982,-0.2779329,-0.24573158,-0.20093957,-0.1592013,-0.5176431,-0.39995497,-0.36472052,0.44393015,-0.5454055,0.07646239,0.3742088,-0.12312925,-0.1781976,-0.09213231,0.114536375,-0.26860204,-0.0588467,-0.11325881,-0.1863208,0.060061134,0.7649562,-0.261268,-0.13978872,-0.13061063,-0.0017504441,-0.35252005,-0.08478573,-0.061851878,-0.33070174,0.117989585,-0.24010694,0.5318038,0.75322014,0.1835179,0.27176553,0.079933934,-0.26284748,-0.2863118,-0.36110914,0.39851493,0.18101442
0.2282311,0.21923786,0.2089686,0.32423514,0.33866706,0.13669963,0.07579109,0.19275592,0.06988135,-0.48420644,-0.4854262,-0.61465645,-0.44033414,-0.66773415,-0.6831144,0.366122,-0.64594215,0.26951715,-0.3214637,-0.3236981,-0.43239975,0.0016730293,-0.24583313,-0.5468368,-0.4733686,-0.35427243,-0.089148715,-0.63515574,-0.5348775,-0.45207912,0.048709765,0.45218015,0.8733726,0.22580242,0.3275555,-0.21713918,-0.42253134,0.6211679,0.3036669,-0.28363556,0.33533126,0.19048266,0.4076416,0.074873015,0.22541732,0.23659524,0.35551268,0.14923146,0.02466829,0.15161246,0.39175564,0.25326413,0.2984017,0.35555577,0.13832927,0.08477265,0.28980803,0.034091525,-0.4885819,-0.6304727,-0.59606797,-0.45780516,-0.5968701,-0.59459984,-0.6817708,-0.7111796,0.08867703,-0.5948488,-0.024709579,0.27812797,-0.4960442,-0.18704182,-0.23205537,-0.3928496,-0.6987179,-0.46935987,-0.5272492,-0.56514406,0.09580968,0.20679364,-0.43055195,0.49816164,0.43430442,0.51477486,-0.46618164,0.5234223,-0.42001125,0.13629463,-0.22069743,0.073136106,0.5497292,0.1710141,-0.2625043,0.1367048,-0.13909724,0.08051483,0.22401467,0.18576837,0.07595144,-0.11753991
0.09059809,0.14200105,0.13081312,0.25826854,0.24602619,0.10104972,0.20952174,0.09693168,0.09378353,0.22905983,0.10712443,0.18271424,0.095771834,0.11914112,0.14708136,0.31432253,0.27836946,0.37444246,0.585444,0.39381325,0.37279275,0.65506625,0.581219,0.32243413,0.069498934,0.38934982,-0.057836775,0.15059686,0.26434788,0.41443855,-0.5517868,-0.17390867,0.22580242,0.91880286,0.05486753,0.24953476,0.11960903,-0.25699174,0.33613682,0.28922954,-0.1829893,0.057592686,-0.0783623,-0.4356324,-0.27599752,-0.29393417,-0.20455956,-0.24066508,0.22170131,-0.34645778,0.06273567,0.09167784,0.21906608,0.23555551,0.10683071,0.14054191,0.14451942,0.07886599,0.19825953,0.0042353924,0.12754682,-0.028925799,0.052398168,-0.020771855,0.123028986,0.1720826,0.29723275,0.158746,0.65313387,0.5357311,0.2941127,0.63097024,0.5374327,0.2664742,0.20847861,0.30348906,0.27216512,0.36116007,-0.5392076,-0.1252615,0.4534134,0.15929069,0.06838216,0.55350137,0.2865885,0.36560225,0.28109524,0.28609022,0.36047053,-0.13578121,-0.12958501,-0.13794768,0.30331826,-0.21655712,0.42062527,-0.33945525,-0.21038644,-0.09165391,0.32613635,0.20468679
-0.5991076,-0.6790519,-0.6135087,-0.540598,-0.52528924,-0.6354161,-0.73998153,-0.6509038,-0.6596163,-0.66336566,-0.48789942,-0.4680853,-0.18826623,-0.2148808,-0.3847825,-0.5445509,-0.17272246,-0.5769885,-0.20870245,-0.6540514,-0.66307974,0.11906557,-0.34196183,-0.6827216,-0.56469125,-0.4365568,0.5509676,-0.0064332113,-0.7056447,-0.36804014,0.4477616,-0.30495423,0.3275555,0.05486753,0.90858656,-0.78884566,-0.31384528,0.25064808,-0.2955442,-0.7025635,0.7936013,-0.07427558,0.7589818,0.65520144,0.81945723,0.79848003,0.82534456,0.7771069,-0.6620853,0.37971357,-0.5368956,-0.62379956,-0.62546206,-0.50954664,-0.66569805,-0.6631594,-0.6029958,-0.6989256,-0.6344839,-0.21823534,-0.3345871,-0.11081429,-0.58904594,-0.005103153,-0.40136,-0.43189144,-0.7405744,-0.071522854,-0.51136446,-0.47551185,-0.6840415,-0.19219902,-0.39902496,-0.8178719,-0.5762882,-0.49662063,-0.71167004,-0.57155794,0.47989863,-0.6333308,-0.41227108,0.74958396,0.78132224,0.5149648,-0.28638947,0.6856754,-0.63881093,0.5827831,-0.7223501,0.4593823,0.12805974,-0.60725594,-0.67227644,0.24438292,-0.2664877,0.7265321,0.8072915,0.8142285,-0.70409554,-0.6370818
0.53470314,0.7000642,0.7147248,0.5390396,0.59190226,0.74270284,0.82442766,0.70136523,0.7698759,0.58250415,0.33601832,0.3402948,0.07430428,0.17005265,0.3397503,0.59314793,0.18002155,0.62176627,0.32902914,0.8231319,0.734006,-0.06768189,0.3985746,0.6939728,0.38205934,0.37293178,-0.36248803,0.12498601,0.7584103,0.3850574,-0.6751377,0.15919387,-0.21713918,0.24953476,-0.78884566,0.9501547,0.5604228,-0.2861894,0.28128707,0.6713208,-0.6654178,-0.15334466,-0.85237265,-0.6956446,-0.7734692,-0.73730135,-0.7352992,-0.6940904,0.7408718,-0.24444157,0.49586502,0.66350627,0.64034456,0.529139,0.75712174,0.76663977,0.62196773,0.7897147,0.51168585,0.04081881,0.20291272,-0.03282594,0.5046238,-0.08918792,0.3945871,0.4021474,0.79138297,0.030345973,0.6628772,0.5607563,0.75950694,0.24166963,0.43022215,0.82785654,0.5332578,0.39927033,0.759599,0.5708079,-0.6674144,0.52753925,0.5805574,-0.5282338,-0.65157604,-0.32195964,0.51576674,-0.47494334,0.7888977,-0.3560179,0.8946166,-0.25756225,-0.10924061,0.42912763,0.6459389,-0.4672066,0.18372989,-0.7571031,-0.716481,-0.6746609,0.7775687,0.83452266
-0.08155969,0.045320693,0.12593779,-0.08983688,0.012736316,0.18717769,0.21154809,0.07815963,0.23906398,0.2772958,0.111014426,0.20889938,0.06788595,0.3756379,0.4280218,-0.084154546,0.34718356,-0.048614036,0.26373196,0.59840184,0.48296326,-0.15110749,0.1613778,0.4709647,0.1264815,0.11009902,0.3074613,0.6112312,0.575233,0.3068136,-0.31404042,-0.29754734,-0.42253134,0.11960903,-0.31384528,0.5604228,0.9023182,-0.35268766,-0.179696,0.25175905,-0.15880224,-0.4606741,-0.5688845,-0.14399052,-0.20131257,-0.17918377,-0.24829563,-0.093211964,0.24781425,0.20437305,-0.13962212,0.030568786,-0.03617936,-0.060890272,0.1830624,0.19690359,-0.0453227,0.25859037,0.19599527,0.08933653,0.13538125,0.017053856,0.3432632,0.17197086,0.47560227,0.4697359,0.14562628,0.21611229,0.22943643,-0.053609163,0.573254,0.038364902,0.12851536,0.4390822,0.44925642,0.1483915,0.55849534,0.42349675,-0.2860543,-0.031411637,0.5845114,-0.14042923,-0.2389566,-0.25722322,0.7797489,-0.21892747,0.69721234,0.13261792,0.5890403,0.28740567,-0.19888687,-0.1213533,0.24818783,-0.384039,-0.10418016,-0.16546777,-0.12169618,-0.041223925,0.1899117,0.5968734
0.088656634,0.058870453,0.123008765,0.06180072,0.072248444,0.07016823,-0.015124265,0.09583833,0.027569862,-0.4842553,-0.4132164,-0.62764716,-0.46915287,-0.6641103,-0.68472964,0.100182496,-0.83913016,-0.058852028,-0.75198925,-0.5588913,-0.6602206,-0.39559662,-0.62762755,-0.61006314,-0.35540465,-0.43285632,-0.042983457,-0.60249114,-0.6285629,-0.5636318,0.3228879,0.52777815,0.6211679,-0.25699174,0.25064808,-0.2861894,-0.35268766,0.878234,0.25478905,-0.2728029,0.37403208,0.25685048,0.4286472,0.22121072,0.35282975,0.34581357,0.42978862,0.21991211,-0.21431753,0.30355424,0.28258085,0.13697514,0.07467839,0.07742813,0.08003409,0.01432563,0.12162816,-0.009810883,-0.49308938,-0.5817467,-0.64708215,-0.51207906,-0.6067686,-0.6481398,-0.7890406,-0.7761849,-0.12155549,-0.78940374,-0.4201377,-0.13409786,-0.6482527,-0.58317196,-0.6483003,-0.42033046,-0.7680421,-0.5059218,-0.6354475,-0.67392385,0.42051226,0.31497777,-0.48669696,0.44973978,0.48325288,0.26029396,-0.40131468,0.39040697,-0.3995667,0.1441576,-0.32585868,0.33920842,0.8070551,0.31103098,-0.24610773,0.43023828,-0.27150083,0.22604445,0.36741102,0.2758866,-0.18295613,-0.1591621
0.45362544,0.37228942,0.30586037,0.456106,0.34458172,0.2541087,0.41888517,0.32275242,0.24607772,0.441394,0.40678746,0.23084171,0.07161658,-0.09375001,-0.008368031,0.4803223,-0.20351279,0.459234,0.02197881,0.107947886,0.15117401,0.31899136,0.24813813,0.31817734,0.4872884,0.5418989,-0.60882026,-0.32818335,0.1500594,0.32161623,-0.27899045,0.47457603,0.3036669,0.33613682,-0.2955442,0.28128707,-0.179696,0.25478905,0.8997844,0.6404638,-0.48706812,0.68346727,-0.0015295101,-0.6205572,-0.5265997,-0.55211085,-0.45327932,-0.652806,0.20227373,-0.5392891,0.479088,0.34307384,0.45739067,0.39970425,0.3245531,0.2772069,0.38653404,0.23156334,0.42351025,-0.0066377083,0.0472194,-0.1631777,-0.027301773,-0.40862042,-0.25905246,-0.10397193,0.45371872,-0.33794302,0.43345964,0.501172,0.08442131,0.3063767,0.19539312,0.4408421,0.0579519,0.46250695,0.14422879,0.2525843,-0.21389627,0.5073354,0.31162602,-0.05718939,-0.03897388,0.41853166,0.012351282,0.16417272,0.26366216,0.03364075,0.35473585,-0.22681847,0.43311507,0.6229347,0.658149,0.40643215,0.6238232,-0.5326754,-0.42763412,-0.4407307,0.3732984,0.22569397
0.4603178,0.46153277,0.39169222,0.43075088,0.3464499,0.3938862,0.5953394,0.41731942,0.42904252,0.8603836,0.737445,0.6746548,0.35699922,0.36274466,0.5013236,0.42646003,0.29151064,0.49674046,0.3803909,0.58594394,0.65475166,0.29637766,0.5446384,0.82300246,0.8038882,0.7987908,-0.6130971,0.10721754,0.69951403,0.67452097,-0.5195818,0.18564975,-0.28363556,0.28922954,-0.7025635,0.6713208,0.25175905,-0.2728029,0.6404638,0.9558616,-0.8385236,0.39660096,-0.5218102,-0.8144845,-0.856426,-0.8693608,-0.852453,-0.87933564,0.4537966,-0.65667397,0.36604172,0.38958013,0.4664412,0.3696999,0.4565899,0.44691044,0.4026165,0.44858953,0.82662034,0.3743181,0.473369,0.13982376,0.50234437,-0.014688202,0.332616,0.47228128,0.6275774,0.10881743,0.6556158,0.51557076,0.63239896,0.5076531,0.5149271,0.8835491,0.64217955,0.80056167,0.69186956,0.74588275,-0.50440526,0.4642043,0.696849,-0.53648674,-0.53296864,-0.042167373,0.4141271,-0.34351468,0.70257705,-0.21756844,0.7236328,-0.39965773,-0.053213514,0.5709014,0.9415723,0.049645342,0.6945689,-0.76433116,-0.7654561,-0.73533607,0.5758051,0.5362602
-0.5879824,-0.56201065,-0.4331059,-0.54184777,-0.45189214,-0.43814743,-0.6202898,-0.4897133,-0.45988935,-0.8422551,-0.7223794,-0.70684385,-0.41725543,-0.39410493,-0.543321,-0.5134257,-0.3800819,-0.60143745,-0.45486313,-0.63553923,-0.73754126,-0.2704277,-0.6161404,-0.8102163,-0.7828413,-0.7320374,0.70105547,-0.054471806,-0.74112976,-0.6280825,0.47462335,-0.24496603,0.33533126,-0.1829893,0.7936013,-0.6654178,-0.15880224,0.37403208,-0.48706812,-0.8385236,0.9448918,-0.35267842,0.5997131,0.7717496,0.9236701,0.92599523,0.94013953,0.8983979,-0.5804525,0.68331236,-0.4598245,-0.46931946,-0.57206595,-0.4865868,-0.4834065,-0.48513776,-0.50029695,-0.49599022,-0.83438575,-0.4500104,-0.5607848,-0.29575488,-0.64758384,-0.13467403,-0.47406334,-0.56281435,-0.7068479,-0.2559096,-0.6836807,-0.59767175,-0.7034769,-0.5450821,-0.6479698,-0.8618953,-0.7177422,-0.77316236,-0.7435099,-0.7590904,0.51893705,-0.5207701,-0.5569915,0.729525,0.73718274,0.26084286,-0.24989873,0.55771923,-0.6207957,0.4882736,-0.6824976,0.63036025,0.22590743,-0.58806014,-0.815644,0.068283245,-0.6341848,0.7717874,0.89512897,0.86526805,-0.66907704,-0.49935338
0.31321645,0.07255905,-0.06610263,0.22523765,0.05358659,-0.12963358,0.019718952,-0.0119688865,-0.14328805,0.34682286,0.47334373,0.30513042,0.2767958,0.034985833,0.037841357,0.17363897,-0.11925839,0.18061206,-0.038103443,-0.23908854,-0.074185565,0.38302755,0.18593821,0.11652984,0.5228521,0.5009731,-0.5908772,-0.33633494,-0.08088198,0.2629881,0.1343678,0.4358968,0.19048266,0.057592686,-0.07427558,-0.15334466,-0.4606741,0.25685048,0.68346727,0.39660096,-0.35267842,0.9176861,0.32708737,-0.29263133,-0.28683197,-0.32291484,-0.25996554,-0.40579566,-0.08887038,-0.562657,0.27623808,0.028376792,0.16236669,0.1640274,-0.046435058,-0.10338503,0.098150454,-0.14870031,0.39787352,0.23333356,0.21117902,0.1236419,-0.051397055,-0.17019388,-0.24220353,-0.080459505,0.112734824,-0.15357025,0.1439459,0.24030802,-0.1577032,0.3068438,0.13738975,0.14977042,0.015325889,0.4552462,-0.08763685,0.14632568,0.14264011,0.32161704,0.059628636,-0.06957806,0.050905257,0.37090814,-0.27015066,0.13129334,-0.06983456,0.00014272332,-0.05181379,-0.32612187,0.31337482,0.5518955,0.42649168,0.6906642,0.6797699,-0.18164396,-0.2505357,-0.27637342,0.053833134,-0.16888353
-0.3939945,-0.5861596,-0.5796082,-0.41061682,-0.47144234,-0.62979114,-0.68434155,-0.5884779,-0.6652841,-0.52064985,-0.28499532,-0.36555248,-0.09921875,-0.2655685,-0.41715908,-0.43448317,-0.31957793,-0.49061537,-0.35896748,-0.8182963,-0.75473297,0.14759752,-0.36653918,-0.6693131,-0.31895658,-0.26845893,0.22427377,-0.2402679,-0.78143275,-0.33740607,0.5710049,-0.00785538,0.4076416,-0.0783623,0.7589818,-0.85237265,-0.5688845,0.4286472,-0.0015295101,-0.5218102,0.5997131,0.32708737,0.9166863,0.5352557,0.6720734,0.63214487,0.6774823,0.560269,-0.6812953,0.15609342,-0.33984512,-0.53975266,-0.50717103,-0.40986973,-0.6266371,-0.6562511,-0.49812162,-0.7058043,-0.4676366,-0.13832283,-0.2765321,-0.08135898,-0.6046854,-0.12857006,-0.561548,-0.5224811,-0.6635159,-0.2207923,-0.53629565,-0.40817612,-0.8013115,-0.18489343,-0.43289155,-0.7462849,-0.61420596,-0.3366822,-0.78947765,-0.57080674,0.61015147,-0.372625,-0.4815026,0.6366951,0.73978496,0.55742806,-0.4826357,0.63390446,-0.7007954,0.47007683,-0.77164286,0.28686982,0.32489103,-0.2555552,-0.48903686,0.58741915,-0.04326253,0.632273,0.660631,0.62858415,-0.6719414,-0.71144354
-0.51675224,-0.6005399,-0.52991515,-0.57619154,-0.50847065,-0.52770215,-0.70359415,-0.5587824,-0.54237056,-0.68472123,-0.5091398,-0.484034,-0.17081663,-0.16389745,-0.32000297,-0.617872,-0.19855319,-0.6742922,-0.40813255,-0.61393225,-0.64789486,-0.3131053,-0.55602694,-0.7080294,-0.57558465,-0.6495445,0.60354304,0.046747226,-0.635312,-0.5525857,0.6583922,-0.22525674,0.074873015,-0.4356324,0.65520144,-0.6956446,-0.14399052,0.22121072,-0.6205572,-0.8144845,0.7717496,-0.29263133,0.5352557,0.908329,0.84253013,0.8450483,0.79237914,0.85925883,-0.54509354,0.6329831,-0.4819456,-0.528982,-0.6279176,-0.5196916,-0.5625052,-0.57649624,-0.5601138,-0.55724156,-0.65136504,-0.1672735,-0.30545127,0.010825215,-0.42954153,0.0965524,-0.25801957,-0.3461268,-0.7366594,-0.045293573,-0.7765627,-0.69439685,-0.6088947,-0.52032197,-0.574629,-0.80037725,-0.51259315,-0.6296872,-0.63755393,-0.6352687,0.6585133,-0.48271725,-0.5741073,0.46750784,0.51249397,-0.0276107,-0.28986603,0.25715554,-0.59305835,0.26948822,-0.7032405,0.46627784,0.042716872,-0.50822145,-0.8027134,0.12876534,-0.57708263,0.8637027,0.7761463,0.74913067,-0.6792978,-0.5131053
-0.65851396,-0.6717912,-0.5667528,-0.6408237,-0.5724158,-0.5645145,-0.7415178,-0.60824645,-0.5798962,-0.81158245,-0.6422702,-0.63056743,-0.33096945,-0.30033064,-0.46569335,-0.6410246,-0.30824828,-0.71085966,-0.4558504,-0.715628,-0.76802146,-0.24876039,-0.6184696,-0.80797064,-0.70139,-0.6905741,0.6968334,-0.009816388,-0.75789964,-0.58173597,0.5875797,-0.26909056,0.22541732,-0.27599752,0.81945723,-0.7734692,-0.20131257,0.35282975,-0.5265997,-0.856426,0.9236701,-0.28683197,0.6720734,0.84253013,0.96890086,0.9651911,0.9477612,0.93268347,-0.68752086,0.66553843,-0.5567299,-0.5896599,-0.6790567,-0.5845562,-0.60944337,-0.61274326,-0.6122138,-0.614349,-0.7920726,-0.3334521,-0.47524118,-0.18929455,-0.6085609,-0.032102272,-0.41898832,-0.49534303,-0.81676066,-0.17722395,-0.7712505,-0.70325685,-0.73420393,-0.5375904,-0.6623751,-0.9005565,-0.67177975,-0.7174977,-0.7651723,-0.7326921,0.6240732,-0.5728657,-0.5636035,0.705443,0.72206676,0.22186238,-0.29508674,0.5224817,-0.6779003,0.47840497,-0.77905697,0.63121676,0.17948501,-0.6044835,-0.83512956,0.17770472,-0.5827811,0.850683,0.9318759,0.89098185,-0.78692883,-0.5979173
-0.63479376,-0.63764954,-0.5233118,-0.6148036,-0.53842026,-0.5221747,-0.70698524,-0.56777966,-0.5391794,-0.8287811,-0.6732609,-0.64957273,-0.35166818,-0.3154295,-0.47118855,-0.60914385,-0.31540412,-0.6887121,-0.4631013,-0.6842321,-0.74967587,-0.2907008,-0.6327944,-0.8074733,-0.7247908,-0.7235156,0.71670926,-0.00506479,-0.73931324,-0.6120166,0.57874084,-0.25835642,0.23659524,-0.29393417,0.79848003,-0.73730135,-0.17918377,0.34581357,-0.55211085,-0.8693608,0.92599523,-0.32291484,0.63214487,0.8450483,0.9651911,0.9770361,0.9489472,0.9370146,-0.65138733,0.6908099,-0.52412,-0.54716766,-0.64860994,-0.5593735,-0.5694093,-0.57001394,-0.57670236,-0.5697044,-0.808594,-0.35545814,-0.49130636,-0.20675185,-0.5946799,-0.03770244,-0.41111284,-0.49334788,-0.7913843,-0.17969751,-0.7681583,-0.69295,-0.7090384,-0.56021273,-0.66206026,-0.8924398,-0.666054,-0.74504554,-0.74346626,-0.7370273,0.61038995,-0.54724914,-0.5786036,0.6792214,0.7094461,0.17685263,-0.27555728,0.48357165,-0.6592281,0.4491554,-0.76033324,0.6245391,0.1871607,-0.5892259,-0.84907997,0.13823162,-0.62575233,0.84191597,0.92132115,0.87596107,-0.758642,-0.5742247
-0.587686,-0.58174515,-0.4606919,-0.54461974,-0.4719879,-0.46774387,-0.65079606,-0.5097587,-0.4943713,-0.86139125,-0.7124723,-0.71065223,-0.4072616,-0.41445968,-0.56665325,-0.5218374,-0.39740917,-0.6114328,-0.48469913,-0.71193767,-0.79273766,-0.24535458,-0.6378759,-0.85099614,-0.7648041,-0.7218032,0.6691074,-0.10039989,-0.79907656,-0.64112127,0.5226375,-0.20080018,0.35551268,-0.20455956,0.82534456,-0.7352992,-0.24829563,0.42978862,-0.45327932,-0.852453,0.94013953,-0.25996554,0.6774823,0.79237914,0.9477612,0.9489472,0.97318214,0.8991949,-0.63060033,0.6622599,-0.45485264,-0.48326853,-0.57552636,-0.4925626,-0.5163269,-0.51975405,-0.50630766,-0.5325515,-0.84646785,-0.4390152,-0.5642974,-0.28467825,-0.6738558,-0.13784537,-0.5159536,-0.59496176,-0.73599243,-0.26710176,-0.7183757,-0.6058773,-0.76763,-0.5438504,-0.66493917,-0.90834963,-0.75108,-0.7694156,-0.8047037,-0.7908835,0.57002115,-0.50946534,-0.6041913,0.74842036,0.7658562,0.29679137,-0.32930955,0.57544625,-0.6970105,0.4865643,-0.7582665,0.6165871,0.271069,-0.5534038,-0.8309878,0.16076177,-0.59443104,0.79572463,0.915757,0.8652867,-0.71618766,-0.57518077
-0.6470494,-0.6549861,-0.54913914,-0.62513334,-0.5369264,-0.538052,-0.7220607,-0.59247446,-0.55206436,-0.7855028,-0.6442545,-0.58521086,-0.2885646,-0.21447542,-0.37365496,-0.6307503,-0.18811151,-0.6823701,-0.33566806,-0.58211774,-0.64147794,-0.23865971,-0.5355493,-0.73468506,-0.72482705,-0.699084,0.7629967,0.106412664,-0.643713,-0.54891825,0.5282085,-0.34753034,0.14923146,-0.24066508,0.7771069,-0.6940904,-0.093211964,0.21991211,-0.652806,-0.87933564,0.8983979,-0.40579566,0.560269,0.85925883,0.93268347,0.9370146,0.8991949,0.9613369,-0.59221035,0.6980335,-0.570385,-0.5738564,-0.6668504,-0.5628775,-0.59100485,-0.5853491,-0.6028255,-0.57637614,-0.7711936,-0.28500718,-0.41131592,-0.121458344,-0.516219,0.0661759,-0.28058347,-0.38053727,-0.77502596,-0.04945872,-0.7045408,-0.67080694,-0.60393333,-0.4737062,-0.55704695,-0.8542632,-0.5617962,-0.70969564,-0.6475822,-0.65493,0.5453467,-0.6179259,-0.52335167,0.6274122,0.6394303,0.12932128,-0.21170244,0.42521104,-0.59729123,0.43532023,-0.70414984,0.5783442,0.04569587,-0.68190235,-0.86447424,0.02767894,-0.6281385,0.846212,0.88533497,0.86285996,-0.7187089,-0.5236028
0.7367284,0.814155,0.7529943,0.73399144,0.7787651,0.7393085,0.78331244,0.7594631,0.7199819,0.41857046,0.22021085,0.22333625,0.08404262,0.025411256,0.16360734,0.752941,0.077885896,0.76739717,0.3092313,0.6839286,0.60868156,-0.018330827,0.39654428,0.46206725,0.21064451,0.22351624,-0.45219427,-0.13100615,0.5418701,0.17642131,-0.5283379,0.33195305,0.02466829,0.22170131,-0.6620853,0.7408718,0.24781425,-0.21431753,0.20227373,0.4537966,-0.5804525,-0.08887038,-0.6812953,-0.54509354,-0.68752086,-0.65138733,-0.63060033,-0.59221035,0.90028083,-0.22716132,0.6778511,0.7657727,0.7859377,0.73167884,0.75295794,0.7440597,0.7571374,0.749907,0.39420652,0.0017332827,0.17769378,0.087626144,0.39095998,-0.110239014,0.27289197,0.2347098,0.8564989,0.023562483,0.6174757,0.69416475,0.58286697,0.24634409,0.4807675,0.61447906,0.3644259,0.25772986,0.558085,0.36445275,-0.57581043,0.5685638,0.2284041,-0.5342773,-0.6622274,-0.3199698,0.12339062,-0.4783901,0.48069614,-0.54547536,0.6879364,-0.49585074,-0.14737374,0.44017267,0.41955107,-0.49317592,0.11317741,-0.63556945,-0.7264965,-0.68046534,0.8960352,0.6617031
-0.32716852,-0.2574577,-0.11204367,-0.3524943,-0.19989556,-0.096514955,-0.2894185,-0.1752095,-0.103319965,-0.6706108,-0.65440154,-0.65242887,-0.4271258,-0.33352238,-0.40842745,-0.32962218,-0.37735197,-0.43548,-0.4808972,-0.2892952,-0.46896166,-0.60012436,-0.63656175,-0.58202773,-0.68895775,-0.77188885,0.62236303,0.026080154,-0.4236784,-0.6178075,0.33270788,-0.10546403,0.15161246,-0.34645778,0.37971357,-0.24444157,0.20437305,0.30355424,-0.5392891,-0.65667397,0.68331236,-0.562657,0.15609342,0.6329831,0.66553843,0.6908099,0.6622599,0.6980335,-0.22716132,0.8623426,-0.21940388,-0.16430435,-0.33070242,-0.2770009,-0.13589431,-0.15271704,-0.2453199,-0.12252483,-0.70480597,-0.4797327,-0.5426673,-0.29901838,-0.40669185,-0.17337836,-0.28157094,-0.40169927,-0.41225266,-0.29614314,-0.587629,-0.5173157,-0.38246542,-0.6948837,-0.6349477,-0.5446762,-0.52413,-0.7604908,-0.42376995,-0.6122102,0.37213588,-0.21017918,-0.39375752,0.43111932,0.3895165,-0.15101656,-0.0076330276,0.17971788,-0.25891277,0.21549003,-0.3055589,0.61673796,0.21269146,-0.3561421,-0.6508739,-0.17095715,-0.7906801,0.5669193,0.6408982,0.61635673,-0.35939717,-0.07647825
0.86405003,0.87138283,0.77893174,0.83811337,0.82613677,0.7223849,0.74890196,0.8079898,0.6756804,0.21396823,0.0938967,-0.042352572,-0.10640735,-0.3182908,-0.19023672,0.85958123,-0.37611645,0.7881058,-0.09132066,0.2861629,0.22938107,-0.12789652,0.11555007,0.14311488,0.13643572,0.09517944,-0.6328075,-0.57099056,0.1663354,-0.06532243,-0.30328467,0.76029587,0.39175564,0.06273567,-0.5368956,0.49586502,-0.13962212,0.28258085,0.479088,0.36604172,-0.4598245,0.27623808,-0.33984512,-0.4819456,-0.5567299,-0.52412,-0.45485264,-0.570385,0.6778511,-0.21940388,0.93430316,0.8500556,0.8843789,0.8275355,0.7520927,0.7020365,0.8618657,0.6908152,0.20535678,-0.2370429,-0.10956026,-0.1376288,0.07261573,-0.4572746,-0.17730676,-0.17894417,0.7843723,-0.39438558,0.4086623,0.6778891,0.18254578,0.010915059,0.19202435,0.38799006,-0.033068463,0.07958901,0.17569098,0.029827222,-0.31019634,0.829357,-0.07874335,-0.34219283,-0.41341105,-0.11332889,-0.22894154,-0.25685218,0.1664271,-0.52293485,0.41933352,-0.4428063,0.31151462,0.7448714,0.34276265,-0.08904858,0.119573,-0.56390715,-0.5815071,-0.6260125,0.7457371,0.4460494
0.7874397,0.95707893,0.9388319,0.8035541,0.84566134,0.9106945,0.9012339,0.96075237,0.882072,0.23117507,0.054925077,-0.027902583,-0.12682292,-0.29253715,-0.14183334,0.87977386,-0.29005054,0.8260391,-0.023847386,0.42933476,0.33326593,-0.21692178,0.120657355,0.22572535,0.08498661,0.060206797,-0.540017,-0.45194688,0.28270262,-0.042933043,-0.45090598,0.57694095,0.25326413,0.09167784,-0.62379956,0.66350627,0.030568786,0.13697514,0.34307384,0.38958013,-0.46931946,0.028376792,-0.53975266,-0.528982,-0.5896599,-0.54716766,-0.48326853,-0.5738564,0.7657727,-0.16430435,0.8500556,0.9765824,0.91681564,0.793147,0.9151839,0.9030073,0.9485278,0.8897409,0.21013534,-0.24848895,-0.08717579,-0.14749183,0.20577177,-0.388784,-0.045411445,-0.08964149,0.86260235,-0.3217387,0.461892,0.6745765,0.31576994,-0.0110768825,0.21515019,0.47569558,0.059487246,0.065073006,0.29990226,0.093127914,-0.46175128,0.77074265,0.0017385148,-0.4183975,-0.51676214,-0.26172727,-0.08830695,-0.3707593,0.28008848,-0.57634616,0.52597576,-0.40613782,0.16775715,0.62249017,0.3490498,-0.34105462,-0.007947475,-0.647991,-0.62155306,-0.66581154,0.8136791,0.5518413
0.8556403,0.9474988,0.8582713,0.9085381,0.9001874,0.8068945,0.85785294,0.8925618,0.77297235,0.3212142,0.14718711,0.0716394,-0.060810827,-0.22492848,-0.07573417,0.9503832,-0.20807868,0.90849084,0.10377161,0.47024348,0.40889633,-0.028154109,0.28322598,0.30088413,0.18392518,0.19928777,-0.63979626,-0.4595132,0.3283385,0.067995556,-0.5114281,0.5953475,0.2984017,0.21906608,-0.62546206,0.64034456,-0.03617936,0.07467839,0.45739067,0.4664412,-0.57206595,0.16236669,-0.50717103,-0.6279176,-0.6790567,-0.64860994,-0.57552636,-0.6668504,0.7859377,-0.33070242,0.8843789,0.91681564,0.9739233,0.8893409,0.83016205,0.8104732,0.93682027,0.7900385,0.30557853,-0.17175895,-0.0029558,-0.10175572,0.22999409,-0.34935284,-0.010091716,-0.02883678,0.8960585,-0.24649139,0.59138876,0.81121457,0.36131513,0.16469795,0.3705991,0.525633,0.1293598,0.18515715,0.34871644,0.19258648,-0.5334472,0.7572415,0.06968311,-0.4414674,-0.5351565,-0.14315194,-0.098315865,-0.32847154,0.2998883,-0.56286454,0.55756164,-0.5368581,0.13011396,0.6575818,0.43669128,-0.29168952,0.16985303,-0.71216106,-0.70837677,-0.7281916,0.86387956,0.52975374
0.82025594,0.8467754,0.71920246,0.91798097,0.89020014,0.6669724,0.71021956,0.7516318,0.6216757,0.25627363,0.105897866,0.044796005,-0.05182659,-0.19822118,-0.07750679,0.88142043,-0.17426322,0.8316529,0.13127168,0.42273,0.36979806,0.029168438,0.2930228,0.23500863,0.121972874,0.1503776,-0.5616919,-0.4298287,0.26791877,0.040139586,-0.4305737,0.5628137,0.35555577,0.23555551,-0.50954664,0.529139,-0.060890272,0.07742813,0.39970425,0.3696999,-0.4865868,0.1640274,-0.40986973,-0.5196916,-0.5845562,-0.5593735,-0.4925626,-0.5628775,0.73167884,-0.2770009,0.8275355,0.793147,0.8893409,0.9261645,0.6874425,0.65952694,0.8223562,0.6346442,0.2484662,-0.15010759,-0.0040724385,-0.06080371,0.17402396,-0.2918353,-0.009497849,-0.033055738,0.79561853,-0.18701974,0.55137056,0.7682887,0.31104434,0.18657187,0.38240138,0.42255622,0.096566424,0.14345182,0.29181427,0.15141192,-0.46549004,0.6654707,0.01757741,-0.3631928,-0.4586811,-0.085925505,-0.13719603,-0.2529287,0.23217568,-0.4989689,0.47786903,-0.5157543,0.124948174,0.5678618,0.33741587,-0.26184225,0.155607,-0.5902927,-0.62272656,-0.62210965,0.79564214,0.4600426
0.69700766,0.89811766,0.95593095,0.69536984,0.7610892,0.95664275,0.9328728,0.9341271,0.9438935,0.29224694,0.09541301,0.019830238,-0.118363515,-0.22852688,-0.06798771,0.7885815,-0.23538873,0.7452986,-0.004607265,0.5020694,0.38794792,-0.25186157,0.11102741,0.3158558,0.12993963,0.101200506,-0.4722237,-0.32137725,0.37298894,0.02082722,-0.5102756,0.46968338,0.13832927,0.10683071,-0.66569805,0.75712174,0.1830624,0.08003409,0.3245531,0.4565899,-0.4834065,-0.046435058,-0.6266371,-0.5625052,-0.60944337,-0.5694093,-0.5163269,-0.59100485,0.75295794,-0.13589431,0.7520927,0.9151839,0.83016205,0.6874425,0.9610717,0.9496927,0.8687539,0.9378742,0.25029266,-0.23073933,-0.06630407,-0.1721995,0.2498461,-0.37529883,0.011012675,-0.023954866,0.84444845,-0.30813503,0.46433157,0.5977571,0.3939976,-0.021621527,0.18720698,0.56058395,0.13206461,0.10802354,0.38454837,0.16603565,-0.4991727,0.72335523,0.13315442,-0.42038456,-0.52283394,-0.2869501,0.07280643,-0.3866756,0.40687472,-0.50240684,0.6137942,-0.2968626,0.14615646,0.5786923,0.41507667,-0.37605897,-0.016534543,-0.6759007,-0.6172217,-0.65350914,0.78956676,0.63916826
0.64997184,0.88052464,0.947489,0.6669718,0.7422366,0.9595886,0.9336867,0.9315318,0.96282864,0.29181916,0.08769907,0.03752654,-0.105662584,-0.19660491,-0.04315312,0.767916,-0.17433,0.74136347,0.052872974,0.529005,0.421309,-0.21973926,0.14528555,0.33536133,0.11676644,0.10877046,-0.4479422,-0.2849921,0.3980414,0.046416298,-0.54918826,0.39434266,0.08477265,0.14054191,-0.6631594,0.76663977,0.19690359,0.01432563,0.2772069,0.44691044,-0.48513776,-0.10338503,-0.6562511,-0.57649624,-0.61274326,-0.57001394,-0.51975405,-0.5853491,0.7440597,-0.15271704,0.7020365,0.9030073,0.8104732,0.65952694,0.9496927,0.9740559,0.85212004,0.95536774,0.2508184,-0.21308787,-0.03997973,-0.15223503,0.28067738,-0.3196261,0.06310956,0.018569093,0.83328474,-0.24308008,0.48962766,0.59918475,0.4216719,0.014158801,0.22515124,0.5610721,0.1683753,0.1154162,0.41242683,0.19329455,-0.54591846,0.66406906,0.15029319,-0.43601507,-0.54326487,-0.2975582,0.089690104,-0.41079307,0.40776533,-0.50810254,0.6122992,-0.31946647,0.07775949,0.5200155,0.4049978,-0.4469222,-0.0244532,-0.69278526,-0.6233252,-0.65803707,0.7816365,0.61775297
0.8094394,0.948015,0.89393455,0.839221,0.8612654,0.8551408,0.8694822,0.9350054,0.8220688,0.2508825,0.083657056,0.0065434687,-0.09609401,-0.27647504,-0.13416356,0.91490984,-0.25875401,0.8711978,0.032064147,0.41831172,0.34607697,-0.11738167,0.18749112,0.23332061,0.11140148,0.1097547,-0.58974123,-0.4830559,0.27496576,-0.011074574,-0.45752162,0.5857059,0.28980803,0.14451942,-0.6029958,0.62196773,-0.0453227,0.12162816,0.38653404,0.4026165,-0.50029695,0.098150454,-0.49812162,-0.5601138,-0.6122138,-0.57670236,-0.50630766,-0.6028255,0.7571374,-0.2453199,0.8618657,0.9485278,0.93682027,0.8223562,0.8687539,0.85212004,0.9616625,0.8337886,0.23630527,-0.21800482,-0.053996436,-0.1196165,0.19688252,-0.36837134,-0.046771787,-0.08144983,0.86915493,-0.28370696,0.5114775,0.74049705,0.30768716,0.07295631,0.28562695,0.4684024,0.07215895,0.106946126,0.29510424,0.11600196,-0.4795647,0.7525896,-0.0024652444,-0.4210453,-0.5140908,-0.19791183,-0.13655451,-0.3448046,0.2472158,-0.5797546,0.5038433,-0.48377326,0.15381885,0.6280017,0.36389536,-0.3109195,0.06815383,-0.66394293,-0.65061927,-0.6885551,0.8235401,0.49912694
0.6457747,0.86844504,0.9305738,0.6414491,0.72037655,0.9478797,0.9228134,0.9205456,0.9571647,0.3022697,0.09448171,0.049214505,-0.10750625,-0.1619426,-0.003719668,0.74361825,-0.15377878,0.7122725,0.042590097,0.5562364,0.44824243,-0.27796948,0.13423587,0.3595091,0.12519808,0.094322205,-0.41966444,-0.2342346,0.43669313,0.049163334,-0.53466475,0.3766117,0.034091525,0.07886599,-0.6989256,0.7897147,0.25859037,-0.009810883,0.23156334,0.44858953,-0.49599022,-0.14870031,-0.7058043,-0.55724156,-0.614349,-0.5697044,-0.5325515,-0.57637614,0.749907,-0.12252483,0.6908152,0.8897409,0.7900385,0.6346442,0.9378742,0.95536774,0.8337886,0.9638677,0.2595168,-0.18959768,-0.027875893,-0.14473197,0.3193966,-0.28560922,0.10937984,0.062276907,0.8225901,-0.2204082,0.46788967,0.56124604,0.46157557,-0.017884102,0.21311681,0.5828438,0.20316708,0.11269704,0.45281652,0.21542807,-0.5368432,0.66976285,0.17058404,-0.47136268,-0.58032537,-0.37252343,0.13950585,-0.46570095,0.44998705,-0.5221222,0.63779885,-0.29742607,0.0571594,0.5142471,0.40272653,-0.4656232,-0.0606116,-0.68050694,-0.626266,-0.6558572,0.7771503,0.65002126
0.3965434,0.2952727,0.18471432,0.31121343,0.20315531,0.19052139,0.3926516,0.22994915,0.22903542,0.9452675,0.9066403,0.8950999,0.61053497,0.6086446,0.70470035,0.25669044,0.54987454,0.36698937,0.527503,0.54198873,0.68916094,0.41373324,0.65458024,0.8505216,0.8894434,0.8735138,-0.5750798,0.2640845,0.716005,0.75773484,-0.38843846,0.039270982,-0.4885819,0.19825953,-0.6344839,0.51168585,0.19599527,-0.49308938,0.42351025,0.82662034,-0.83438575,0.39787352,-0.4676366,-0.65136504,-0.7920726,-0.808594,-0.84646785,-0.7711936,0.39420652,-0.70480597,0.20535678,0.21013534,0.30557853,0.2484662,0.25029266,0.2508184,0.23630527,0.2595168,0.96081376,0.68551123,0.75584835,0.46365166,0.6320562,0.2832551,0.53419286,0.6651628,0.4908542,0.40912187,0.5760652,0.4076473,0.6525283,0.63452363,0.63114846,0.80597985,0.8083432,0.9234852,0.7089616,0.8283439,-0.42850202,0.28685543,0.6349811,-0.66669965,-0.6254812,-0.16246769,0.33060074,-0.49462086,0.6066197,-0.29386312,0.57936025,-0.55699635,-0.34954795,0.40965325,0.8048505,0.036553442,0.74150324,-0.60467803,-0.75907207,-0.7095771,0.46646446,0.37336653
-0.0038458891,-0.1726944,-0.2925778,-0.10594353,-0.21108566,-0.27121454,-0.13849904,-0.23688251,-0.2288914,0.6270812,0.7222581,0.8412938,0.73382044,0.71655047,0.69667006,-0.21808873,0.7225707,-0.07982722,0.49417442,0.20344543,0.3956262,0.41255233,0.48059285,0.53485847,0.664587,0.62958384,-0.21005425,0.45550394,0.41561848,0.5999274,-0.017935537,-0.2779329,-0.6304727,0.0042353924,-0.21823534,0.04081881,0.08933653,-0.5817467,-0.0066377083,0.3743181,-0.4500104,0.23333356,-0.13832283,-0.1672735,-0.3334521,-0.35545814,-0.4390152,-0.28500718,0.0017332827,-0.4797327,-0.2370429,-0.24848895,-0.17175895,-0.15010759,-0.23073933,-0.21308787,-0.21800482,-0.18959768,0.68551123,0.9140061,0.8672601,0.72557145,0.5850661,0.6423321,0.59661716,0.6731498,-0.020690385,0.6948016,0.1976332,-0.017409667,0.36946756,0.5326439,0.47202337,0.3579905,0.7023949,0.71146387,0.41023123,0.61412525,-0.09437479,-0.16848323,0.36891824,-0.48085386,-0.38525075,-0.17831248,0.1702536,-0.39225963,0.2578826,-0.12807325,0.1184596,-0.4137903,-0.5651587,-0.008656088,0.360074,0.107650444,0.5281328,-0.114099815,-0.34916058,-0.30389416,0.0010878439,-0.052311514
0.13265371,-0.0020299684,-0.1192165,0.049364947,-0.050193794,-0.102231026,0.042126335,-0.067985065,-0.06439125,0.70692885,0.75822675,0.8756206,0.7451011,0.7109177,0.7217452,-0.046033017,0.7369745,0.0966451,0.5891691,0.35781384,0.531193,0.45640016,0.598245,0.63532954,0.6930659,0.68712705,-0.29086363,0.42977428,0.5243627,0.65303385,-0.17863666,-0.24573158,-0.59606797,0.12754682,-0.3345871,0.20291272,0.13538125,-0.64708215,0.0472194,0.473369,-0.5607848,0.21117902,-0.2765321,-0.30545127,-0.47524118,-0.49130636,-0.5642974,-0.41131592,0.17769378,-0.5426673,-0.10956026,-0.08717579,-0.0029558,-0.0040724385,-0.06630407,-0.03997973,-0.053996436,-0.027875893,0.75584835,0.8672601,0.9167947,0.73422694,0.643186,0.6095786,0.64434206,0.71359384,0.1676203,0.6955422,0.36166102,0.15972793,0.49634147,0.6136769,0.5973929,0.488941,0.7700126,0.76822317,0.5249901,0.69230294,-0.26206577,-0.077492386,0.4401719,-0.556486,-0.49765438,-0.1858708,0.2154243,-0.44804716,0.35785225,-0.2033275,0.27296376,-0.513542,-0.6151264,0.041695524,0.4489984,-0.02553961,0.56223357,-0.26738778,-0.4970794,-0.43484917,0.18867007,0.085310705
0.072473854,-0.08896653,-0.20349371,-0.033211455,-0.099610746,-0.19265102,-0.13492891,-0.15505712,-0.17844802,0.3962378,0.4952957,0.6155927,0.71101046,0.55255306,0.52282757,-0.13540001,0.58944243,-0.021223268,0.414779,0.13203432,0.28392342,0.32454967,0.39491528,0.31544325,0.40979195,0.38390037,-0.13498926,0.34270823,0.25147918,0.37235028,0.071324535,-0.20093957,-0.45780516,-0.028925799,-0.11081429,-0.03282594,0.017053856,-0.51207906,-0.1631777,0.13982376,-0.29575488,0.1236419,-0.08135898,0.010825215,-0.18929455,-0.20675185,-0.28467825,-0.121458344,0.087626144,-0.29901838,-0.1376288,-0.14749183,-0.10175572,-0.06080371,-0.1721995,-0.15223503,-0.1196165,-0.14473197,0.46365166,0.72557145,0.73422694,0.8624451,0.47669595,0.5839957,0.5076682,0.52319914,-0.001432919,0.63157,0.10902978,0.012458716,0.2518052,0.41604453,0.41730005,0.17430668,0.522467,0.4618864,0.26520082,0.39461255,-0.030098079,-0.15274702,0.11143848,-0.42218852,-0.34878597,-0.20842205,-0.0027485937,-0.38532108,0.092182755,-0.18531103,0.010847103,-0.45295575,-0.58110875,-0.07311189,0.111130655,-0.009223396,0.30586308,0.019947872,-0.27269635,-0.22284085,0.046053074,-0.084005155
0.24912864,0.26039678,0.18554829,0.21269652,0.16706538,0.22104092,0.3331508,0.23640816,0.2733573,0.63475704,0.5592296,0.6755856,0.4620204,0.5750302,0.64243865,0.16412818,0.62855124,0.27641323,0.5250485,0.5799734,0.68461835,0.17023733,0.521317,0.68886596,0.5572258,0.5114253,-0.2690792,0.3882954,0.6839976,0.54683644,-0.36191568,-0.1592013,-0.5968701,0.052398168,-0.58904594,0.5046238,0.3432632,-0.6067686,-0.027301773,0.50234437,-0.64758384,-0.051397055,-0.6046854,-0.42954153,-0.6085609,-0.5946799,-0.6738558,-0.516219,0.39095998,-0.40669185,0.07261573,0.20577177,0.22999409,0.17402396,0.2498461,0.28067738,0.19688252,0.3193966,0.6320562,0.5850661,0.643186,0.47669595,0.80020595,0.518278,0.7242141,0.7203715,0.38826343,0.5945618,0.4669193,0.27017984,0.682482,0.4484501,0.5796808,0.62700814,0.77553475,0.59017646,0.684404,0.6885822,-0.43646556,0.1213249,0.47106737,-0.6763443,-0.6866305,-0.4189138,0.35953292,-0.60833037,0.5231984,-0.3687818,0.4936693,-0.44976893,-0.546684,0.15149677,0.4714159,-0.29274988,0.33223224,-0.46227843,-0.61543477,-0.5790676,0.39905506,0.33881488
-0.2586606,-0.34198585,-0.41354737,-0.27657205,-0.32578176,-0.37440655,-0.32626873,-0.3679964,-0.3258075,0.24017143,0.30872816,0.50484484,0.46996206,0.61191285,0.55638087,-0.37500894,0.7457151,-0.23989783,0.49066693,0.16033667,0.3012653,0.26912206,0.3539244,0.29188597,0.24605556,0.24572448,0.15880395,0.55612624,0.28147894,0.36098805,0.015415742,-0.5176431,-0.59459984,-0.020771855,-0.005103153,-0.08918792,0.17197086,-0.6481398,-0.40862042,-0.014688202,-0.13467403,-0.17019388,-0.12857006,0.0965524,-0.032102272,-0.03770244,-0.13784537,0.0661759,-0.110239014,-0.17337836,-0.4572746,-0.388784,-0.34935284,-0.2918353,-0.37529883,-0.3196261,-0.36837134,-0.28560922,0.2832551,0.6423321,0.6095786,0.5839957,0.518278,0.8550343,0.6629511,0.62339014,-0.23144138,0.81288886,0.06276792,-0.17344278,0.29443315,0.37023947,0.38122237,0.07369903,0.5500167,0.32559934,0.2838473,0.40096277,-0.06880041,-0.4390809,0.20489696,-0.30619687,-0.2606866,-0.2506664,0.19167012,-0.3003911,0.0999084,-0.055783123,-0.04974728,-0.21481521,-0.693123,-0.37665123,-0.02656201,-0.16532704,0.14754283,0.10972239,-0.07060669,-0.021416172,-0.17296718,-0.16132575
0.018686105,0.023651404,-0.04525327,0.014988908,-0.009982932,0.0021720696,0.10130171,-0.00793943,0.058367528,0.54246306,0.45907706,0.6529012,0.4549354,0.7495722,0.78855217,-0.05316285,0.80895567,0.082787015,0.68050265,0.62937164,0.7379707,0.24966034,0.59990287,0.68217134,0.44077694,0.43753046,0.008683458,0.65319127,0.73357165,0.6002801,-0.31436694,-0.39995497,-0.6817708,0.123028986,-0.40136,0.3945871,0.47560227,-0.7890406,-0.25905246,0.332616,-0.47406334,-0.24220353,-0.561548,-0.25801957,-0.41898832,-0.41111284,-0.5159536,-0.28058347,0.27289197,-0.28157094,-0.17730676,-0.045411445,-0.010091716,-0.009497849,0.011012675,0.06310956,-0.046771787,0.10937984,0.53419286,0.59661716,0.64434206,0.5076682,0.7242141,0.6629511,0.9282145,0.89334345,0.18081947,0.7599062,0.41639453,0.1278772,0.7514713,0.50393856,0.6242871,0.5138129,0.84518456,0.51920825,0.7364827,0.74616486,-0.40149954,-0.13718596,0.54062116,-0.56699014,-0.5948152,-0.41332626,0.5083821,-0.5267311,0.5177429,-0.22295803,0.42239,-0.31748703,-0.7283988,-0.14108506,0.3130268,-0.40428686,0.2503811,-0.27562392,-0.42850858,-0.34631032,0.2361784,0.26732472
0.030335383,-0.008929923,-0.0934151,0.0024408915,-0.053699955,-0.04798141,0.09421933,-0.048693195,0.014198943,0.67391735,0.61353433,0.7692354,0.53685653,0.8415778,0.8819022,-0.072458565,0.8275095,0.07589325,0.70681435,0.6222968,0.7677389,0.34370518,0.6589774,0.7800576,0.60120475,0.59592557,-0.0800043,0.6726946,0.7800044,0.7332206,-0.31970292,-0.36472052,-0.7111796,0.1720826,-0.43189144,0.4021474,0.4697359,-0.7761849,-0.10397193,0.47228128,-0.56281435,-0.080459505,-0.5224811,-0.3461268,-0.49534303,-0.49334788,-0.59496176,-0.38053727,0.2347098,-0.40169927,-0.17894417,-0.08964149,-0.02883678,-0.033055738,-0.023954866,0.018569093,-0.08144983,0.062276907,0.6651628,0.6731498,0.71359384,0.52319914,0.7203715,0.62339014,0.89334345,0.94935614,0.18202956,0.7419242,0.46243978,0.14019969,0.7730441,0.5872055,0.6517836,0.6015585,0.9104579,0.6695804,0.77967054,0.8475452,-0.394674,-0.10383664,0.65553695,-0.5731492,-0.57502127,-0.32406598,0.56149864,-0.4909503,0.58820903,-0.16070418,0.4625256,-0.3308854,-0.670269,-0.056754213,0.4565308,-0.2585665,0.41972554,-0.32998323,-0.47476947,-0.3931717,0.22466391,0.2776919
0.80962807,0.9063952,0.8434526,0.82277215,0.8313048,0.81892955,0.9014186,0.8632428,0.8047889,0.5186418,0.31279597,0.2715069,0.0768465,-0.030394847,0.12934986,0.8737819,-0.004568361,0.8855437,0.27413535,0.65757096,0.6043735,0.052066863,0.42911226,0.52636325,0.34517276,0.36848837,-0.6430892,-0.2586342,0.5482447,0.2643711,-0.61220145,0.44393015,0.08867703,0.29723275,-0.7405744,0.79138297,0.14562628,-0.12155549,0.45371872,0.6275774,-0.7068479,0.112734824,-0.6635159,-0.7366594,-0.81676066,-0.7913843,-0.73599243,-0.77502596,0.8564989,-0.41225266,0.7843723,0.86260235,0.8960585,0.79561853,0.84444845,0.83328474,0.86915493,0.8225901,0.4908542,-0.020690385,0.1676203,-0.001432919,0.38826343,-0.23144138,0.18081947,0.18202956,0.9589534,-0.09081522,0.70967704,0.81236804,0.56660914,0.30283487,0.5010803,0.7113189,0.35557768,0.3713918,0.5627884,0.41490203,-0.64266706,0.6958278,0.29494935,-0.5539983,-0.65567046,-0.20228814,0.10287455,-0.43735152,0.51116973,-0.5521395,0.7283881,-0.565382,-0.0137551045,0.61814773,0.59405255,-0.368687,0.2775774,-0.8055892,-0.8307001,-0.8123797,0.9294224,0.6588861
-0.17516539,-0.2441658,-0.33584517,-0.16407244,-0.2185005,-0.30633718,-0.22195461,-0.29413888,-0.2596026,0.37333447,0.39191753,0.6145215,0.53650784,0.6911726,0.66610587,-0.26026127,0.8725593,-0.10212004,0.6767854,0.32893804,0.47053722,0.4283852,0.5610804,0.44292957,0.32896554,0.38083154,0.086107254,0.61108416,0.42629206,0.51053095,-0.1259487,-0.5454055,-0.5948488,0.158746,-0.071522854,0.030345973,0.21611229,-0.78940374,-0.33794302,0.10881743,-0.2559096,-0.15357025,-0.2207923,-0.045293573,-0.17722395,-0.17969751,-0.26710176,-0.04945872,0.023562483,-0.29614314,-0.39438558,-0.3217387,-0.24649139,-0.18701974,-0.30813503,-0.24308008,-0.28370696,-0.2204082,0.40912187,0.6948016,0.6955422,0.63157,0.5945618,0.81288886,0.7599062,0.7419242,-0.09081522,0.9276219,0.251256,-0.00497278,0.4517384,0.5520318,0.5733149,0.21564683,0.6781055,0.45548636,0.43737578,0.5602224,-0.22476774,-0.42293936,0.3445099,-0.37038326,-0.3555256,-0.20314988,0.26483712,-0.32058758,0.21091457,-0.082626574,0.094299994,-0.32760823,-0.8053428,-0.3771139,0.09328206,-0.26807716,0.26967505,-0.016839253,-0.21116848,-0.12333807,-0.019809667,-0.06671929
0.4885828,0.5451012,0.45510042,0.5965338,0.5500899,0.43780178,0.60151154,0.47555447,0.44779038,0.61016613,0.4178693,0.47318566,0.22544166,0.2768924,0.3998744,0.61977464,0.38464886,0.7093288,0.663817,0.73743975,0.75885916,0.50511783,0.7607265,0.6975393,0.44031733,0.6033969,-0.44397542,0.11309257,0.6720876,0.5921775,-0.7151679,0.07646239,-0.024709579,0.65313387,-0.51136446,0.6628772,0.22943643,-0.4201377,0.43345964,0.6556158,-0.6836807,0.1439459,-0.53629565,-0.7765627,-0.7712505,-0.7681583,-0.7183757,-0.7045408,0.6174757,-0.587629,0.4086623,0.461892,0.59138876,0.55137056,0.46433157,0.48962766,0.5114775,0.46788967,0.5760652,0.1976332,0.36166102,0.10902978,0.4669193,0.06276792,0.41639453,0.46243978,0.70967704,0.251256,0.9105264,0.78831494,0.6906624,0.68558633,0.774313,0.7148756,0.5742769,0.571815,0.6858346,0.67315525,-0.74905056,0.30393702,0.59089214,-0.4106422,-0.50556016,0.09040321,0.3531381,-0.19336021,0.5852183,-0.22103307,0.7053238,-0.5085299,-0.25277185,0.28350306,0.6401161,-0.34662867,0.53877294,-0.7519735,-0.73288774,-0.6442413,0.7192582,0.5079624
0.7057519,0.7440294,0.6234944,0.8090174,0.7608541,0.57356244,0.6887057,0.65806305,0.54464865,0.41660774,0.24852188,0.23470311,0.081848875,-0.036998753,0.08413766,0.8494487,0.05998209,0.8923185,0.4255156,0.5418408,0.5389326,0.36716315,0.5749911,0.4271912,0.2631297,0.40111625,-0.5941677,-0.2770536,0.41462636,0.30578777,-0.59229046,0.3742088,0.27812797,0.5357311,-0.47551185,0.5607563,-0.053609163,-0.13409786,0.501172,0.51557076,-0.59767175,0.24030802,-0.40817612,-0.69439685,-0.70325685,-0.69295,-0.6058773,-0.67080694,0.69416475,-0.5173157,0.6778891,0.6745765,0.81121457,0.7682887,0.5977571,0.59918475,0.74049705,0.56124604,0.4076473,-0.017409667,0.15972793,0.012458716,0.27017984,-0.17344278,0.1278772,0.14019969,0.81236804,-0.00497278,0.78831494,0.9340748,0.4492839,0.50907165,0.6339732,0.54336137,0.27769884,0.3647757,0.4332866,0.37965426,-0.63108504,0.5067393,0.2506942,-0.3627478,-0.4566197,0.10394645,-0.007970584,-0.15492989,0.33401978,-0.3767984,0.55752385,-0.6106672,-0.041877147,0.45522732,0.4928146,-0.2738912,0.41300952,-0.71043,-0.7147216,-0.67214143,0.8071152,0.4301484
0.32040173,0.39139223,0.3350491,0.33437812,0.33293927,0.371769,0.505884,0.3557092,0.4183781,0.7049166,0.50608593,0.6070467,0.31012785,0.56296194,0.6908363,0.31948954,0.5910597,0.4294361,0.6529449,0.8954853,0.94356084,0.2026993,0.6698748,0.86951566,0.52645916,0.544298,-0.23971778,0.45379806,0.9530076,0.6411222,-0.59747666,-0.12312925,-0.4960442,0.2941127,-0.6840415,0.75950694,0.573254,-0.6482527,0.08442131,0.63239896,-0.7034769,-0.1577032,-0.8013115,-0.6088947,-0.73420393,-0.7090384,-0.76763,-0.60393333,0.58286697,-0.38246542,0.18254578,0.31576994,0.36131513,0.31104434,0.3939976,0.4216719,0.30768716,0.46157557,0.6525283,0.36946756,0.49634147,0.2518052,0.682482,0.29443315,0.7514713,0.7730441,0.56660914,0.4517384,0.6906624,0.4492839,0.9700771,0.513922,0.67696875,0.8219104,0.84070563,0.59484625,0.957565,0.8374418,-0.6468141,0.22107156,0.719671,-0.6301042,-0.71835786,-0.36301437,0.61797345,-0.53934616,0.7797543,-0.3177688,0.78104436,-0.36623448,-0.477207,0.17972127,0.61235607,-0.4726768,0.3516164,-0.63161623,-0.69212437,-0.6072116,0.59795713,0.62521553
0.19112808,0.09391244,-0.03619285,0.25195536,0.13976234,-0.056593567,0.13024023,0.0007680196,-0.038214467,0.6118237,0.56971073,0.66518986,0.5016738,0.540902,0.56801736,0.204027,0.64500165,0.35132194,0.8077988,0.46481287,0.61387324,0.82068515,0.8586142,0.62659276,0.5492752,0.73872584,-0.32699502,0.30261874,0.5105557,0.72607744,-0.4176619,-0.1781976,-0.18704182,0.63097024,-0.19219902,0.24166963,0.038364902,-0.58317196,0.3063767,0.5076531,-0.5450821,0.3068438,-0.18489343,-0.52032197,-0.5375904,-0.56021273,-0.5438504,-0.4737062,0.24634409,-0.6948837,0.010915059,-0.0110768825,0.16469795,0.18657187,-0.021621527,0.014158801,0.07295631,-0.017884102,0.63452363,0.5326439,0.6136769,0.41604453,0.4484501,0.37023947,0.50393856,0.5872055,0.30283487,0.5520318,0.68558633,0.50907165,0.513922,0.91942286,0.8239181,0.48504746,0.6377536,0.7165357,0.52127707,0.7059134,-0.481821,-0.07549389,0.55008197,-0.31693387,-0.33144772,0.23890837,0.24028882,-0.086325385,0.3555774,-0.040900625,0.36174384,-0.5404501,-0.47266167,0.021307783,0.5037363,-0.08459461,0.7280295,-0.4267003,-0.52203155,-0.41374034,0.33641902,0.10593815
0.36502242,0.31760168,0.17310387,0.42969984,0.3486237,0.16124457,0.3251317,0.22358164,0.17672,0.62236464,0.5154908,0.63510716,0.44398403,0.51274794,0.58213323,0.38958925,0.6467422,0.52976954,0.82503974,0.6409451,0.76248014,0.6361687,0.87234604,0.6831338,0.49531865,0.63995767,-0.3833296,0.26677147,0.6484703,0.65874004,-0.51890075,-0.09213231,-0.23205537,0.5374327,-0.39902496,0.43022215,0.12851536,-0.6483003,0.19539312,0.5149271,-0.6479698,0.13738975,-0.43289155,-0.574629,-0.6623751,-0.66206026,-0.66493917,-0.55704695,0.4807675,-0.6349477,0.19202435,0.21515019,0.3705991,0.38240138,0.18720698,0.22515124,0.28562695,0.21311681,0.63114846,0.47202337,0.5973929,0.41730005,0.5796808,0.38122237,0.6242871,0.6517836,0.5010803,0.5733149,0.774313,0.6339732,0.67696875,0.8239181,0.92238927,0.5890257,0.70995474,0.6497842,0.66522753,0.73592436,-0.60930556,0.082200125,0.51188284,-0.5098525,-0.5659238,-0.014421138,0.2343493,-0.3102261,0.43729013,-0.27963305,0.49747416,-0.65763044,-0.5569752,0.10142568,0.4936403,-0.3119828,0.5817374,-0.54673594,-0.6741353,-0.57460564,0.54281086,0.27223766
0.49722874,0.5493975,0.49182287,0.4688195,0.4355717,0.51430005,0.6834804,0.5137637,0.55498093,0.85568225,0.6732801,0.66832113,0.33645803,0.42954513,0.5817555,0.4707662,0.39095676,0.550073,0.4720441,0.78443944,0.82017744,0.18781236,0.5884366,0.9026284,0.7254883,0.7069096,-0.5288346,0.21737438,0.86314404,0.6634682,-0.606463,0.114536375,-0.3928496,0.2664742,-0.8178719,0.82785654,0.4390822,-0.42033046,0.4408421,0.8835491,-0.8618953,0.14977042,-0.7462849,-0.80037725,-0.9005565,-0.8924398,-0.90834963,-0.8542632,0.61447906,-0.5446762,0.38799006,0.47569558,0.525633,0.42255622,0.56058395,0.5610721,0.4684024,0.5828438,0.80597985,0.3579905,0.488941,0.17430668,0.62700814,0.07369903,0.5138129,0.6015585,0.7113189,0.21564683,0.7148756,0.54336137,0.8219104,0.48504746,0.5890257,0.963906,0.75635934,0.73734117,0.8598246,0.81180394,-0.6165805,0.46722603,0.7315177,-0.6556523,-0.7034955,-0.2559313,0.521119,-0.523478,0.81564176,-0.34752148,0.8481952,-0.4255486,-0.20632772,0.49577636,0.86628145,-0.21474588,0.53483576,-0.7970189,-0.83146745,-0.7804015,0.6901159,0.6847815
0.17587397,0.15142743,0.060720287,0.14111005,0.07917707,0.09944211,0.2629859,0.10302864,0.15874648,0.81968164,0.7297568,0.8535309,0.57703304,0.7902047,0.8714657,0.077859424,0.7963222,0.22606766,0.71289784,0.70457447,0.84287375,0.36706126,0.72341317,0.8896129,0.722204,0.7154698,-0.25737822,0.5815936,0.863817,0.7907199,-0.4255197,-0.26860204,-0.6987179,0.20847861,-0.5762882,0.5332578,0.44925642,-0.7680421,0.0579519,0.64217955,-0.7177422,0.015325889,-0.61420596,-0.51259315,-0.67177975,-0.666054,-0.75108,-0.5617962,0.3644259,-0.52413,-0.033068463,0.059487246,0.1293598,0.096566424,0.13206461,0.1683753,0.07215895,0.20316708,0.8083432,0.7023949,0.7700126,0.522467,0.77553475,0.5500167,0.84518456,0.9104579,0.35557768,0.6781055,0.5742769,0.27769884,0.84070563,0.6377536,0.70995474,0.75635934,0.97167647,0.79173034,0.8621638,0.9174494,-0.49366695,0.041968785,0.7199017,-0.6767173,-0.68181145,-0.33356506,0.5506055,-0.5630732,0.67709327,-0.2555061,0.5930419,-0.4424988,-0.641468,0.09677036,0.6251764,-0.25467512,0.5265861,-0.49291933,-0.6386945,-0.55624604,0.38070464,0.38850737
0.27211672,0.16039404,0.04392281,0.21501505,0.08618366,0.046850547,0.26464266,0.087554894,0.08650097,0.90973055,0.8982928,0.90615165,0.6323238,0.64467347,0.7129266,0.15625285,0.5977891,0.28313583,0.5859842,0.47358704,0.6434822,0.5601216,0.701475,0.82542783,0.8951189,0.9359112,-0.51407504,0.3166786,0.6609585,0.82479537,-0.3667301,-0.0588467,-0.46935987,0.30348906,-0.49662063,0.39927033,0.1483915,-0.5059218,0.46250695,0.80056167,-0.77316236,0.4552462,-0.3366822,-0.6296872,-0.7174977,-0.74504554,-0.7694156,-0.70969564,0.25772986,-0.7604908,0.07958901,0.065073006,0.18515715,0.14345182,0.10802354,0.1154162,0.106946126,0.11269704,0.9234852,0.71146387,0.76822317,0.4618864,0.59017646,0.32559934,0.51920825,0.6695804,0.3713918,0.45548636,0.571815,0.3647757,0.59484625,0.7165357,0.6497842,0.73734117,0.79173034,0.970458,0.65461385,0.8394006,-0.40068263,0.15401568,0.6693661,-0.558713,-0.5027501,-0.009046531,0.34953642,-0.35284173,0.55535376,-0.15557754,0.4966526,-0.5156051,-0.35863847,0.32036448,0.79278934,0.11770603,0.8308768,-0.54783833,-0.6717881,-0.61184764,0.3502355,0.2595784
0.32265747,0.37866658,0.32192332,0.324103,0.3035622,0.3602383,0.5093652,0.34718955,0.40936032,0.76259077,0.5744039,0.6573014,0.34760302,0.5839745,0.71538055,0.3040576,0.5881157,0.41247377,0.6308791,0.8768348,0.93680465,0.20937327,0.666285,0.9080361,0.6061832,0.604051,-0.28642604,0.4477964,0.97150314,0.68075264,-0.58466256,-0.11325881,-0.5272492,0.27216512,-0.71167004,0.759599,0.55849534,-0.6354475,0.14422879,0.69186956,-0.7435099,-0.08763685,-0.78947765,-0.63755393,-0.7651723,-0.74346626,-0.8047037,-0.6475822,0.558085,-0.42376995,0.17569098,0.29990226,0.34871644,0.29181427,0.38454837,0.41242683,0.29510424,0.45281652,0.7089616,0.41023123,0.5249901,0.26520082,0.684404,0.2838473,0.7364827,0.77967054,0.5627884,0.43737578,0.6858346,0.4332866,0.957565,0.52127707,0.66522753,0.8598246,0.8621638,0.65461385,0.97658175,0.8681867,-0.62638885,0.24151891,0.7535708,-0.6484293,-0.72325975,-0.35410345,0.62724674,-0.5480027,0.7990031,-0.31505236,0.7909223,-0.36844802,-0.4556136,0.22665167,0.6744203,-0.40004504,0.41320693,-0.6508105,-0.71272707,-0.63251567,0.581982,0.627009
0.21550922,0.1868554,0.09537241,0.20642662,0.12857902,0.12298542,0.32092464,0.13269475,0.17734864,0.8535782,0.7503532,0.82804596,0.52258384,0.73806274,0.8294307,0.15973878,0.7167089,0.29849094,0.726847,0.7192528,0.85583043,0.47189978,0.77336484,0.92914975,0.76663184,0.80517006,-0.32680398,0.5186198,0.87144154,0.85872,-0.50404894,-0.1863208,-0.56514406,0.36116007,-0.57155794,0.5708079,0.42349675,-0.67392385,0.2525843,0.74588275,-0.7590904,0.14632568,-0.57080674,-0.6352687,-0.7326921,-0.7370273,-0.7908835,-0.65493,0.36445275,-0.6122102,0.029827222,0.093127914,0.19258648,0.15141192,0.16603565,0.19329455,0.11600196,0.21542807,0.8283439,0.61412525,0.69230294,0.39461255,0.6885822,0.40096277,0.74616486,0.8475452,0.41490203,0.5602224,0.67315525,0.37965426,0.8374418,0.7059134,0.73592436,0.81180394,0.9174494,0.8394006,0.8681867,0.96347,-0.5444978,0.107214615,0.81065387,-0.59121454,-0.6048276,-0.15389599,0.5917187,-0.42855817,0.724054,-0.16682033,0.6529949,-0.41681403,-0.4904397,0.18363655,0.7354764,-0.16625762,0.65139246,-0.58619475,-0.66947895,-0.5840588,0.4217043,0.4252007
-0.34939283,-0.5286695,-0.49799007,-0.49331337,-0.5077668,-0.50325197,-0.6046089,-0.49889618,-0.5159784,-0.4590611,-0.24473047,-0.34427398,-0.092451066,-0.18245095,-0.29788175,-0.5397885,-0.3339565,-0.6071015,-0.5549276,-0.71320057,-0.6787612,-0.2787286,-0.56577575,-0.5888771,-0.24757966,-0.39725313,0.27263623,-0.117378086,-0.6107186,-0.4238124,0.824273,0.060061134,0.09580968,-0.5392076,0.47989863,-0.6674144,-0.2860543,0.42051226,-0.21389627,-0.50440526,0.51893705,0.14264011,0.61015147,0.6585133,0.6240732,0.61038995,0.57002115,0.5453467,-0.57581043,0.37213588,-0.31019634,-0.46175128,-0.5334472,-0.46549004,-0.4991727,-0.54591846,-0.4795647,-0.5368432,-0.42850202,-0.09437479,-0.26206577,-0.030098079,-0.43646556,-0.06880041,-0.40149954,-0.394674,-0.64266706,-0.22476774,-0.74905056,-0.63108504,-0.6468141,-0.481821,-0.60930556,-0.6165805,-0.49366695,-0.40068263,-0.62638885,-0.5444978,0.8863488,-0.21149158,-0.49107605,0.37439483,0.4871018,0.06786362,-0.34877598,0.23831874,-0.5200038,0.25282973,-0.6442292,0.3543164,0.28852376,-0.12332072,-0.48339045,0.52509207,-0.27168852,0.68124366,0.60011274,0.53688455,-0.64738667,-0.49173975
0.76460135,0.7712809,0.7135513,0.6815304,0.6616039,0.6786058,0.7200893,0.7430308,0.66174465,0.31215507,0.20230937,0.041975453,-0.071366586,-0.2204214,-0.086841166,0.70119494,-0.37827665,0.63665414,-0.20116109,0.2611282,0.23196928,-0.25465286,0.026373303,0.2261369,0.28537038,0.15866014,-0.62203276,-0.469607,0.2364421,0.005149988,-0.21545628,0.7649562,0.20679364,-0.1252615,-0.6333308,0.52753925,-0.031411637,0.31497777,0.5073354,0.4642043,-0.5207701,0.32161704,-0.372625,-0.48271725,-0.5728657,-0.54724914,-0.50946534,-0.6179259,0.5685638,-0.21017918,0.829357,0.77074265,0.7572415,0.6654707,0.72335523,0.66406906,0.7525896,0.66976285,0.28685543,-0.16848323,-0.077492386,-0.15274702,0.1213249,-0.4390809,-0.13718596,-0.10383664,0.6958278,-0.42293936,0.30393702,0.5067393,0.22107156,-0.07549389,0.082200125,0.46722603,0.041968785,0.15401568,0.24151891,0.107214615,-0.21149158,0.9047183,0.017005883,-0.40293708,-0.42893058,-0.20799571,-0.10106099,-0.34873807,0.27446473,-0.4758829,0.44819468,-0.336267,0.38512224,0.84501797,0.45033544,0.04944168,0.14625415,-0.5504457,-0.57025945,-0.63598365,0.63972735,0.4690198
0.027004676,0.07456584,0.059056573,0.059421703,0.02468494,0.09517405,0.275828,0.052002847,0.15406688,0.70115995,0.5532812,0.6176202,0.3106867,0.57470024,0.6559329,0.056946903,0.5427618,0.15879168,0.5657747,0.66147006,0.70512056,0.37895983,0.58444774,0.8203366,0.59692657,0.6789815,-0.095630005,0.56105304,0.76918155,0.7599455,-0.5130863,-0.261268,-0.43055195,0.4534134,-0.41227108,0.5805574,0.5845114,-0.48669696,0.31162602,0.696849,-0.5569915,0.059628636,-0.4815026,-0.5741073,-0.5636035,-0.5786036,-0.6041913,-0.52335167,0.2284041,-0.39375752,-0.07874335,0.0017385148,0.06968311,0.01757741,0.13315442,0.15029319,-0.0024652444,0.17058404,0.6349811,0.36891824,0.4401719,0.11143848,0.47106737,0.20489696,0.54062116,0.65553695,0.29494935,0.3445099,0.59089214,0.2506942,0.719671,0.55008197,0.51188284,0.7315177,0.7199017,0.6693661,0.7535708,0.81065387,-0.49107605,0.017005883,0.9063383,-0.2884861,-0.31098688,0.06694942,0.76399004,-0.142684,0.7864987,0.16217954,0.6809403,-0.07865448,-0.24898261,0.08201052,0.70134026,-0.12469742,0.52139044,-0.49794102,-0.44247067,-0.3500021,0.29530722,0.4962825
-0.48068973,-0.4835862,-0.36968437,-0.3967565,-0.347816,-0.39810818,-0.48710755,-0.44071048,-0.42260242,-0.648906,-0.56866956,-0.6072595,-0.38930267,-0.39809003,-0.5154952,-0.35168794,-0.3969034,-0.43551207,-0.34033716,-0.52733415,-0.63410205,-0.0016410551,-0.42969573,-0.6274226,-0.587316,-0.4535245,0.5117649,-0.091028646,-0.6362388,-0.39869827,0.2839625,-0.13978872,0.49816164,0.15929069,0.74958396,-0.5282338,-0.14042923,0.44973978,-0.05718939,-0.53648674,0.729525,-0.06957806,0.6366951,0.46750784,0.705443,0.6792214,0.74842036,0.6274122,-0.5342773,0.43111932,-0.34219283,-0.4183975,-0.4414674,-0.3631928,-0.42038456,-0.43601507,-0.4210453,-0.47136268,-0.66669965,-0.48085386,-0.556486,-0.42218852,-0.6763443,-0.30619687,-0.56699014,-0.5731492,-0.5539983,-0.37038326,-0.4106422,-0.3627478,-0.6301042,-0.31693387,-0.5098525,-0.6556523,-0.6767173,-0.558713,-0.6484293,-0.59121454,0.37439483,-0.40293708,-0.2884861,0.90142685,0.86549306,0.62094784,-0.09823365,0.8176205,-0.42366713,0.6873013,-0.47551188,0.6212493,0.41992205,-0.4052827,-0.49792838,0.22809052,-0.3022229,0.53949,0.75312805,0.7590335,-0.5422569,-0.3559854
-0.5295159,-0.5802567,-0.48204154,-0.48762542,-0.46806407,-0.5040515,-0.58771896,-0.53756297,-0.52559835,-0.6219762,-0.48383212,-0.54492867,-0.32069358,-0.35841006,-0.4910379,-0.45852765,-0.38947827,-0.5370142,-0.39797756,-0.6601113,-0.720182,0.009802426,-0.47309402,-0.65530014,-0.49558574,-0.40287274,0.46035105,-0.10874362,-0.705593,-0.37654346,0.40262792,-0.13061063,0.43430442,0.06838216,0.78132224,-0.65157604,-0.2389566,0.48325288,-0.03897388,-0.53296864,0.73718274,0.050905257,0.73978496,0.51249397,0.72206676,0.7094461,0.7658562,0.6394303,-0.6622274,0.3895165,-0.41341105,-0.51676214,-0.5351565,-0.4586811,-0.52283394,-0.54326487,-0.5140908,-0.58032537,-0.6254812,-0.38525075,-0.49765438,-0.34878597,-0.6866305,-0.2606866,-0.5948152,-0.57502127,-0.65567046,-0.3555256,-0.50556016,-0.4566197,-0.71835786,-0.33144772,-0.5659238,-0.7034955,-0.68181145,-0.5027501,-0.72325975,-0.6048276,0.4871018,-0.42893058,-0.31098688,0.86549306,0.91973215,0.6371963,-0.19157308,0.8131964,-0.50877863,0.69937384,-0.5825108,0.6187925,0.4331387,-0.38386708,-0.4974226,0.38579437,-0.23339716,0.5982847,0.7837973,0.7796307,-0.6627629,-0.4744475
-0.17032225,-0.2556186,-0.24560317,-0.06583207,-0.11876209,-0.29974416,-0.24046919,-0.2825043,-0.32795078,-0.16494654,-0.10007938,-0.1575265,-0.065505765,-0.17256185,-0.24331313,-0.031499468,-0.14678046,-0.054427773,0.06290357,-0.28052223,-0.2846359,0.50997317,0.08355685,-0.20648265,-0.10867305,0.11978399,0.05048644,-0.1217147,-0.34546107,0.06983186,-0.0043353382,-0.0017504441,0.51477486,0.55350137,0.5149648,-0.32195964,-0.25722322,0.26029396,0.41853166,-0.042167373,0.26084286,0.37090814,0.55742806,-0.0276107,0.22186238,0.17685263,0.29679137,0.12932128,-0.3199698,-0.15101656,-0.11332889,-0.26172727,-0.14315194,-0.085925505,-0.2869501,-0.2975582,-0.19791183,-0.37252343,-0.16246769,-0.17831248,-0.1858708,-0.20842205,-0.4189138,-0.2506664,-0.41332626,-0.32406598,-0.20228814,-0.20314988,0.09040321,0.10394645,-0.36301437,0.23890837,-0.014421138,-0.2559313,-0.33356506,-0.009046531,-0.35410345,-0.15389599,0.06786362,-0.20799571,0.06694942,0.62094784,0.6371963,0.91281295,-0.05472424,0.78911847,-0.1882141,0.5708616,-0.19310229,0.20019427,0.33795232,-0.12139647,-0.0028678188,0.36110884,0.31658542,0.11708447,0.29722425,0.34018078,-0.21490076,-0.24403389
-0.1641132,-0.051908664,-0.001801955,-0.14170875,-0.09476933,0.062272143,0.15355083,-0.028111385,0.13288552,0.4246547,0.26794323,0.35408753,0.12195802,0.4797797,0.54440343,-0.13539991,0.44694936,-0.061407194,0.39240938,0.5841801,0.5517902,0.076746166,0.30326787,0.6099667,0.30696833,0.3375196,0.2088666,0.66318643,0.6481631,0.52963454,-0.3862967,-0.35252005,-0.46618164,0.2865885,-0.28638947,0.51576674,0.7797489,-0.40131468,0.012351282,0.4141271,-0.24989873,-0.27015066,-0.4826357,-0.28986603,-0.29508674,-0.27555728,-0.32930955,-0.21170244,0.12339062,-0.0076330276,-0.22894154,-0.08830695,-0.098315865,-0.13719603,0.07280643,0.089690104,-0.13655451,0.13950585,0.33060074,0.1702536,0.2154243,-0.0027485937,0.35953292,0.19167012,0.5083821,0.56149864,0.10287455,0.26483712,0.3531381,-0.007970584,0.61797345,0.24028882,0.2343493,0.521119,0.5506055,0.34953642,0.62724674,0.5917187,-0.34877598,-0.10106099,0.76399004,-0.09823365,-0.19157308,-0.05472424,0.884106,-0.10664012,0.7344965,0.2561552,0.58384746,0.2504395,-0.19342357,-0.10967836,0.41433054,-0.24007468,0.15301564,-0.25291765,-0.16198267,-0.07638933,0.11879451,0.5083124
-0.3693851,-0.41250736,-0.34306782,-0.2680886,-0.25705913,-0.38371074,-0.41321862,-0.39920384,-0.41187188,-0.48142642,-0.40874267,-0.45546126,-0.28951493,-0.32890174,-0.42799366,-0.22869274,-0.31261942,-0.2805193,-0.17450216,-0.44814807,-0.5063531,0.23058602,-0.2205123,-0.47830212,-0.4063953,-0.21724764,0.3107825,-0.123292536,-0.5422788,-0.20850451,0.15668383,-0.08478573,0.5234223,0.36560225,0.6856754,-0.47494334,-0.21892747,0.39040697,0.16417272,-0.34351468,0.55771923,0.13129334,0.63390446,0.25715554,0.5224817,0.48357165,0.57544625,0.42521104,-0.4783901,0.17971788,-0.25685218,-0.3707593,-0.32847154,-0.2529287,-0.3866756,-0.41079307,-0.3448046,-0.46570095,-0.49462086,-0.39225963,-0.44804716,-0.38532108,-0.60833037,-0.3003911,-0.5267311,-0.4909503,-0.43735152,-0.32058758,-0.19336021,-0.15492989,-0.53934616,-0.086325385,-0.3102261,-0.523478,-0.5630732,-0.35284173,-0.5480027,-0.42855817,0.23831874,-0.34873807,-0.142684,0.8176205,0.8131964,0.78911847,-0.10664012,0.8845136,-0.35519758,0.67526466,-0.38233262,0.43501914,0.4144136,-0.29341054,-0.31060714,0.28281677,-0.04824528,0.366961,0.5709444,0.60074794,-0.43363926,-0.34716085
0.26462108,0.34258288,0.33630395,0.24695286,0.26341498,0.3738917,0.51382816,0.32428354,0.4241534,0.6842484,0.4924696,0.52214885,0.24295846,0.44312286,0.5659045,0.2483873,0.40201056,0.31703758,0.42951712,0.77986264,0.7400143,0.10049123,0.46816924,0.8000213,0.54063857,0.5334712,-0.19072989,0.43413422,0.8128357,0.5943297,-0.5369768,-0.061851878,-0.42001125,0.28109524,-0.63881093,0.7888977,0.69721234,-0.3995667,0.26366216,0.70257705,-0.6207957,-0.06983456,-0.7007954,-0.59305835,-0.6779003,-0.6592281,-0.6970105,-0.59729123,0.48069614,-0.25891277,0.1664271,0.28008848,0.2998883,0.23217568,0.40687472,0.40776533,0.2472158,0.44998705,0.6066197,0.2578826,0.35785225,0.092182755,0.5231984,0.0999084,0.5177429,0.58820903,0.51116973,0.21091457,0.5852183,0.33401978,0.7797543,0.3555774,0.43729013,0.81564176,0.67709327,0.55535376,0.7990031,0.724054,-0.5200038,0.27446473,0.7864987,-0.42366713,-0.50877863,-0.1882141,0.7344965,-0.35519758,0.9072336,-0.08164115,0.8482448,-0.09308236,-0.18338373,0.26623657,0.6948774,-0.26371157,0.34605426,-0.5848441,-0.57071567,-0.49112844,0.5137341,0.7436112
-0.5607722,-0.5974045,-0.4995032,-0.5130089,-0.49314952,-0.4949571,-0.4981581,-0.56468654,-0.4802824,-0.2662725,-0.18878904,-0.19225782,-0.083306044,0.021138398,-0.08596247,-0.5008138,-0.016193569,-0.51574016,-0.04820388,-0.28407657,-0.33376646,0.2022616,-0.15293086,-0.21909697,-0.19064626,-0.07243861,0.46801263,0.2690224,-0.28893733,0.025721176,0.1621922,-0.33070174,0.13629463,0.28609022,0.5827831,-0.3560179,0.13261792,0.1441576,0.03364075,-0.21756844,0.4882736,0.00014272332,0.47007683,0.26948822,0.47840497,0.4491554,0.4865643,0.43532023,-0.54547536,0.21549003,-0.52293485,-0.57634616,-0.56286454,-0.4989689,-0.50240684,-0.50810254,-0.5797546,-0.5221222,-0.29386312,-0.12807325,-0.2033275,-0.18531103,-0.3687818,-0.055783123,-0.22295803,-0.16070418,-0.5521395,-0.082626574,-0.22103307,-0.3767984,-0.3177688,-0.040900625,-0.27963305,-0.34752148,-0.2555061,-0.15557754,-0.31505236,-0.16682033,0.25282973,-0.4758829,0.16217954,0.6873013,0.69937384,0.5708616,0.2561552,0.67526466,-0.08164115,0.8180701,-0.23593402,0.5995478,0.22417344,-0.40137824,-0.1788151,0.26098362,0.014466051,0.3981572,0.5824949,0.63312304,-0.541743,-0.20732467
0.48642403,0.585907,0.56467605,0.4937873,0.522784,0.58701205,0.7115632,0.55708456,0.6152015,0.6525934,0.41905028,0.42813444,0.15350547,0.2652281,0.4211031,0.51997256,0.26760888,0.56916296,0.42004508,0.8407936,0.7673613,0.08742408,0.49072272,0.75930905,0.462729,0.4849764,-0.34234563,0.21533489,0.79310524,0.49696028,-0.6510055,0.117989585,-0.22069743,0.36047053,-0.7223501,0.8946166,0.5890403,-0.32585868,0.35473585,0.7236328,-0.6824976,-0.05181379,-0.77164286,-0.7032405,-0.77905697,-0.76033324,-0.7582665,-0.70414984,0.6879364,-0.3055589,0.41933352,0.52597576,0.55756164,0.47786903,0.6137942,0.6122992,0.5038433,0.63779885,0.57936025,0.1184596,0.27296376,0.010847103,0.4936693,-0.04974728,0.42239,0.4625256,0.7283881,0.094299994,0.7053238,0.55752385,0.78104436,0.36174384,0.49747416,0.8481952,0.5930419,0.4966526,0.7909223,0.6529949,-0.6442292,0.44819468,0.6809403,-0.47551188,-0.5825108,-0.19310229,0.58384746,-0.38233262,0.8482448,-0.23593402,0.93958426,-0.2476927,-0.10941378,0.39712182,0.7055059,-0.36775613,0.32011318,-0.72200704,-0.7065238,-0.6350132,0.73361194,0.83580935
-0.58434665,-0.48916405,-0.31074464,-0.56956565,-0.45755917,-0.27775198,-0.3890043,-0.39044964,-0.25959945,-0.49521834,-0.47557643,-0.5012561,-0.4035272,-0.21094935,-0.28591728,-0.52397,-0.3100904,-0.6078523,-0.43519473,-0.32188338,-0.46143472,-0.37744808,-0.5703845,-0.40716296,-0.44675666,-0.46432313,0.6474366,0.19356439,-0.3497172,-0.31646976,0.2590849,-0.24010694,0.073136106,-0.13578121,0.4593823,-0.25756225,0.28740567,0.33920842,-0.22681847,-0.39965773,0.63036025,-0.32612187,0.28686982,0.46627784,0.63121676,0.6245391,0.6165871,0.5783442,-0.49585074,0.61673796,-0.4428063,-0.40613782,-0.5368581,-0.5157543,-0.2968626,-0.31946647,-0.48377326,-0.29742607,-0.55699635,-0.4137903,-0.513542,-0.45295575,-0.44976893,-0.21481521,-0.31748703,-0.3308854,-0.565382,-0.32760823,-0.5085299,-0.6106672,-0.36623448,-0.5404501,-0.65763044,-0.4255486,-0.4424988,-0.5156051,-0.36844802,-0.41681403,0.3543164,-0.336267,-0.07865448,0.6212493,0.6187925,0.20019427,0.2504395,0.43501914,-0.09308236,0.5995478,-0.2476927,0.8858162,0.36166734,-0.35922462,-0.37088597,0.09891772,-0.4829641,0.4890674,0.7103909,0.69840276,-0.56297857,-0.08926451
0.13205475,0.11129309,0.17025393,0.10784587,0.10295742,0.12193255,0.091976546,0.13621971,0.094501674,-0.30864677,-0.28710216,-0.51984686,-0.45400155,-0.58938575,-0.57137215,0.15301284,-0.7806138,0.007932448,-0.6587603,-0.38732076,-0.4979572,-0.3195848,-0.50765675,-0.4086471,-0.1990372,-0.2637834,-0.091729686,-0.5157917,-0.4367934,-0.37492275,0.17003816,0.5318038,0.5497292,-0.12958501,0.12805974,-0.10924061,-0.19888687,0.8070551,0.43311507,-0.053213514,0.22590743,0.31337482,0.32489103,0.042716872,0.17948501,0.1871607,0.271069,0.04569587,-0.14737374,0.21269146,0.31151462,0.16775715,0.13011396,0.124948174,0.14615646,0.07775949,0.15381885,0.0571594,-0.34954795,-0.5651587,-0.6151264,-0.58110875,-0.546684,-0.693123,-0.7283988,-0.670269,-0.0137551045,-0.8053428,-0.25277185,-0.041877147,-0.477207,-0.47266167,-0.5569752,-0.20632772,-0.641468,-0.35863847,-0.4556136,-0.4904397,0.28852376,0.38512224,-0.24898261,0.41992205,0.4331387,0.33795232,-0.19342357,0.4144136,-0.18338373,0.22417344,-0.10941378,0.36166734,0.89422417,0.39815778,-0.025250224,0.4339398,-0.13269377,0.05426814,0.25947773,0.18090215,-0.09010337,0.022004388
0.71471727,0.6489967,0.5607647,0.60307467,0.5321127,0.52247673,0.61329937,0.5998142,0.50545514,0.4253604,0.37972772,0.18749818,0.04803803,-0.12886721,-0.0004070485,0.6114883,-0.31085083,0.5496111,-0.19369361,0.17435692,0.19861141,-0.117309764,0.079020016,0.2904765,0.45867538,0.32664353,-0.7041708,-0.43800765,0.22877094,0.13303335,-0.14025903,0.75322014,0.1710141,-0.13794768,-0.60725594,0.42912763,-0.1213533,0.31103098,0.6229347,0.5709014,-0.58806014,0.5518955,-0.2555552,-0.50822145,-0.6044835,-0.5892259,-0.5534038,-0.68190235,0.44017267,-0.3561421,0.7448714,0.62249017,0.6575818,0.5678618,0.5786923,0.5200155,0.6280017,0.5142471,0.40965325,-0.008656088,0.041695524,-0.07311189,0.15149677,-0.37665123,-0.14108506,-0.056754213,0.61814773,-0.3771139,0.28350306,0.45522732,0.17972127,0.021307783,0.10142568,0.49577636,0.09677036,0.32036448,0.22665167,0.18363655,-0.12332072,0.84501797,0.08201052,-0.4052827,-0.38386708,-0.12139647,-0.10967836,-0.29341054,0.26623657,-0.40137824,0.39712182,-0.35922462,0.39815778,0.9084677,0.5486201,0.2792883,0.33200616,-0.5420863,-0.57444537,-0.63715565,0.53458387,0.36965686
0.44059223,0.42209113,0.35505593,0.40092516,0.31563234,0.35707694,0.5606842,0.37716037,0.39120597,0.84599,0.72945225,0.6638584,0.3387913,0.35937518,0.4932222,0.40356168,0.28349382,0.46509176,0.36815512,0.5604464,0.63272977,0.3104198,0.53146803,0.8136678,0.8019829,0.80032736,-0.60057104,0.110790186,0.6835761,0.6817378,-0.5027882,0.1835179,-0.2625043,0.30331826,-0.67227644,0.6459389,0.24818783,-0.24610773,0.658149,0.9415723,-0.815644,0.42649168,-0.48903686,-0.8027134,-0.83512956,-0.84907997,-0.8309878,-0.86447424,0.41955107,-0.6508739,0.34276265,0.3490498,0.43669128,0.33741587,0.41507667,0.4049978,0.36389536,0.40272653,0.8048505,0.360074,0.4489984,0.111130655,0.4714159,-0.02656201,0.3130268,0.4565308,0.59405255,0.09328206,0.6401161,0.4928146,0.61235607,0.5037363,0.4936403,0.86628145,0.6251764,0.79278934,0.6744203,0.7354764,-0.48339045,0.45033544,0.70134026,-0.49792838,-0.4974226,-0.0028678188,0.41433054,-0.31060714,0.6948774,-0.1788151,0.7055059,-0.37088597,-0.025250224,0.5486201,0.94628775,0.07824224,0.6928103,-0.74715066,-0.739306,-0.70469123,0.5385886,0.51769423
-0.10661318,-0.35151586,-0.4023056,-0.23402786,-0.3621927,-0.4390301,-0.3715809,-0.37634528,-0.44032228,0.004382817,0.20996591,0.040397804,0.11976123,-0.04128436,-0.10739419,-0.28573006,-0.26383132,-0.32436585,-0.3716985,-0.57505435,-0.45309752,0.11022842,-0.21807383,-0.20531502,0.2741359,0.17467517,-0.19017342,-0.20691727,-0.38278243,0.02357021,0.47985685,0.27176553,0.1367048,-0.21655712,0.24438292,-0.4672066,-0.384039,0.43023828,0.40643215,0.049645342,0.068283245,0.6906642,0.58741915,0.12876534,0.17770472,0.13823162,0.16076177,0.02767894,-0.49317592,-0.17095715,-0.08904858,-0.34105462,-0.29168952,-0.26184225,-0.37605897,-0.4469222,-0.3109195,-0.4656232,0.036553442,0.107650444,-0.02553961,-0.009223396,-0.29274988,-0.16532704,-0.40428686,-0.2585665,-0.368687,-0.26807716,-0.34662867,-0.2738912,-0.4726768,-0.08459461,-0.3119828,-0.21474588,-0.25467512,0.11770603,-0.40004504,-0.16625762,0.52509207,0.04944168,-0.12469742,0.22809052,0.38579437,0.36110884,-0.24007468,0.28281677,-0.26371157,0.26098362,-0.36775613,0.09891772,0.4339398,0.2792883,0.07824224,0.89893514,0.33208293,0.23879811,0.21463344,0.16507751,-0.4282971,-0.37521005
0.25819302,0.08808808,-0.052560218,0.23422143,0.075202115,-0.08753126,0.14162181,-0.008886365,-0.0681296,0.72048706,0.7375417,0.70397973,0.5003833,0.4424147,0.4840116,0.18668352,0.3933108,0.28602087,0.48802269,0.2515414,0.43221623,0.6951646,0.65141,0.6080264,0.7674787,0.86751914,-0.5398916,0.11156553,0.4091174,0.7238096,-0.2555765,0.079933934,-0.13909724,0.42062527,-0.2664877,0.18372989,-0.10418016,-0.27150083,0.6238232,0.6945689,-0.6341848,0.6797699,-0.04326253,-0.57708263,-0.5827811,-0.62575233,-0.59443104,-0.6281385,0.11317741,-0.7906801,0.119573,-0.007947475,0.16985303,0.155607,-0.016534543,-0.0244532,0.06815383,-0.0606116,0.74150324,0.5281328,0.56223357,0.30586308,0.33223224,0.14754283,0.2503811,0.41972554,0.2775774,0.26967505,0.53877294,0.41300952,0.3516164,0.7280295,0.5817374,0.53483576,0.5265861,0.8308768,0.41320693,0.65139246,-0.27168852,0.14625415,0.52139044,-0.3022229,-0.23339716,0.31658542,0.15301564,-0.04824528,0.34605426,0.014466051,0.32011318,-0.4829641,-0.13269377,0.33200616,0.6928103,0.33208293,0.9219785,-0.45480186,-0.5298488,-0.47012964,0.2494249,0.06753812
-0.5816871,-0.70582175,-0.6509582,-0.6411584,-0.59989625,-0.64735115,-0.79414105,-0.678537,-0.66388977,-0.64095414,-0.4441278,-0.4255674,-0.12076083,-0.11187363,-0.28483802,-0.6887806,-0.14817736,-0.73229915,-0.35447815,-0.6473139,-0.66156745,-0.18064535,-0.50146127,-0.6745343,-0.5053177,-0.5483357,0.62124515,0.10188394,-0.64184463,-0.45878676,0.67939854,-0.26284748,0.08051483,-0.33945525,0.7265321,-0.7571031,-0.16546777,0.22604445,-0.5326754,-0.76433116,0.7717874,-0.18164396,0.632273,0.8637027,0.850683,0.84191597,0.79572463,0.846212,-0.63556945,0.5669193,-0.56390715,-0.647991,-0.71216106,-0.5902927,-0.6759007,-0.69278526,-0.66394293,-0.68050694,-0.60467803,-0.114099815,-0.26738778,0.019947872,-0.46227843,0.10972239,-0.27562392,-0.32998323,-0.8055892,-0.016839253,-0.7519735,-0.71043,-0.63161623,-0.4267003,-0.54673594,-0.7970189,-0.49291933,-0.54783833,-0.6508105,-0.58619475,0.68124366,-0.5504457,-0.49794102,0.53949,0.5982847,0.11708447,-0.25291765,0.366961,-0.5848441,0.3981572,-0.72200704,0.4890674,0.05426814,-0.5420863,-0.74715066,0.23879811,-0.45480186,0.9061671,0.8018799,0.7904495,-0.7524772,-0.56327003
-0.69668937,-0.70622814,-0.5826184,-0.6737766,-0.60975707,-0.57875454,-0.73055553,-0.63398564,-0.5863282,-0.76546705,-0.6140375,-0.6070751,-0.3512429,-0.2735499,-0.43271518,-0.6646489,-0.30447882,-0.7400696,-0.45271322,-0.6741893,-0.73828423,-0.2316454,-0.61163104,-0.73801816,-0.6412735,-0.62651634,0.7217591,0.050654203,-0.70300615,-0.514166,0.55431545,-0.2863118,0.22401467,-0.21038644,0.8072915,-0.716481,-0.12169618,0.36741102,-0.42763412,-0.7654561,0.89512897,-0.2505357,0.660631,0.7761463,0.9318759,0.92132115,0.915757,0.88533497,-0.7264965,0.6408982,-0.5815071,-0.62155306,-0.70837677,-0.62272656,-0.6172217,-0.6233252,-0.65061927,-0.626266,-0.75907207,-0.34916058,-0.4970794,-0.27269635,-0.61543477,-0.07060669,-0.42850858,-0.47476947,-0.8307001,-0.21116848,-0.73288774,-0.7147216,-0.69212437,-0.52203155,-0.6741353,-0.83146745,-0.6386945,-0.6717881,-0.71272707,-0.66947895,0.60011274,-0.57025945,-0.44247067,0.75312805,0.7837973,0.29722425,-0.16198267,0.5709444,-0.57071567,0.5824949,-0.7065238,0.7103909,0.25947773,-0.57444537,-0.739306,0.21463344,-0.5298488,0.8018799,0.9485007,0.9004381,-0.81025124,-0.54690737
-0.710168,-0.7367069,-0.622401,-0.6748177,-0.60848176,-0.61414534,-0.74857354,-0.6802069,-0.62104213,-0.7064705,-0.5739052,-0.5466295,-0.29460385,-0.1965562,-0.35199207,-0.6779037,-0.2023393,-0.72911394,-0.3236455,-0.5794574,-0.64165777,-0.13225406,-0.5042244,-0.65582913,-0.62022567,-0.5646995,0.75080824,0.14908823,-0.6179589,-0.4312297,0.48506516,-0.36110914,0.18576837,-0.09165391,0.8142285,-0.6746609,-0.041223925,0.2758866,-0.4407307,-0.73533607,0.86526805,-0.27637342,0.62858415,0.74913067,0.89098185,0.87596107,0.8652867,0.86285996,-0.68046534,0.61635673,-0.6260125,-0.66581154,-0.7281916,-0.62210965,-0.65350914,-0.65803707,-0.6885551,-0.6558572,-0.7095771,-0.30389416,-0.43484917,-0.22284085,-0.5790676,-0.021416172,-0.34631032,-0.3931717,-0.8123797,-0.12333807,-0.6442413,-0.67214143,-0.6072116,-0.41374034,-0.57460564,-0.7804015,-0.55624604,-0.61184764,-0.63251567,-0.5840588,0.53688455,-0.63598365,-0.3500021,0.7590335,0.7796307,0.34018078,-0.07638933,0.60074794,-0.49112844,0.63312304,-0.6350132,0.69840276,0.18090215,-0.63715565,-0.70469123,0.16507751,-0.47012964,0.7904495,0.9004381,0.9251073,-0.7695094,-0.48607588
0.7948642,0.867877,0.7949092,0.8091576,0.8281758,0.77318764,0.85031164,0.8076739,0.7527465,0.4977533,0.29559457,0.27031395,0.092986606,0.007214941,0.16477826,0.84228766,0.061520323,0.8628792,0.34130713,0.69950426,0.6394731,0.079987876,0.46908435,0.5255432,0.30351514,0.33879688,-0.5768117,-0.19322342,0.56931925,0.2604626,-0.61046827,0.39851493,0.07595144,0.32613635,-0.70409554,0.7775687,0.1899117,-0.18295613,0.3732984,0.5758051,-0.66907704,0.053833134,-0.6719414,-0.6792978,-0.78692883,-0.758642,-0.71618766,-0.7187089,0.8960352,-0.35939717,0.7457371,0.8136791,0.86387956,0.79564214,0.78956676,0.7816365,0.8235401,0.7771503,0.46646446,0.0010878439,0.18867007,0.046053074,0.39905506,-0.17296718,0.2361784,0.22466391,0.9294224,-0.019809667,0.7192582,0.8071152,0.59795713,0.33641902,0.54281086,0.6901159,0.38070464,0.3502355,0.581982,0.4217043,-0.64738667,0.63972735,0.29530722,-0.5422569,-0.6627629,-0.21490076,0.11879451,-0.43363926,0.5137341,-0.541743,0.73361194,-0.56297857,-0.09010337,0.53458387,0.5385886,-0.4282971,0.2494249,-0.7524772,-0.81025124,-0.7695094,0.95302343,0.67733854
0.4749362,0.5844143,0.59656155,0.45255798,0.52925825,0.6144963,0.67692244,0.5703634,0.63322616,0.44978306,0.21879724,0.21182513,0.01495485,0.1097696,0.2440379,0.4835968,0.07651301,0.4844219,0.20177442,0.72485447,0.58729404,-0.14397013,0.25449884,0.5513315,0.25878817,0.23840527,-0.20588562,0.13960099,0.6254995,0.2597799,-0.5053347,0.18101442,-0.11753991,0.20468679,-0.6370818,0.83452266,0.5968734,-0.1591621,0.22569397,0.5362602,-0.49935338,-0.16888353,-0.71144354,-0.5131053,-0.5979173,-0.5742247,-0.57518077,-0.5236028,0.6617031,-0.07647825,0.4460494,0.5518413,0.52975374,0.4600426,0.63916826,0.61775297,0.49912694,0.65002126,0.37336653,-0.052311514,0.085310705,-0.084005155,0.33881488,-0.16132575,0.26732472,0.2776919,0.6588861,-0.06671929,0.5079624,0.4301484,0.62521553,0.10593815,0.27223766,0.6847815,0.38850737,0.2595784,0.627009,0.4252007,-0.49173975,0.4690198,0.4962825,-0.3559854,-0.4744475,-0.24403389,0.5083124,-0.34716085,0.7436112,-0.20732467,0.83580935,-0.08926451,0.022004388,0.36965686,0.51769423,-0.37521005,0.06753812,-0.56327003,-0.54690737,-0.48607588,0.67733854,0.864506
